4424 6642
1886 2372 2627 3756
81 1696
1614 2454 3237 3595
999 1261 1680 2426
2133 2394 3368
827 2505
795 3225
65 735 2980
3847 4086
372 1189
3233 3246
2205 3197
500 1323 3573
1151 2439 2521 2789 3300 3589 3665
1172 2534 3729 4195
1671 3427
510 1402 1708 2214 3254
136 2571
305 4231
133 1072 1170 2193 2715 3409 4347
8 2924 4007
282 300
878 1156 2830 3026
276 1052 3021
776 1350 2467 4406
1552 1733 3566 4275
1276 1337 1958 2575 4300
2610 2805 3350 4209
133 1730 1737
2530 2979 3084 4242
609 1361 3211 3889 3969
69 1744 2148 2341 2553 3294 4213
2292 3673
2220 2964 3386
72 823 3549
156 1381 4293
1370 1979 2401
1816 3708
2791 4135
285 734 3559 3565
712 4052
791 2304 3967
443 1346 2589
612 2582
401 720 1814 2645 3825
2003 2254
1337 4068
1817 3408
2438 3072 3949
1873 2988
12 630 4245
1200 2690 4385
513 2521 2985
2787 3110
3435 3769
14 3603
129 1087 1688
3694 3788
496 3291
1312 2578 4171
333 3069
370 917
1835 2046 2059
528 859
501 627 2838 3404
23 309 3585
3090 4406
707 2245 3021
618 2847 3906
227 1940 4061 4190 4307
307 2250
1026 3121
2057 4313 4359
24 1620 2853 3000 3532
321 1484
2124 2475
696 3380
1122 4047
91 298 911 2250 4007
617 2537 2835 3038
265 1372 1795
51 164 3290 3961
1134 1878 2087 2443 4157
2414 3866
2347 3343
1310 1711 3932
161 2345 3842 4100 4400
443 3424 3676
2040 2449 3124 4287
1102 1947 2670 4281
111 1201 1756 2498 3459
1261 2588
1908 2112 2520 3406
2302 3273
649 4107
124 1588
38 3012 3172
1012 3848
1296 1895 3577
228 2624 3940
1726 3794
337 906
256 260 1317 3401
2518 2596 4258
329 3706
257 2525 3090
2357 2916 3460
531 1902 2429 4419
2789 3424 4096
708 2094 4334
141 1811
1639 4286
82 1586
30 3356 4243 4250
3085 4017
204 2909 3834
1212 4308 4338
1542 4060
201 487 2252 2395 3284
483 2029
963 3257 4361
151 1380 2365 3737
538 1742
1398 2052
121 399
4078 4140
576 2938
1394 1826 2142 2197 3025 3261
2002 2045 3751
159 2118
320 2833 3406 3421
3017 3222 3768
261 2161 3354
50 820 4047
619 3233
528 3566
559 2570
68 1189 1621 2294
398 1152 2311
312 863 2826 3703
930 1805
2037 4054
1914 3119 3679
189 3025 3649
1897 2876 3382 3504 4378
1580 1608
1487 2598
2472 2861 3797
2917 2939 3235
839 1545 3595
78 992 1659 3490
298 1518 3216 3517
1669 2434
2301 3304 4394
2109 3318
2331 3001 3250
391 651 2011 2468
1292 1711 2940
194 1008 3133
190 220 2112
1535 3978
176 2249 3137 3138 3801
561 616 2150 3386
2179 3675
1964 2328 3115
1906 2099 3850
2161 2673 3333
2006 3978
99 2006
676 2391
226 937 1075 3711
752 2568
1059 1563 4268
2537 2623 4268
1876 2103 2240 3977 4403
385 2867 3270 3393
3014 4394
1001 3073
1485 2263
209 718 1547 3343 4086
650 2411 4001
166 664 4215
345 2102 2129
489 1501
3023 3164 3388
1408 1459 4221
1729 3062
1574 2992
643 3602
1373 3051
983 2120 2450
1708 4091
560 626 2180 3648 4058 4391
471 2917 3973
1918 2985 3300
461 3145
2577 2767 4278
355 893 1531 3717
320 2719
690 1297 1419 1858
767 807 1308 1466
2135 3138
310 628 1566 3103
218 546 850 2965
1395 3347 3662
1229 3067
2338 3080
3435 3515 4154
1051 1740 4410
324 657 2898
1724 2512
810 1207
2366 2992
1612 4265
2198 2706 3533 4112
61 3401
514 574
994 1284 4147 4210
341 1771 2231 4240
747 2404
269 426 1078 2500 3060
1950 3634
836 3455
1226 1408 2290 2473
2141 2925 3093 3209
63 2078
191 509 1061 1515 2153
171 483 1852
233 3055 4253
3911 4332
226 2636
347 2197 2810
3842 3969
885 2311 2469 3842
2022 2969
2506 3367
1016 2413
560 1672
846 992 2624 3379
442 3574
212 2058 2702
475 1975
318 807 1203 1675 2764 3635
251 2539
2480 4290
1801 2639 4150 4366
863 2159 2481 2536 3113
397 4069
230 3073 4005
545 1848 3089 3340
338 2345 3971
755 2075 2098 2466
628 1181
729 1629 2219 4422
185 378
3054 4207
4064 4344
2445 2488 2883 4263
1498 1686 3653
276 819
1676 4056
1155 1910 1933 2975 3795
1864 3198 3910
2591 2848 3847
361 3311
1808 2154 2373 2944 3318 4372
1420 2714 2932
1739 2343 4344
2464 2938
1886 2060 2151
708 817 2281 4415
2899 3641
3195 3359
1025 2107 3042 4230
1067 1274 3439 3604
774 1328 1501
2209 2232
2825 3448 3582
70 2067 2446
202 1732
1120 1176 4332
347 745 1198 3724
452 2128
384 715 1332 4281
2223 3593 4396
542 1326
1486 1958 2525 2538 3290
557 985 2573
3062 3124 4374
1581 2722
152 580 4068
398 1259 3729
886 2954 3284
783 2520
554 2201 2825
1799 2113 2398 2786 3809 3904
1132 1688 2223
139 3049
912 1570 2026
585 1872
2964 3033
351 901
2022 3933
656 2246 2449 4386
524 2823 3909
2232 2566 4129
1933 2162 2676
1593 2042 2148 3256
2686 3300
503 555 2715
672 699 3937 4124
349 2489
233 2400
1687 2595 3241
1871 2763
2529 3801 4227
2530 4068
386 2392
2110 3886
1968 2284 2441 2564
754 4001
3605 4012
1634 3794 4335
221 1795
738 2376
1378 4288
1088 3689
857 1205 1690 2089 3317
1659 3077
1442 1733 2473 3886
718 1036 3092
502 2918 3244
1155 2466
664 1333 2259 4273
2145 4044
774 4354
583 1618 4380
537 2202 3541
2670 3121 4088
1762 2994 3027 3998
770 968 1822 2815
1450 2343 4090
3622 3898
155 871 2155
1540 1859 2966
472 1095
1285 2502 2509 3136 3425 4229 4310
335 4286
1527 4142
1206 1348 4103
1095 1468 2446
327 971 1677
489 913 3140 3571 3597
299 346 418 2422 2502 3039 3085 3670 4097
958 3057
555 2365
1086 3718 3859 3890
71 281 2027 2187 3053 3722
2626 3018
63 2989
3674 3991
1459 1868 2487 2557
387 2055 2537 2933
142 3013
357 1050 1150 1966
3878 4105
1703 3017
2120 2181
232 3878
950 1697 3539 3672
1635 4210
1515 1818
951 989 1546 2879
3334 3587 4366
159 169 2721 2940 3225
1315 1579
581 892
439 3607
916 1892 3427
552 1322 2544 2864
1181 4265
398 3882
771 2414
514 1655 3068 3385 3859
531 1479 1530 2305 4093 4193
407 953 2230 2439 3227
1512 1576 2653
1065 2758 2934
704 3797
1467 3410
198 1355 2168
2815 3383 4003
112 1470 1563 1599
1723 2122 2373 3973 4061
1540 2194 2744
1097 4149
1128 3953
276 1349 2525
868 2276 2823
110 1585 2636 4389
2765 4259
115 1283 1292
1244 2108
62 2415 2702 2871
932 963 3283
572 688 1474 3456 3830
724 3640
1982 2747
2833 3472
52 107 3379 3878 3936
1564 1791 2944 4240
898 3116
1051 3853
965 1937 2809 2901 3105
1218 2123 2238
369 3545 4077
996 1344 2041 2828
603 2847
113 2337 3033 3697 4139
1171 2989
2092 2726 4191
57 934
2030 3934 4368
1764 2094 2428 2464 2557 3924
1375 3864
894 4069
2220 2389
2199 2450 3345
284 966 2760 3616 4058
3829 4012
154 1169 1504 2988 3092 3343 3800 3832
1044 2378 3823
1278 3742 3899
991 1049 1882
433 1261 1326
1967 1980 3083
2003 2821 3538
57 3389
1118 1897 3964
857 1754 4055 4128
2540 4308
1355 2635
268 392 2136 2307
1482 1493
904 2190
122 850
2442 3781
447 2464 3937
221 2296 4414
2090 2334 3542 4150
850 2830
689 1667
3230 3336
2479 2714 4187
2785 3196
16 29 897 2996 3060
745 849 2133 2680 3904
623 2373 2584
401 817 3356
1297 2109 3198
1463 1873 3094 3509
132 936 2062 2619
605 1456
926 1941 3457 4408
481 542 781 2445 4066
2089 2745 4103
58 788 1779 3601 4397
317 836
364 1480 2359 3847
567 1885 3721
139 308 382 2274 3009 3249
1882 2900
2888 4253
523 2505 2841 3673
1937 2185
293 1544 2678
480 3892
2367 2697
3128 3812
2581 4181
1884 2019 2475 3283 3377 4042
1408 1685
2643 4013
1046 1173
1506 2555
202 2096 2761 3479
2709 3469 3499
634 3112
124 1923 2605
496 2194 3369 3550
2740 4327
340 1368
536 3344
1539 1633 2269 3757
330 495 1818 2052
248 1880 2695 3663 4327
1247 2911 3131
2029 4397
1012 1497
142 1464 4280
614 1889 2741 3171
300 3447
346 1504 3701
259 2329
1424 2916
2089 4408
1224 3780 4183 4316 4371
35 1987
812 1931 3759
811 1398 2839
877 2459 2466 3796 4149
667 1299
473 1673 3246 3386
878 2776
3074 4041
626 698 776 1506
1640 3748
689 3752
1176 2648 3170
1950 2478 4263
2577 3497 3555 3947
2201 4376
541 1220 4202
3197 4408
23 708 2759 3946
307 1073 2133
2149 4358
47 2169
437 1437
54 1997
640 2460
1371 1970
348 1437 2777
280 1246 1943 4046
777 918 1095 2078 3385
1407 1545
95 890 2793 3007 3861
787 1760 2220 2945
1424 2844
1349 1680 2689
1563 1896
436 816 3290 4057
436 3068
2341 2880
1724 3854
262 3526 3681 4390
449 3111
659 2434 4367
2876 3633
1085 3920
1666 3197 4158
649 2303 3284 3298 3390 4275
5 422 1210 4079 4160
1914 2659
1717 2732
1416 2044 2494
1250 2978
276 1057 2148 2457 2640 4088
478 1095 1790 3446
962 3496
1652 4147
276 2696 3349 3486
1576 2191 2574 2667 2759 3215
1131 2166 3596 3922
1710 3220 3881
1836 2977
804 1200 1776 3057
1443 1955 2432
1148 1524 1612 2581
118 1570 2159
2065 2199 2311
461 1138 2547
217 1293
1395 1976 4331
722 4219 4273
1633 3155 4037
1290 2059
1657 2438 4136 4211
165 845 2265 3620
2630 3462
3047 3168
1432 1438 3521
57 2479 2543
773 902
38 1605 2966
1134 1379
42 1119
325 465 3452 4064
697 733 1723 2113 2593 2741 3852
2022 2441
990 1972 2642 3007 3335
1353 1879 2563
353 1129
1152 1744 2609 4116
703 3096
675 1879
790 2404 2982 3460
345 1687
689 992 1203 1292 1803 3081 3742
2483 4010
332 2101 2434
1058 1651
123 931 1219 3207 4090
117 705 4027
2671 2700
483 717 2359
566 1214
2412 3879
1287 1429
180 1527
197 901 1827 2446
461 1225 1572 3312
175 913 1861 2860 3449
1536 3630
1734 1887 3924
575 3008 4307
958 2393
2044 2184 3951
480 894 1192
3253 4423
532 928 1855 3489
718 1726
158 1271 1516 1771 2742
980 3061
1734 3237
27 678 1388 2266 3448 3626 4063
2253 3582
1526 3204
1622 1782
1510 2878
396 635 1085 1255 2274
1596 2485 2618 4304
108 1286 1457 3604 4141
96 507 3280
681 4389
1268 2235 3339
466 2224
3505 4318
1164 2008 2197
2331 2806 2867 4098
1274 1473 2544 2726 3521
447 534 1754 3161 4213
801 3353 3464
746 2987
29 744 1535 2314 2931 3177 3594
130 2187 2303 2986 4017
1926 2198 2488 2918 4363
402 1695
355 2023 2385 3421 3539 3972 4203
3218 3772
193 487 4179
2580 3092
96 3032 4150
947 1348 2462 3563
383 3805
1001 2327 2653 3340
377 751 1735 1908 2427
662 1413 2564 3043
1794 2092
707 2617
2496 3547
102 630 1726
1549 2671 4108
3046 3574
780 1095 3159 3185
1607 1996
848 2360
320 2117 3342 3980
633 2555
415 979 2553 3676
174 4140 4169
398 1211 1400 3563
3297 4199
853 1741 1781 2343 2864 3946 4268
1772 2222 3801
601 3492
239 808 1325
180 2009 3273
2494 2822 3641
864 2144 3563 4176
1409 1757
12 1306 2632
3977 4294
772 1187 2067 3542
1254 3574
489 652 1015 1919 4039
312 1810 2316 3078 3218
172 1886
3993 4144 4289
383 837
2644 2720
2115 2411 2525 3745
184 1321
1393 1996 2064 3006
2060 2617 2880 3036 3502
965 1019 3359
924 2514 2535 2663 3311
1435 1529
304 920 1372
2422 3114
547 1345 1668 1750 2247 3162 3576
790 1601 1649 2621 2977
1411 4047
407 421 602 1063
142 945 1489 1668 2060 3162 3510 3594
1242 1988
1380 1856 3434 3656
58 67
639 2304 2848
71 249 276 425 1020 3050 3355 4138
3063 4411
1669 1868 4012
299 405 536 1396
432 2980
1015 1661 2169 2172 2808 4331
3311 3705 3731
2377 3414 3503 4380
3233 3834
1356 2603 3939 3957
635 1877
2127 3598 3910 4020 4044
274 4054
983 1568 3121
1366 1619 2781
1208 1897 2358 3860 4313
709 3403
39 850 1260 1296 2368
2797 4210
3473 3866
2130 2782
667 4156
260 635 3185 4419
2808 3961
1740 3691 3978 4236
45 106 2639 4064
1782 3267
1458 2012 3687
356 3188
647 2573
1243 4067
3011 3136
252 1792 2085 2450
1884 2626
189 3090
712 1470 1677 1970 4226
466 1482
268 1169 1571 3216
1844 3610 3756
31 534
907 2875 3720 4013 4274
1840 3131
1525 2728
2292 3271 3500 3603 4315
107 191 2570 3237
658 2276
65 308 1956
1140 1460 2025
2425 3582
553 2700
3492 4347
402 804 1649 4137
2053 4079
1806 3168 3180 4160
1907 3776
1016 1664 1906
1106 1576 3206 3914 4341
139 1133 2321 3926
1737 2429
230 2077
2824 3281
1846 4192
187 346 2907
589 1282
2936 2978 3444 3676
599 880 3120
1470 2340
2748 3043
582 892 1844 2663
789 1921 2920 3598
4117 4420
2175 2815 3601
2595 3006
8 847
2589 2690
696 2666 3850 4311
505 2884 3345
2581 3709 4045
1453 1567
102 485 1006 3004
1176 1913 2027 2726 3622 3710
2 546 2417 4066 4136
114 617
484 1292
832 978 2535 2621
316 3743 3861
2027 2983
1431 2351 4383
3060 4422
1272 3525
2219 3248
1166 1313 2790
333 1903 4017
712 3865 4275
208 1316 3047
438 690 768 2430
794 3506 4199
548 2139 2890
1893 2794 2830 4000
720 4219
2582 3072
2068 2800
990 1049 1092 1178 4263 4362
2468 2930
333 1692
1449 1796 2710 3401
362 1072 2096 2245
1671 2248 3198
1182 3328
225 2544
504 2754
1280 1761
684 3402
921 1010
479 971 2152
463 571 765 1402 2370
187 561 3124 3230 3634
16 271 3356
356 653 882 4120
782 2467
132 892 1891
130 3915
1629 1696 3869
1127 1855
2274 3474
154 1884 3269 3732
85 2426
941 2730 3107 4325
430 1303
2023 3929
3106 3502
12 1167 1847
2276 4173
1360 1675 2057 3269
1305 1621
3097 3766
1408 1712 2873
1125 3632
439 666
454 1460 1501 3685
1536 2850 4386
189 1544 2845 3020 3126 4329
2460 4257
1716 2680
3059 3742
90 100 2585
1946 2150
884 2035 3668
1612 1756
37 2563 4324
330 1069 2783
249 2630
1530 1562
226 3101 3929
2746 4274
535 810 911
508 3023
1461 2047 4063 4280
512 1409
2147 4417
1331 2661 3222
766 777 3289 3755 3799
1960 2237 3286
1970 2591 2965
868 4242 4408
1280 1632 3882
1300 2689
2215 2362 3138
53 436 1488 2053
147 997 4050
1167 2662
989 1064 1285 1550
1636 2905 4320
773 1394 2672
352 2815 3745
8 2139 3235 3675
577 767 3064 4339
1281 1540 3225
170 1614
1220 1832
1255 1412 2448 2673 2700 3761
3655 3675
1059 1284 1855
16 2230 2905 3807
437 1242 2098 2916
15 2160 2274 3983
1092 3997
1659 3587
84 1633 1892 3549 3930
2023 3708 4356
1275 1650 2248 2617
2431 2540 2770
2634 3183
1375 3589 4267
3225 3769
700 1740 2881
623 1921 2728 2759 2859
1284 1874 3254
1337 2866
1970 2391 4333
1432 4393
287 468 1593
1822 1839 3198
901 2207 2414 3522
946 2127 2228 2565 2876
1577 2308 2529 3694
180 1742 3731
69 1095 3160 3429
2298 4237
767 2650
948 1661 4016
2496 2723 2810
1260 1423 1757 2512 2933 4070
111 511 2865 3157
989 1185 3575
875 3524 3833
1662 1929 3836
1062 3754 3935 4141
764 1514 3172
831 948 1272
824 836 1283 3236 3465 3756 3888
413 473 1412 4199
2942 4022
1337 4416
1413 3959
576 662 2958
1664 2228 4330
1527 2216
2089 2520 2540 2648 3347
929 1491
580 4207
184 730 2157 2421 3242
1098 3841
980 4280
1262 3339 3894
646 3623
27 462 3380
1 259 608 618 1415 4163
652 1376 1527
347 3991
243 3060
157 2547 3647
2921 4183
219 1551 1892 3584 4159
1450 2429
441 1940
394 4293
2673 3479
206 685 2367 2727 3588
1203 2203 2473
70 900 1835 4246
20 990 1986 3726
172 931 1180 1617 3401
245 2146 3751
2915 3209 4032
347 894 2546
584 893 963 2807
784 790 3397
1868 2432
713 2215 2603
1024 3810
1181 2736 3534
1627 2291 2383 2439 4156
1156 2819 3220 3480
341 1163 1550 2126 2399 2520 2546
2072 3275
1360 1834 1981 4331
448 1404 2465
33 675 775
2702 3488
4084 4099
1373 2458 3464
2696 3127 3358
1805 2203 2254 2625
2066 2576 3843 4292
104 3278 3458 3532
271 373 1994
1776 4343
2076 2794 3088 4105
1697 2875 3377 3693
598 2689
2225 3700
2544 2837
2258 2965 3989 4095
322 607
1187 2484 4348
680 2845
728 1086 1495 3282 3522 4091
987 1769
1711 3119
777 936 1911 2413
1870 2439 2823
2391 2561
1449 1633
687 1948 2564
394 752
3119 3153
147 2060
88 1986 2425
2482 3603
1407 3274 4167
250 4233
69 453 1588 1607 2251
2395 3847
1885 3646 4356
2735 4270
299 2845
846 3248
1149 2048 3517 3809
319 2067
1797 3930
91 121 1673 3815 4294
305 3148
148 331 4268
3128 3694 4180
848 1072 1127 1141 2198 3961
997 3227 3816 4270
39 1438
971 1245 2391 3135 3777
1041 4424
10 453
1154 2225
2422 2762 3972 3997
3172 3822 4027
1099 2334
2178 3534
1363 2802
48 1933 2303
212 2153 3188 4170
1418 2300 3961 3965
1210 4043
2594 2678
986 1493 3273 3722
608 2574 2663 2923
647 2805 3705
969 3873
423 3732 4217
1611 2901 3269 4128
284 1601 2044 2414
1661 3571 3651
1502 2293 3777
268 2665 3927
518 4093
62 2336
1774 2166 2596 3748 4421
2799 2832
1538 3167
643 1527 3484 3664
458 3073 4369
2992 4026
2463 4195
3055 4128
925 1109 1814 3505
2493 3182 3751
1298 1428 2457 3460
657 1342 2937
963 2920
489 542 801 4350
606 1816 3319
25 397
3943 3970 4182
159 994 3107 3841 3921
1124 2244
996 1346
1055 2063
281 1899
2657 2939 3101 3707
1211 2287 3535
995 1443 2833
210 265 684 956
17 567 1559
443 3132 3328
2571 4074
626 692 2166 2527
27 91 1546 3768
2832 4337
2924 3185
89 1941
1270 2408
640 2192
171 971 1807 2170 2921 3388 3751
117 791 3645
2015 2049 4341
149 3172 4398
1824 2888 3477
1334 4272
1425 3889
340 2345 3766
944 1593 2699 3462
2023 2923 3631
67 496 3803
1418 3731
1676 2559 3998
725 3009
991 2397
2667 3001
452 4095
569 1399 2195
499 2022
628 648 1137 1656 3171 3216
2719 3069 4144
1065 1805
820 1905 2006 4195
2701 3343
3067 4074 4200
134 2065 2936 3935
905 3390 4301
2646 3961 4014
913 2592 4179
103 1243
691 1328 4178
1985 2120 4094
479 766 3720
386 2212 2538
1636 3924
761 2342 2575
554 2428 2775 3322
2785 3047 3880
3312 3962
3712 3837
469 1620 2044 2356 2366 3089 3816 4172
3504 3999
349 4132
283 1285
2150 2891 3714 4178 4241
468 2278 3726 4036
1827 4283
1301 1491 2040 3339
830 959 2036 2523 4134
248 1071 1186 1863 2874 3503 3950
3004 3597
155 1324 1344 1494 3039
87 517 592 932 1755 2120 2540 2644 2874 3416
1283 1672 1951 4100
402 1249 1536 4098
987 1312 2115 2374 4388
1744 1952 2241
522 1614 1771
3339 3964
1913 2435 3470
3970 4034
2976 3962
65 791 2248
2166 2591 4001
1280 2666 3166 3475
2718 2815 3438 3975
1270 3466
1866 3963
219 1494 3794
431 3935 3950
167 1454 3140 3488
289 1348
1280 3969 4074
1168 3656
2216 3862
1291 2115 2351 2620 2714
815 2314
1705 2681 3977 4151
459 2425 3162
268 485 4101
426 3708
1319 3689
2785 4292
2208 2341 3565
1734 1838 3540 3729
551 1229 2736 3428
7 2761 3691
1639 2541
644 2197
1132 2629 3845
908 2932 4083
1236 4003 4151
688 1296 1739 4181
670 3175 3514
2094 2966
589 3154
570 1033 3702 3755
519 1047 1272 4062
2816 3886
667 2270 2883 3526
566 971 1495 2596
634 1245 2516
217 2278 4126
3321 4307
236 2042 2755
293 3385
252 722
226 4011 4421
2444 2480
1303 2058 4410
1538 2425 2451
3128 3543
1734 2665 2763 3776 4321
164 1699 2207
1282 1283 2262 2369
722 1156
226 651 4034
487 1143
1737 3307 4229 4299
1339 4042
1869 2847
1518 3686 3708 4096
4103 4107
2564 2894
176 1768 3275 4036
4016 4095
1641 1807 2896 3926
1392 1728 3520
457 3079 4046
336 2237 2626 3988
2255 3618
507 2111
1012 2034
1661 2161 3219 3775
680 1072 1525 3347
942 2882 3154
1259 1638
848 3635
322 3730 3949
644 678 1161
861 1769 2617 4201
725 3119
2345 2825
158 966 1961 4294
1073 1322 3319
384 1675 2490
2139 4253
897 2065 2467
1151 1317 2395 3077 3079 3615
1283 1619 2052 3886 4283
650 2768
1118 1208 3477
791 3079
883 1087 3972
2037 2345 2766
1218 1886 3916 3941 4022
924 3395 4345
2641 3795 3843 4106
1723 2291 3288 4090
654 2139 2994 3889 4366
471 961 1323 1786 1827 1899 4321
1849 3623 4032
979 1047 1363 1910
693 1852 2789 2861
188 930 1354 1482 2799 3530
352 2299
2357 2907
529 1642 1705 3627 4277
1509 1809 2915 4187
550 1037 2405 3301
452 2166
846 1076
3869 4328 4421
3535 3981
67 2559 3994
642 1394 4409
3609 3893
530 885 926 1704 2692 4131
727 736 2167 2333 3498 3818 4386
14 35 1982 2797 3583
263 330 1914 3545
1676 3612
5 133 845 2303 2434
1901 1963
197 724 751 3958 3986 4214
65 2459 3301 3984
197 1384 2271 2279 2622
2805 4041 4269 4274
390 1515 2082 2192 3686
1143 1167
847 2633
1937 3073 3461 3465
341 3654
377 685 997
584 1568 3368
2690 4083
1712 4263
445 867 1341 2672
471 491 1210 1848 3441
842 3514
1335 1492 1899
747 1459
221 1150 1352 3650
340 2041 2291 2829
1706 4266
365 1490 2258 3017
450 1026 1676
1480 2032
760 3082
1338 1388
1313 3238 3760
3701 4317
1286 3660
776 1529 3517 3625 3702
877 2546
632 1498 2314 2324
2721 3168 4234
617 858
3100 3940
1038 2065
2636 4236
245 1432
735 969
1445 3180 3214
1233 2150
40 1685
1749 2997
3828 3884
671 1464 2141 2773 3138 3223 3226
175 3165
771 2027 3505
1880 2193 3353
1135 1275 3973
862 3689
49 2464
3366 4134
1828 3368
621 1553 3334 4007
2002 4234
2811 4353
691 4224
573 641 812 1341
18 3456
493 598 1415 2053
1784 4146
1321 3856
378 2598
2086 3752 3911
603 1083 1618 3282
413 2083
959 2670 3475
1715 4141
1031 1694 2003
471 4057
2323 2419 3665
1972 2656 4334
978 2505 4343
1785 2077 2132
645 1545 3367 3610 4110
593 3438
206 2257 3036
369 454 1760 3179
1677 2744
796 814 965 3673
813 3259
149 3300 3574
1759 4201
1324 3852
1410 4317
637 720 3803
3595 3621 4175
557 3924
473 3628
1286 3982
1119 2365 3429
1551 2072 3436
14 1547
1646 2861 4168
4046 4211
406 917
999 2247
1649 2172 2678
1648 3456 3914
2283 2945
770 2336 3937 4422
1796 2612
214 480 2402 3433
146 732
1826 2572
89 2183 3592
679 2593
143 2527
3742 4339
166 4244
2695 3104 3421 3476 4132
1062 2437 2507 2839
2921 3365 3599 3641 3918
2740 3461 3624 4075
1620 2408 3364 3459
593 1151 1231 2272
1501 1814
2299 4042
2516 4083
374 466 1064 2142
2076 2875
2112 2730
1101 1976
542 1121 2774 3609
1651 1872
493 1655 2621 3750
693 882 1833
668 1356 2934 3242
3 548 1011 1486 2303 4415
1765 2508
975 1349 3672 3962 3965
64 170 2767
565 1647
753 3960
386 3509
30 1059
1377 1838
2371 2660 2926 3331
807 3127 3815 4286 4383
2391 2589 3849 4043 4115
1618 3626 4181
282 1482 2771 3614
2639 3596 4390
756 2895 4391
184 2983
646 1563 3510 3715 4293
796 2510 4011
256 3718
3078 3788
1276 3055
962 2041 2894 3339
1943 2868
1801 2854
528 2529 2852
997 2368
1131 1483 2282 4066
2 630 3539
910 1362
1565 3233 3699
1821 3976
548 574 2724
795 1901
20 1302 1759 2383 2385
414 1479
96 2309 4372
17 3346
1964 3838
764 1008 4082
2115 3981
908 3575
2262 2626 3563
213 3979
1784 2334 3196 3598 4121
352 1049 2987
662 943 1060
224 1291 2385
232 2938
1005 4245 4399
1044 3110 3140
2234 4378
59 612
1694 2142 2198
43 921
1570 1802
1056 1391 1804 3694
988 1577 1779 2907 3394 3500
2597 3865 3916
90 345
3347 3865
767 4227
709 839 2854
1764 2812
422 1211 1471 3229 3800 4366
3103 3467
1027 1317 1708
49 87 2164
846 1605 1963
1605 4264
56 2830 4355
285 1941
2015 3821
692 1490 1733 2416
137 598 3605 3746
1599 4385
1322 2439
1797 2370 3329 3852 4151
1867 3787
872 3290 3339 4137 4308
1135 1355 3145
31 628
3094 3247
1419 2587 2967
416 3551 4385
461 1255
19 1287 2170
230 453 2731 3872
73 1714 1803
581 4330
1428 3386 3549
824 1275 1355 3010 3300
2210 3903
1458 2254
1041 2990 3488
275 504 4221
1392 1783
3000 3676
1545 3346
32 1635 1952 3111
874 3472 4239
1404 2764
1822 2737 4120
980 2965 3046 3294 3546 4269
2086 2191 2411
1003 1241 3497
356 634 1810 2847
1399 1420 2097
927 2219 2903
1617 2604
1578 2658 4008
1335 2867 3828 4400
769 3749
2240 2712 2715
3314 4354
558 750 931 1899 2667
1339 3377
535 1971
61 62 1848 1945
1399 2171 3752 4414
275 1479 3224 3419 3502
800 875 1163 3515
1590 1608
161 942 1590 2779 3085 3198
1854 2052
2467 4023
2349 3384
1170 1914 2085 2215 4173 4329
627 3528
992 1402
2442 3069
682 978
695 3179
3182 3984
2091 2589 2817
370 1148 3399
452 1754 3251
1245 4386
809 2000 2012 2081 2123 2249
2119 2354 3384
3635 4282
1574 1612 4397
434 3238
613 1583 3886
382 1347
1567 1782 1784
1252 2943
136 974 1976
1114 3524
445 2006 2643
1202 1215 2832
2497 3341 4246
1790 2523 2669
237 1093
180 4080
390 883 3031 4366
2347 3625
220 2494 3101 3266
256 3033
113 183 2661 2761 3817
1887 1911
2976 4344
1090 3183 4086
96 3502 3829 3904
2244 3163
696 1708 3028 3206 3382 4344
536 1991
212 1314
105 325 372 1602 2934
805 1071
1374 2218 3510
1923 2823
2264 2927
111 217 1412 2831
3766 4267
2850 3333 4341
1634 2844 3943 4241
1743 2338 3048
845 2206 2416 4131
10 2842
1602 2087 4075
655 1732 2286 3713
462 1727 3801 4304
1164 2358
2306 3614 4306
1477 4092
40 3540
1294 3273
1561 3069
1730 1854 3533
844 3707 4225
130 2011
1683 3317 4246
631 2061 3113 4416
3800 4066
1516 1754 2091 2529 3010 4097
3608 3710 3966
346 496
3169 3439 3815
732 1107 3023 3557
1260 2890 4309
2219 3164
523 1789 2248 3072
3520 3655 4286
3684 4039
611 2934 3719 3920
1477 1607 1673 3269
3060 3657
414 1256 4047 4236
1934 2488
2402 2985 3469
1145 3933
277 839 1740
440 4122
3334 3814 4391
555 979 3948
1462 4369
1665 2350 3720
215 285
678 1991
545 1344 1972 2079 2401 2810 2958
714 1182 2685
1961 2178
261 2659
1705 2855 4422
2317 3425
1483 2888 3168 3720 4392
83 1144 1286 1709
610 2914
507 544 817 938
3378 3710
204 4331
1460 2566
294 4412
320 326 1666 2366
1168 1278 1744 3368 4098 4244
477 1321 3316
614 1055 1085 4233
461 3422 3976
609 3958
2542 3037
1788 2234
842 3488 4099
1753 1896
426 2112 3090 4267
2024 2596 3335 3664
559 999 1613 1794
281 1119
2130 2303 2986
2235 2570
3163 3441
3828 4327
152 431 3392
622 1388
409 982 2905 3721
313 852 1331 3553 4357
1656 3403 3474
91 557 2089
36 147 400 1878
583 938 3968
2225 2443
1656 2300 3569
2574 3803 3959
379 3775
278 1137 1324
700 983 2056
431 2719
374 2207 2280 3768
176 716
437 1996 3929
58 312 2005 2967 3164
2508 4281
62 1579 1900 3632
1242 3750 4091
645 1193 2254 3244
1547 2941
1025 1332 3258 3742
374 482
181 3340 3638
87 308
2723 4334
1327 4233
2160 3749
1880 3961 4155
593 2212 3005 4175
46 303 646
213 527 1022 1653 1984
103 3013
2604 2782
112 977 4347
1741 3182
1453 1989 3420
271 2142
682 3810 3983
1173 3546
307 1968
3300 3539 4080
361 422 1220
2199 3291
657 2050
568 779 2661 3170 3489 4214 4402
337 372 719 2413 4036
1246 2816
1915 2463 2670
962 3301
993 2807
3653 3776
87 3287
620 3674
360 4412
122 2138
339 948 2559
566 853
1244 2277 3052 4390
1163 2744
428 708 2004
482 1867
1648 2317 3512
4 379 1863 2008
294 1133 3817
565 1347 2501 2725
278 2384 3406
9 351 404 1418 2718 3872
835 2158 3076 3197
559 1789 1825 1933
2864 3439 3760
630 847
184 2544
51 207 2350 3162
3026 4157
1122 3155 3184 3382
1371 3089 3149
983 4210 4226
222 2956 4234
1274 3585
2736 2796 2836 3276 3948
503 2405 3130 3149
1249 2254 4011
130 1643 1732 3906 4347
726 951 2830 3185 3410 3871 3900
378 443 686 3993
1960 2583 2862
479 2468 3623 4033 4381
94 620
482 901 2439 2529 3289 3619 3976
1894 2075 2221 3743 4344
798 1612 1761 2546
4 4109
534 607 1182 3049
2009 3138
2884 3244 3253 4330
239 1297 2129 3080
2023 3606
1821 3550 4412
4021 4271
3439 3457 4397
2676 3329
1225 1443 2641 4101
692 1510 1605
1059 1357
375 683 1383
522 726 1480 3014 3153
1266 2142 4188 4309
502 1475 1658
969 2428 2894 4117 4211
2883 3489
539 1540
607 2264 3800
134 1079 1498 1676 1751
887 1738 2076
2282 4046
1053 2285 3718 4029
2968 3520
3013 3074
1116 1319 2410
542 980 2051 4021
1474 2649 3585
136 1643 2102
2516 3254
2133 2492
1516 3175 3318
882 1692
718 3827 4402
50 2883 4173 4415
284 619 1985 2714 3422 4128 4242
3752 3771 3890
961 3743
150 322 569 3845
896 1576 3159
2467 3164
1502 1570 3464
285 1956
3533 3985 4144 4384
1136 1993
2838 3484
3546 3959 4370
335 650 2067
1768 2868
709 2797 3803
206 2724
585 696 3462
349 1083 2615 2864 3897
924 4022
306 877 1017 1426 3010
3990 4402
295 4057
265 278 2094 4042
2409 4379
334 465 517 814 3445 3716
3395 3940 4407
3410 3427
762 3097
1772 3729 3870
1439 2357 2694 3968
1529 4084
1056 1371 1580 2263
373 768 1091
1750 2398 2876 3163 4418
1677 3896
156 303 2739 3898
393 1700 3033
761 1794 1861 2316 3435 4115
978 2031 2698 4214
1669 1897
2538 4087
975 1497 2753 3618
221 451
1589 1936
623 2331 2894 3116
2609 2891 4292
159 2074 2500 2855 4072
430 1276 2936
2750 3052 3503
225 1550 1821 1926 2652 2853
719 1936
3384 3447 3599
747 1362 1463 1831 4244
611 1024 1249 3295
661 1015 2055
537 4010 4105
1136 3054 3581
2130 2570
2829 4266
729 1441 2267
2577 3438 3964
1544 2021 2245 4028
1977 2167 2969 3001 3370
10 2773
1719 2822
1357 1950 2028 2095
1322 3176 3192 3620
881 1233
483 2207
1724 3545
845 1034 3137 4054
31 3883
28 3241
308 320 1769
1334 2795 4405
119 1201 1466 4292 4354
492 2058 3134
973 4106
2018 2398
2709 3481 4085
515 845 861
167 1890
1628 3533
1314 4360
211 1700 4279
662 1562
385 972 3013
19 51 1931 2041 3154 4416
245 2601 2930 3777
1187 4058
1026 3077 3495 4347
3046 4303
1191 1532 3468
1251 3870
390 658 2353 3149 3458
1584 3937 4083 4109
1474 1815 4271
1168 2695 3988
2112 3414 3705 4248
239 2760
2624 3141 4090
345 1007 3699
1939 1963 3131
751 3695
2542 2928 3365 3552
354 1669 2731
932 944
1115 1878
1796 3711
2709 3648
2854 3635 3657 4244
1513 1930
911 3852
274 281 1650
1754 4338
454 2151
453 1771 2285 2963 3312
1123 1314
500 1083 1899
3306 3712
914 3554 3714
1003 1940
122 540 1441 1585 3442 3964
2530 2660
687 776 1769 2430 3982
32 938 1298 2598
1016 2262 3059 4353
273 1796
173 1438 3527
599 923 1263 2653 3173
430 4254
302 350
1051 1757
27 1207 1715 2159
1938 2742
1664 3281
2297 3058
1081 3380
2851 3816
1436 1873 2041
111 1037 2716
891 2756 3496 4189
2655 3730
430 1112 1217 2281 4261
566 2329
2023 3017 3693
1706 2372 2478 3230
538 1415
1675 2052 2536 3420
33 2771
1697 2140 3413 3414
1240 1285 1778 3529
1593 2264
115 530
53 241 1147
795 2142 2261 3891
120 429 3490
745 3812
345 479 1125 1492 2389
688 870
1642 2194 2539 3196
566 1453 1770 2878 3306
1716 2243 2396
782 3850
394 2737 3733
34 1250
518 625
1708 2033 2874 3061
1742 2297 2842 3122
859 3787
1472 1899 3695
702 1510
1450 1879 3926
1838 1850 1983 3718
14 3764 3981
2741 3577
544 1049 2793
491 725
1458 2435
1112 3777
277 658 891 1437 2311
292 2359
1551 3788 4376
660 2872 4275
1738 2448 3491
698 1652 1690 2359 2441
719 3882
231 854 1142 1546 2140 2228 3265
1076 1082 4035 4225
797 857 1664 1810 2016
314 549
947 951 3313
1217 1859
407 4009 4419
1881 3224 3301
786 4131
2322 2364
1557 3891
857 1733
318 1757 2703 2886 3850 4292
195 4138 4237
654 909 1962
2894 3136 4201
1562 3713
1535 3393
2032 2754 3499
321 3827 4119
848 2951
265 1172 1419 2566 3175 3534 3776
1359 3928 4114 4297
408 684 1359 2883 4029
3565 4097
92 862 3459 3632
1348 2851
1282 2057 3612
3000 3633 3769
1419 2164 3065 3357
347 2161
529 3229 3440
1012 1924
2900 3230
1307 1327 1588 2758 3832
2385 3535
796 3220
896 3426
919 4235
1060 1115 3775
1764 2070 2420 2584
1983 2826
653 951 1024 3460 3958
901 1664 3636
1856 2535 2589 4076
2304 3696 4372
1249 3060
645 832 1215 2206
103 286 562 3963
1907 3021 3273
685 1441 1924 4351
1543 3779
1506 2288
1163 1501
85 3007
1989 2448 4067
54 2300
2299 3254 4077
2193 3625
309 2784 2940 3737
119 484 1506 2012 2549 3726 3816
1282 1322 3751 4303
353 623
3328 4384
377 884 2066
38 917 3158 3840 4216
374 3564 3673 4420
2103 2623 2902 3705 4363
2684 3664 4084
4111 4264
1301 2069
930 2263 2435 2744 3686
809 3085 3992
40 1835 2222 4393 4394
1351 2763
1404 3725
2245 3075 4374
50 473 1469
1744 2094 2352 3198 4219
2355 2936 4247
3573 4235 4416
1632 3424
17 403 1160 1318 2371 2722
1946 1995 2688 2925 2949
3014 3573 3796
655 1988 2439 3997
1805 3165 3947
296 621
372 2541
444 1974
336 1842 2010 2088
1091 1339 4385
1539 1805 2990
38 2220 3685
1156 1991 2379 2437 3586
261 1903
1562 1583 2481 4052
3020 3778
885 898
1722 3458
937 3607 4077
85 3265
634 1460 2092 2961 3395
1257 2660
674 921 2232 3646 3836
3234 3371
562 3238
456 3307
1376 2701 3375 3600
964 1244 3717
1630 1816 2893
14 490 2604 3101 3317 3857
650 963
2413 2702
674 4281
962 1800
574 4346
340 2221 3111
4000 4396
1928 2407 2491 2621
2055 3097
662 1194 1627 2290 2332
1841 1933 3878
1295 1908 4146
455 3051
1567 2720 3353
1050 1763 4254
254 1341 2103
1591 2624 3005
980 3343
852 1346 1714 2417 2586 4011
1824 2207
2355 4160
2568 2973
557 624 4258
3081 3358 3666
440 1393 2780 4174
1281 1795 3385
1725 2329 2970
657 3011
1108 1457
846 1352 1492
893 983
1147 2918
2361 3721
2211 2389
858 1737 3847
2842 3253
598 4366
1084 1380 1627 1985 2455
2117 3101
1373 4268
684 4085
1922 2542 3038
698 3403 3869
1940 2318 2809 3504 3768 4357
698 1461 3774 4228
412 757 3212
1006 2459 3563
188 546 4278
1178 2735 3070 3641
269 1893
151 1814 2131 2365 2368 3013
298 1242 1982 2964
661 1214 3287 3308 4241
265 908 2568 2691 3796
73 1237 3855
1348 2404 3030 3243 3304
1298 1514 3031
637 1777 2491 2806 3976
501 571
1777 3264
2809 3058
1047 3069 3735 4261
843 2705
96 1970 2982 3718
609 912 3163
2708 2829 3686
56 1323 2845
882 2415 3135
2649 2823 3799
469 944 1229
376 4343
336 615 813 1371 4245
906 3424
344 589 950
660 2834
1781 4069
3163 3302
426 1239 2042 2105 2117 3901 3939
29 1725 2360
507 903
1732 3116
559 1111
2315 3558
1409 2685 2961 3579
2957 4149
115 2382 4147
956 2358 2369 3152 4260
561 2013 2740
329 2572
378 2016 2863
350 1360 1397 2326
2834 3183
427 3320 3633 4255
1811 3024 3047
2870 3132
1132 2668 2752 3300 4108 4193
386 806 2517 2925 3501 3791
178 1326 1498 4116
391 2022
3169 3681
3016 3477
36 161 2189
347 2275 2902 3882
1628 3553
1972 2840 3464
1871 2482 2560 2640
947 3172 4389
2320 3307
545 3833
1333 3775
74 1247 3601
122 2140 3829
1087 4047
432 526 971
859 2968 3566
933 3573 3950
249 2306 3901
1197 1625 2249
18 2251 3553
1255 1604 3755 4044
1072 3108
2343 2820 3732
1719 4247
272 997 2738 2936 4322
481 1589 2546 4186
103 1839 3230
294 3671 4320
2077 4373
417 958 2324
1816 2556 3123
2457 3419
1030 2207
2013 2308
291 354 2367
929 1928
202 2222
1559 1940 4190
1134 2284 3841
745 1858 4378 4411
103 482 1729
456 1134 1758 1828
1931 4416
2080 4169
43 3821
89 687 1072 1738 2041 3126
1204 3371
1599 3059
922 1155 1895 2771 3227
3675 4306
628 1660 2096 2866 3545 3624
410 1968 2234 2666 3918
275 1451 1834
1014 3237
92 1178 2358
3289 3305 3793
53 1697 3509
1009 1940
816 2144 4268
758 1189 2059 4221
234 1651 3218 3857
669 987
2106 4357
1653 1656 2825
1261 1321 2571 3030 3796
491 3298
855 1149 3237
921 2556 2794 4371
1073 3512 4386
413 3068 4355
2040 3463
789 1370 2386 2440 3010 3038
1729 4056
2525 3561
192 383 505 2754 3324 4348
105 203 1324 1561 1698 2789 2800
3530 3884
593 2539 2758 4124
1108 1203 2343 3672
2191 4321
2462 2774 4068 4160
69 327 2071 4250
728 1630 1964 2336
563 4263
1770 1822
791 1748
64 551 686 3150
1187 1968 4097
1380 3199
494 1697 2773
3069 3594
466 574 3005 3427 4150 4266
528 2560
1083 1271 2004 2276
2479 3192 4306
2139 3785 4215 4271
2303 3637
339 387 3257 3755
656 762 3122
1332 1602 1622 2030 4181 4255
478 1234 2850 4204
1688 2359
998 3156
921 2592
869 1773 2272 2711 4114
81 4222
1648 4014 4236
1913 2589 2610 2776
1879 2170 2764 3249
811 1099 2839 3051 3308
2770 2980 3268
813 1276
3916 4023 4347
2160 4319
367 875 3211 3734
908 1357
1399 2353 4357
1927 2265 3278 3432
17 2866 4220
1042 2719 2779 3734
1204 4198
3444 3861
1766 3102
1652 4344
433 4143
30 1778 3278 4057 4076
1302 2594
2172 3543
1137 2091
29 923 1526 3722
432 3259 3372 4314 4346
387 647 2145 3140 3188 3724 4258
902 3101 4183
181 3078
3721 4115
248 412
2770 4029
511 1037 4166
616 1077
466 2542 4248
2223 4108 4130
1172 4093 4342
2292 3376 4391
610 1979 2100 2459 4192 4224
524 1952 2361 3299 3558 3825
331 1486 1522 2171 2397
206 3030
37 592 1076 1078 3126
187 1521
1039 2320
1515 1781 1971 2581 4108
106 992 2913
3420 4029
2032 4277 4372
2091 3563
525 1250 2069 2385
2091 2101 2287 2943
1331 4371
1065 4008
2201 3626
2920 2988
1202 4236
707 3891
9 4063
254 3071 4342
294 1858
1010 1050 1559
79 2002 2278 3665 3964
2844 3742 3949 4188
382 4107
2175 3132
3952 4195
815 4109 4411
1226 1742 3121 3516 4355
2180 3184 3202
2561 3637 4212
161 1062 2151 2569
1453 1531
848 1060 3461 3709
219 284
3538 3704
1449 2868
1795 2413 3957
2727 3728 3936
1052 1661 2177 2966 4072
660 1886 2226
1095 1713 1849 2995
773 1139 3781
1603 2060 2691 2924
2993 3577
967 2685 2816 2858
946 4280
61 3263 3966
846 3296
975 2330
1654 1995 3823
1018 1708 2101 4125
1562 1972 1996 2875 3170 3351
2638 3346
3185 4021
1084 2999
64 355
2134 3383
1981 2455 2994
260 1931 2242
807 1757 2936 3776
1679 1782 1932
228 2548 3395
2423 4131 4404
875 3792
3942 4249
702 1323 1522
3471 4233
156 2041 3131
1008 3816
312 3840 4342
1132 1477 2769
1702 2489 2957
1872 2728 3520
312 1077 3111
1296 3590
649 964 2912 2985
223 3114 3227
2052 2462 2850 3810
578 3953
509 2612 3114
913 3426
2153 2659 3985
375 663 2557
581 2834 3268 3756
1482 3822
560 1432 2597 2681
267 840 944 1860 4120
577 1463
1330 1517 1925 3277
1441 2764 3976
311 1936 3766 4254
1194 1317 1869 2628 3137
3 1188 1692 1912 1981 2837 4412
473 1743
2282 2917
54 72 404 1100 3986
104 1805
1969 2924 4097
1169 1959 4281
117 4414
1366 2156
1702 2896 4278
1424 2429
3613 4269
35 4359 4393
894 968 1415
2290 3054
1629 1685
2163 4226
2895 3150 4030
3658 4350
1260 1270 3609 3966
2227 3121 3348
1535 3462 3551 4170
1772 1987 2148 3697
987 1327 3094
1217 1263 4329 4396
773 2654
40 1680 2107 4388
1285 3733 3796
770 3267 3370 4072
2082 2609 2621
343 2175 2619 2675
1846 2063 2090 2651
431 476 1170 1472
1331 3459
1584 2152 3191 3929
951 2825 2897
508 995 2048 3961 4156
1402 2760 3836 3986
1781 2444
495 1831 2153
423 3932
2661 3022
73 307 1807 2222 3654
1249 3042
2835 4002 4198
1638 2576 3568
807 1317 3789 4210
1678 2109 3600 3622
445 1956 3926
963 1961 2306 2332 3448
2 3013 3347
417 4202
788 1503
1519 2008 3361
1911 3600
1947 3393
1816 1934 2865 3015
645 851 1391 4396
377 2328 2981 3915
89 853 1441 2327
42 53
230 1419
341 696 1743
1106 3022
1302 2886 4296
1810 2826
2481 3853
327 3087
455 1694 2278 2463 4334
1400 2816 4129
605 1559 1693 2025 2915
2553 3021 3511 3832
508 3030
758 3728
572 735 3905
3548 4384
158 1017 2405 2744 3482 4159
373 732 1232 2741
739 3443
774 1931
2274 2561
797 4074
1598 3164 4418
599 1820 2366 2549 2637 2769 2842 3394
392 2053
3319 4005
1018 1453 1508 4205 4308
617 2314 3390 3485 3523 4226
973 2868 4103
146 824 1628
1352 3776 4239
1368 3357 4209
22 186 1303 2217 2376 3049
496 1115
851 2176 2732 3135 4081
1679 2868 3669
966 1630 1736
2012 3811
243 1135 1148 3406
1460 2785 4002
1671 2038
679 2815
1368 2879
1625 4412
573 2325 2425 3625 3834
90 1584
109 917
529 1314 2712 4320
747 1355
2518 3348
442 758 1407 3950
1896 2453 3627 3984
685 1906 2044 3615
448 3090 3540
266 1323 2564 4404
232 1149 2327 2539
15 2225
443 3634
1034 3608
336 2845 3163
941 2421 3029 3977
71 107 381 1499 1716
910 2354 3421
1266 1565 1810
452 1925 3510 4103
1454 2637 4105
1519 2087 2180
385 4195
417 1854 3606
2698 3712
1676 3587
2147 3855
2423 3655
1769 1995 3680 4048
72 238 1189 2729
3458 4381
9 424 1798
1152 1246 3624
1059 1485 2593 2752 3293 4328
810 1262 1484 2562 2624
496 1342
497 2331
47 787 1180
383 2610 2873
1443 2019 4384
282 2572 2612 2903 4393
1326 1349
2222 3603 4002
1074 2172 3142 3207 3390
2118 3875
541 2240 3411
702 1219 2298 2662
807 2275
686 1249
2399 4237
2163 4215
2660 2796
314 3436
1240 3619
133 1414 3264
18 1887 3115
2068 2242
319 2682 4075
302 342 2202 3771
335 1112 2462
3529 3814
593 2154 2416 4105
796 1926 3026 3996
857 1617 2152 3567
263 351 2828
2026 2272 4219
1641 4000
627 1027
217 2778 3158
1889 2639
211 975 1824
539 1623 1986 3886 4106
141 2677 2782
711 1041 3251 3443
2008 2129
596 1272 1652 2636 3555 3596 3742
404 2195 2653
93 1032 3553
844 1119
409 3629 3772 3963
379 1133 2876
240 643 3803
3131 3452
858 1588 3150 3643
2800 3073 3255
770 3499
2991 3759 4359
1432 2678 3368 3910
704 3242 3429
407 621 1396 1924 3135 4219
1693 2559 2686 2783 4170
1338 1759
143 3443
1567 1822
4008 4091 4403
2802 3046
1516 1967 2749 2974 3327
197 341 1173 2154 2412
505 1483
1777 4400
343 2859
487 951 2755 3061
1038 1776
1743 2251 3679
745 4294
1401 2587 3585 4105 4246
713 920 3268 3851
2335 2569
784 804 1848
1256 2595 2745 4182
3229 3704
936 2362
1486 1655
36 1594 1906 2806
468 815 4221
1668 2580
906 961
397 1242 3691
1180 2134 3493
930 1406 4157
22 1100 1478 2868 3921
1684 2412 3513 4282
361 844
1847 4153 4367
3453 4270
262 590 4225
47 82 759 2915
354 2029 2742 3877
879 1300 1434
1333 2123 3272 3908
756 1717 2643
2171 3333
38 1986 2577 3691 3855 3883
486 1638
232 1183 1478
1622 1955 2086 3021 3670
2119 4097
1841 2954
3118 3243 4260
3154 4419
2315 3500 4290
130 2172
263 4189
392 691 2716
71 846 1559 2090 2491
300 1452 2649 3091 3559 3650
1417 1456 1741 2794 3545 3761
649 931 1037 1368 1917
194 692 3346 3498 4059
2413 3438
1099 2698 3848
288 961 3794
1716 1872 2417
2148 3395
242 1515 1690 2664
186 2043 4052
538 1861
612 3757
1855 4148
1105 1690 3406 3450 3723
448 1330 1502 4293
13 2865 4401
789 1204 1237 1361 1821
1383 1811 2529 3184
504 2424 3297 3603
546 3383
350 1643 2465 2912 3126 3392
1710 2124
1013 1985 3692
974 1062 1428 2435
1027 2839
1799 2301 2566 3402
388 1215 3648 4316
1876 2637 4048
316 362
3025 3306
1079 3711
663 694 3947
17 269 482
2947 3317
835 2074 2449
117 1450 3519
2264 3925
1170 2926 3296
747 2107 4171
56 415 1822 3605 4330
196 1040 1650 3061
3567 3708
1180 3184 3560
321 836 2751 3839
2945 4158
1069 2088
2696 3063 4008
882 1113 2161 2727
1267 1734 4085
22 1287
7 413 1116
718 1810 2609 4199
1238 2353 2416 2511
3660 4242
788 2905 3356
65 2526 3334
411 865
191 609 1779
3260 3676
68 816 4182
1378 1845 2291 3610
523 1020 1411 2096 2701 3116 3821
1748 3020 3910
2885 3188
3092 3199 3856
2384 3625
73 646 811 1312 1442 3480 3751
2139 2178
219 1933 2865 4099
782 1241 1387 1880 3573 3789 3848
2238 3486
1426 1574 2339
560 1090 2097 3717
446 1388
1854 2229 2267 2536 3033 3727
731 772 1986 2130
41 1918 4345
1219 1387 1847
1194 1326 2287
35 1293 2315 3832 3907
2609 2646
1215 1302
1322 2801
439 1216 1714 2218 2854 4328
1185 2990 3723
1502 3352
91 1063 1209 3541 3675
664 1028 1923
787 2188 4069
538 597 2437
1245 1868 3527 4244
54 237 3262 4294
1411 1599
2410 4274 4338
337 385 624 2050 4166 4209
789 1387 3386
1324 3059 3441
368 1742 4333
1860 3393
345 1345
1374 2896 4357
1330 3870
222 857 2714 2928 3744
357 695 2202 3384
2238 3032 4216
35 155 1662 3045
2543 2960 3921
130 2957
2091 3431
531 617 3905
399 1930 2190 4326
1524 4304
3461 3818
142 1152 2161 2203
564 906
344 3117
678 1082 2816
404 2536 3115 4310
3601 4356
1180 1321 2117 3200 4179
2198 4388
80 166 1437
3547 4413
1648 1722 3318 4050 4307
1713 1881
1284 1997
1861 2439 3150 4363
2082 3866
3473 4135
1102 3257 3775 4158
194 1247 1333
633 2101 2649 3049 3224 3712
1539 2866 3897
1501 1830 2845
1571 2588 2705 3054 3563
1546 1869 4173 4243
555 2076 2964
4050 4216
1229 1407 2693 3074 4009 4172
1882 2693 3291
1161 1920
644 1404 1474 1887 2949 3535
852 2157 3871
3457 4319
691 3249 3278
1976 2297 3160
1748 2444
620 809 866 2437
373 3342 4022
717 904 1565 3526
191 2188 2324
1502 1630
1903 1964 3803 4364
483 696 1500 2527 4251
638 1550 3015
563 1899 3600
1313 3572
1230 1333 1781
77 3238 3602
48 3196 3614
2903 3772 3870
403 2902 3230 4250
118 1379 2451
1200 1315 2786 3820
1309 3173
156 242 3408
640 2227 4082
2776 3435
576 2484 3671 4284
1305 2396 2412 3515
1542 2286 3279 3704
833 2004 2053
1137 3890
3879 4071
330 1829 3323
415 1505 2259 3457
2864 3319 4231
886 1076
231 624
709 2585
894 2146 3312
531 3797
1295 2875 3003
824 1172 3659
2623 3971
1168 1617 2534
1649 2086 3632
950 1637
358 877 969 2882
249 1362 2893 3111
3177 3791
2997 3439
797 898 3600 3900
1058 1420 2956
443 2088
429 819
1703 4297
3026 3816 4408
131 836 1407 2937
44 1554 2465 2514
1751 2425 3869 4368
1373 1551
228 3081 3115 4419
310 2149 2999
302 3010
811 3832
1307 1458 1953 2343 4257
747 765 1362 4136
896 2234 3971 4138
2544 3017 3896
2864 4286
187 1097 1938 3250
3731 4383
1433 1915 2814 3743
2370 3921
1037 2615 3238
233 642 1319 3104
752 1946 2974
350 1373 2729 3190
655 731 1674 1778 2955 3090
378 2938 3237
110 1352 1674 3766
471 569 1729 3859
1390 2523 2937 3082 4198
713 1787 2268
51 1517 1718 2934 3077
633 1929
71 2204 2482
1965 3919
1679 1768
958 3398
1371 2807
266 376 1877 2441 4394
1124 2251 2684
1851 2004 3500
1750 2800 4159
844 4058
528 891
719 3610
1418 2289
1092 3881 4380
874 2590
1076 2146 4324
602 1596 4355
505 3392
956 1214
1097 2549 3055 4238
1775 4186
1912 2074 2245
1597 3697
594 1504 2672 3089
63 1280 3346
271 1207 3340
288 392 826 1236 1254 1276 1777 2918
443 2564 4346
1008 2867
1478 1574 2586 3415
405 914 3317
293 3223 3507 3646 3679 4414
1515 3473
925 1231 1811
814 993
321 2005 2566 2736 4216 4396
1099 2263 3308 4023
1335 1998
248 4221
3394 3560
1997 4234
1094 1193 1417 2285 2423 3535
2456 2800
243 2140 4276
1000 1268 2611 3022 3079
375 3415
599 3426
1208 2306 3250
547 4081
495 602 3051 3309
672 1204 3633
1279 1378 1753 2147 3690
204 2386 4106 4259
660 1099 1312 1373
40 546 1246 4080
2515 2876 3841
284 2995
761 2344 3155
994 1956
3305 3828
769 1670
427 480 1078 1558 2369
1212 1726
1100 3937
1983 2625 3535 3805
1740 2411 3228
2161 3506
1354 3550
2492 3033
1536 1575 3819
238 3334
1336 4262
2109 2664
281 989 3466
462 2924 3809
1692 3368 3792 4054
683 1253 3558 3559 3629
46 1450 2807
327 2881
1696 2544
2158 3120 4252
678 2775 3429
614 1942
286 2027
222 2225 3958 4021
981 1570 2773
1430 1638 2408 2564
580 2904 3536
3565 4145
238 546
1911 2104 2219 3341 3526
1420 1816 3287 3395
483 1527 2499
119 238 797 1940 2495 4363
1709 2758
1212 3921 4193
1537 2142 3942 3995
1342 2199 2975 3070 3819
517 637 2102 4173
1298 1743 4339
63 3120
2240 2709 3902
1366 2562
1341 1619 2423 3138
2432 3025
3367 3424
1838 3686
932 948 2853 3196 3379
1648 3483
414 781
67 1657
1111 4282
976 2229 2813
179 1907 1974
156 727 1352 3931 4140 4312
1210 1672
1525 2549
970 2482 4400
3257 3839
294 3154
891 2596 3951
355 779 2479
2144 4099 4361
283 3426
1453 3202 3207 3300 3608 4028
816 1170 1224 3178
1231 2814
1550 1950
1955 2549 3126 3532 3565
1133 4298 4308
1250 3025 3250 3786
2042 2197
609 2904 4263
193 388 1586 2009 2521
2548 2742 4349
95 707 1086 1863 3791 4202
618 945 2243
1621 3840
412 3960
582 907 4044
2329 3666
233 2224 2341
2977 3007
74 684 1715 2483 2940
321 3543
776 3141
23 1859
2581 2791 3059
2672 3465
343 666 762 2894 3062 3804
1891 3965
878 3344
221 4253
1111 2115
851 1427 3284 3636
1156 1398 3214 3999
2316 4373
1185 1993 3793
3721 4018
1531 3428 4058
381 3679 3771
2980 4113
1184 1385
455 1155
1597 2163 3243 3680 4193
2379 3624 4165
135 3712
1506 2199
2749 2829 3280 3726 4084
397 2583 3167 4008
33 1604
3437 3670 4153
42 543 3733
22 655
466 885
945 1543 3429 3477
227 337 485 782 3732
1597 3684
2831 2968 3081
2909 3977 4192
3199 3981
1298 4170
231 3259 4414
1110 3551 3950
1889 2931 3977
1372 1468 2191 3015 3501
3566 3699 4359
2903 3567
2989 3830 4139
3268 3457
1099 1243
895 1545 1732 2685 3450
1556 1877 2845
1089 2833
1679 1956
517 1307 1892 2429 3183
1689 1978 2609 3068
889 1128 2335 2730 3345
448 590 1360
799 1076
1149 1907 2476
1473 2920
169 378 916 2538 3004
627 3174 3497 4297 4391
1480 1947
220 235 2033 2274 2422 3453
712 893 1423 1436 2036 2234
1657 2335 3598 3851 3939
1051 1433 2457 2505
1704 3360
180 1139 3415 3592
529 1101
540 1991 2037 2827 3045 3578 4421
1710 2075
846 4124
67 349 754 1444 1616 2030 2283 3960 4023
2480 3679
1253 2053
784 1626 2458 2712 3195
1403 2262 3562
594 1632 3724
319 3951
962 1008
563 1464 1758
2753 3002 4175 4341
343 1477 3351
27 1452 4110
1407 3213 3815
1041 2883 2907
889 1124 3915
207 327 586 3338
1766 2961
3339 3344
844 3344
3800 4186 4382
732 4241
110 836 1223
212 637
90 1221 1669 2809 3094 3254 4135
656 1143 1801 3145 4062
1627 2339 2364
1349 3604
1438 1937 3965
157 817
1218 4260
21 3822
764 1087 1478 1536
167 2017 3519
1338 1779 4146
265 2571
403 1835 2128 3943 4412
646 1211 1579 2247
3401 4166
1844 1944 2727 4418
455 991
1372 2934 4102
54 343 979 3814
385 1147 4295
657 1271
2306 3836
1793 4133
1719 3084
1578 1806 2344
162 218 943 1025 2617 3405 3972
206 2764 2873
636 1230 1700 3130 4391
1378 1545 2391 4130
108 271 334 958 2861 3840
520 1451 2057
772 975 1707
21 383 919 1399
897 3256
1344 1972 2537 3384 4235
1503 1610 4218
1009 1188 3075
1457 3522
2152 3362 4065
1354 2720 3550
904 1896 3344
441 2821
2144 2216
1083 1416 1613 1776 1852 3508
1946 3071 3439
90 1000 1816 3558
36 367
958 3772
196 1312 1922 2117
1450 3004
3884 4013
660 761 1998 4130
109 310 1368
272 793
1777 1896
1073 1417 3047
1262 2091
1508 2199 3707
767 840 1864
1054 2232 2876
2237 3921
713 3952 4123
451 2192
1360 3199
175 784 1275 1376 3842
561 967 1654
3493 3567
1125 2387
1923 2494
223 1509 2073 3953
1459 2476 3040
199 973 1229
2377 2475
2206 3262 3855 4383
1371 3520
2576 3477 3958 4093 4208
1337 2097
2923 3992 4231
1218 2018 3000 3200
39 158 2487
605 898 1355 1421 2999
1597 1659 4409
1595 3552 4357
218 351 861 2043 3202 4133
1070 3146 4112
205 485 1627 3011
647 1408 1916 3048
315 1188 1636 1987 3182
2195 3287
2094 2107
1551 2930 4232
2290 3579
1641 1645 3830
524 1401
740 1012 1847 2841 3022
447 2467
160 472 2430
2746 3901
469 2915
204 1249 1852 1887 3487
81 98 745 1658 2939 4087
271 2909
2699 2749
1648 2369 4036
1784 3879
85 238 2781 3674 4009
1328 1955 2372 3572
3085 3113 3573
1085 2129
421 771 786 2343 4156
336 3643
2644 2973
222 2246
644 2088 3718 4046
480 747 3655
1070 3744
2705 3114
219 1894 3456
147 1180 2975
189 1864
978 3096 3983
364 796 3756
1952 2122 2399 3422 3589 3732 4161
143 3887
1262 2940
1049 1688
2121 3193 3616
922 2144 2279 2356
274 622 968
391 2778
1630 1859
419 3422 3484
513 1823 4403
2848 3180 4265
3330 3596
287 2901
1526 2707 2984 2988 3537 3754
649 1909 2622 3280 3541
435 897 3618
1457 1698 2114 2785 4251
789 1196 2806
1428 1541 3093 3627
1827 3136
1683 2654 2722
364 1383 1931 2754 3781
1918 4209
838 2639
265 387 2411
377 457 780 1159 2034 3030
1974 1988 4217
886 1825 2201 2311 2910
2088 3560
523 1104 1749 2172 4209
1067 1436 1529 2369
1721 2547
1697 3149
607 3949
488 1458 1494 2409
787 1928 2248
16 372
646 1884 3120 3147
302 2914 4376
450 1800 3529
56 392 2527
530 4057
472 2026
1006 4150
2690 3408
102 1047
989 2201 2210 2787
1351 4150
497 1574 2846
1889 4245
1672 1789 2246 2722
253 852 855
1113 3270 3721
1483 2625
537 1917 2388 2528 3360 3591
1390 1624 3967
2142 4260
3 2633
508 3757
975 2406 3474 4333
650 3005 4287
1090 2001 2002
2590 3048
446 2891
2652 3048 3605
2297 3785
1236 3023
256 1989 3025
3249 3490
22 517 672 1492
701 1000 1109 1371 1647 2853
569 1266 4118
1715 2718 4040 4387
3980 4241
1257 1935 2056 2741 3073
321 1023 2592 3666
436 2006 2421 2799
3395 3398 3487 4196 4278
1214 3914
1038 1473 3810
574 2695 3890
873 1097 3843 4164
2019 2202
1215 2430
302 1051
1756 2525 3269
2950 3963
1773 4217 4266
2079 2237 2994
2944 4166
1114 2819 4034
231 2680 3310 3769 4260
2050 3348
1228 3368
270 1219 3823
1061 3749
754 3840
277 4348
1530 2423 4219
1985 3552
1652 2886 3194 3549
225 1726
219 1086 3321
1418 1571 4069
1509 3185 4227
1199 1976 4382
1226 1885 2866
661 812
1924 2999
130 1518 2078 2612 2742
1327 2000 2828
1598 1859
707 956 1165
1764 3199
3252 3409
744 1268 3817
2444 3024
1880 2474
3924 4348
277 1331 1803 4229
2305 4395
1377 1850 2285 2934 3698
2419 2965
1525 3840
1761 2514 3713
326 2064
1305 1430 3669
476 1291 1621
96 1511 2409 2995
1717 1746 3892
815 1645 1982 2562
1323 1843
734 1617 3433
170 1722 1999 4263
129 2078 2413 3878
416 447 1749 2076 2284 2842 4276
1544 3603
1608 1703 3559
2001 2281
662 2487
656 2962
1358 1828
1330 1883 2458
1274 1394 2500 4011
212 555 2810 3031
1004 1753 2286
2467 2881 4294
115 657 841 1544 1661
988 1023 1083 2349
1355 1664 3889 4178
2058 2684 3257
23 60 1924 2666 4314
1130 2353 3716
408 1895
960 2311
616 2421
1911 1937
179 390 2461
602 721 732 876 1302 2388 3014 3704
413 686 999 1328 1993
268 758 1970
957 1387
3456 4109
1259 1718
1574 4230
772 2613 4339
896 2301 2332 4156
2646 4127 4259
1261 3625
840 3664 3711
1142 2770
1223 3455
270 461 4168
414 769 885 2357 3907
2 664 1713
667 1223 1659 1897 2222
2198 4271
2038 4120
1844 2373 2437 3356 3474
1148 1413 2189 2433 3110
978 2540 3120 3884
406 4339
1344 2409
2839 3643 3996
1818 3245 3767 3884 3916
591 2991 3112
286 454 923 1367 3576 4225
338 1837
96 145 1398
124 3866
193 3498
3157 3449
1554 1834 2432 3539
364 1744
762 2854 3287 3818
4 1377 2236
2606 2831 3697
1480 1808 2687 4039
302 2263
297 2248 2847 4383
855 3137 4072
797 815 1003 2622 3632
1987 2521 2543 3114
303 756 1549 4147
1867 2237 2333 3128 3411 3900
197 682 2050 2465
893 3560
1636 3086 3705
1234 4115
382 1169 2421
985 2480 3759 3869
1119 1782
1292 3224
2294 3023 3599
307 3220
1369 2190 3948
2157 2745 3622
1432 2889 4170
384 3565 3655
1278 1509 2308 2608
567 576 2772
1129 2103 3219 3603
2965 4076
3370 3412
1479 3234 3653
2864 3393 3458
1586 2868 3890
2065 2130 4366
157 2231 2708
237 266 2435 3787
2508 4179 4397
735 1750 2873 3542 4029
790 3333
1192 2982
108 2761
957 4217
652 1033 2205
181 1749
3358 4290
399 1191 1451
1647 2885 4072
232 1170 2124 2228
2754 3990
1267 1633
445 1714
551 1031 3518 3681
319 655 1333
737 1016 2147 2304 3124
1550 2168 3005 3174
2311 4284
241 639
100 1999 2055
453 551 1681
52 3981
1823 2333 4253
2655 2873 3108 3356 3754 3801 4088
873 2281 3275
666 2532 2539 3190
919 2592 2879
231 3626
11 3062
451 830 917 1456
675 2028
2151 2291 3843 4280
1909 2720 3839
359 636 3204
781 1796 1964 3269
2341 2590
1211 1989
72 1664 3471 3631
609 1711 2938 3012
2264 2599
3096 4003
203 1821 3556
578 1248 1288
149 717 2332 2980
238 1833
432 2722
1632 3510
463 3707
1726 3043
540 4352
2108 2881
812 3959
1138 4157
72 3949
562 2147 3200
3648 3673
938 3293
8 2825 4422
377 1664 2498
453 2574
3532 4356
2628 3014 4054
610 901 1751 2051 2920
904 1936
407 699 4012
1383 2411
651 3557 3618
974 3634
479 1496 1644 1936 2398
554 4044
2789 3198
4090 4244
1282 2623 2795 3687
320 1805 2250 3209
135 437 2254 2520
2449 2557 3415
473 1757 2162 2516 3477 3880
974 1713
1899 2803 3365
1817 3700
1841 2063 3185
2046 2449
3677 3974
210 1897 3285 3797
639 2399 2778 3607
282 415
2834 3334
1688 3629 3904
144 309 1306 1528
2052 3216
686 2615 4193 4297
1143 1567 3675
1599 1897 2956 4343
526 3120 4388
1346 2015
814 2835 4063
3341 3812
749 2642
3510 4090
1297 3312 3934
3521 4065
189 257 1541 3311 3765
760 984 4046
1626 2437
2327 3006 3430 3630 3988
1329 1394
266 690 1778 3783
33 2000 4124
774 1727
1286 3714
2697 3512
3062 3408
101 548
2012 2988 3711
97 1081 4247
1583 3064 4181
2890 4060
3184 3674
1450 1520 2526 3441 4250
324 468 1283
1651 3382
200 756 883 1129 3321
2374 2979 3629
776 1516 2063 2255 3262
994 1171 1240 2930 2974
930 2000 3197
1657 2238
1069 1443 3616 4075
2791 2968 4152 4360
2431 3648
1765 2900
2534 3266 3508
722 2942
698 1222 1401 1404 2733 3438
413 3550 4298
1792 3092 3179
2434 2646 2849
1163 1686 2076 2426 3635
1751 2375
976 2024 2324 3044
1730 2065 3764
181 393 2336 2404
341 2086 2103
947 2435 2679 3111
203 1217 2176
1330 4136
105 1365
673 4352
94 290 1145 2284 3116
375 2263 2396 3165
1802 2683
2443 2865 3521
1949 2946 3960
2718 3793
1289 3894
3732 3950
794 3847
648 3755
1069 2734 3154 4147
1374 2084
108 529 697
1118 2355
2796 3143 3152
155 470 2999
644 861 1275 1433 3964
536 3732
202 867 1980
2224 2610 2763 3155 3291
822 1156 3758 4194
2744 3767 4247
1177 3331
129 385 4030
936 2453
1954 3007 4111
1147 2479 4178
1286 3357 4394
402 668 3668
3258 3788
2773 4000
1110 3959
2480 3486
398 1065 1624 1817 2333
2331 3178 3979
1589 3474
551 1373 1636
1065 4179
2322 3212
1541 2119 2445
2851 2914
635 4246
2225 3564 4047
1298 3618
2288 3488
8 334
1685 3517 3865
1989 4008
599 1060
1618 2905 3780
2192 4159
2631 2767
540 1772 1879 3266
1712 3814
124 2045
1998 4330
300 3795
2917 3863
12 1495
319 3585
1570 3755
1385 2059 2443
1734 3190
1678 2338
3201 3202 3637
3657 3830
1914 2714 2861 2943 3416 3439 3488
1671 2229
1219 2244 2316 2964 3706
1561 1719 2639 4187
73 339 921
1928 3702
586 3136
1258 2527 2826
103 404 797 3652 4156 4182
141 2070 3724
98 1387 4357
538 3055
2610 3718 4277
675 1342 2855
1893 2497
642 872 2053 3137 3708
786 1332 2436 4272
1722 1977 2245 3969
2151 2833
1388 2396
1967 2188 3600
205 385
445 2328 3106
2284 3421
1049 1660 4270
101 1522 2133 2626 4152
2691 3077 4171
1823 2093 2683 2951 3225 3387
952 1656 3668
3154 4424
719 1963
3762 4164
1294 2884 4166 4360
1208 2043 3827
1632 4280
1117 2916
865 1140 2171 3666 3831
415 3512 4382
1156 2609
2845 3780
30 1194 1667 2084 2099 2961
1240 1700 1886 2587 4053 4177
2063 2481
2082 3443
199 1894 1999 2289
912 1457 2195
1329 1401 2331
57 2580 4265 4377
2961 3928
69 776 1022 2221 3804 3900
75 114 561 769
1324 1718
399 577 2619
299 1885
2167 3833
1064 1121
2493 3445 4164
165 1970 1993 3125
87 3957
261 2742 3806
495 1385 1993 2497 3783
971 3674
3593 4158
141 4310
2807 2998
1150 1404 3879
395 2401 2960 3203 3927 4327
355 1158 2088
1220 1643
1883 1884 3559 4070
821 3958
1764 4030 4139
330 2599
3450 3478
1356 1923 2731 2783 4342
2453 3214 3563
800 818 1008 1745 2160 2992 3855
713 1070 3095
504 2205
1683 4179
282 3838
604 1516 2347 2742 4009
1430 1539 3116
853 3307 3491
2291 4154
947 2844 4200
1690 2200 2389
2561 4150 4360
965 1196 3009 3567
39 1554 1581
146 2816 4154
1292 1699 2633 3524
498 1279 4059
3889 4131
283 767 3592
1848 2697 4118
2098 2718 2849 4357
204 1303 1753 1812 2402
2074 3657
1087 3871
143 1420 1613
700 953 1834 2464
1615 4039
79 1463 3175 4163
314 580 2913 3227
1276 2424 3199
1995 2506 2590
1278 3075 3392
1344 1944 2557
361 621 2763
218 976 1316
2934 4297 4401
979 1135 2232
614 2538 3501
3814 3887 3894
1504 3434 4353
1256 2903
801 883 2421 3832 4141
1025 3934 4095
175 1165 2061 3602
843 1845 4106
1049 1621 1764 1784 2807 2854
1566 3075
661 696 3319
29 2324
3374 3589
261 556 1386 3614
899 1746 2904 3395
508 1681 1722 2131
39 60 616 4405
1134 2302 4137
2619 2701
1112 3378 3565 3859 4133
1151 3890
147 614 1188 2074
388 1296 2422
632 1489 3975
398 1562 2192 3800
793 1815 2647 2819
1483 2426 3845
1285 2306
1522 3901
630 1454 3489
798 4293 4359
203 1871 2225
797 2046 4065
187 702 979 2029
79 1219 2327
2790 3666
1650 1668 3673 3984
3787 3807 4274 4298
31 2667
74 2299 2442 2937 4356
882 1205 2441 3418
225 2591
704 2618 3135 3222 3465 4089
1957 2472 3393
141 177 939 3852
649 1427 2095 2640
704 768 1062 1142 3850
3232 3582
1377 2973 3121
1172 3577 4121 4330
3622 4406
455 1619 3042 3789 4196
997 1326 1817 2158
135 1337
68 1090 1948 1957 2850
3056 4152
3670 4085
1071 3075
1640 2002 3649 3686
425 1148 1431
2137 2960 4019
728 1400 1630 1699
714 1579
3262 3658
681 3506
110 4054 4279
761 958 1817 2750 3214 4129
17 459 477
2494 3066 3329
1653 2595 2754 3181 4032
905 965 3466 3506 4161
2366 2455 3490
897 3528 3929
1069 2254 3870
2320 3609 4079
1957 2078 2730 2793
380 931
3108 3291 3321
375 1741 2724
1856 2068 2603 2702
958 4232
579 2826 2990
896 1022 1561 1852 3616 4008
1171 2603 2832 3739 3992
380 1075 3326 3774
2177 2331 2994 3502
1896 3068
1020 2427 3110 4386
538 3043 3226 3963
1652 2481 3035 3443 3531 3778
641 3145
191 721 771 859 1533 3444
389 440 1565
366 1065 3647
2616 4322
233 1972 2589 2856 4075
951 2346 2459 4013 4243
1523 2177
1035 1451 3919
283 726 2287 3068 3174
2090 4388
1352 1658 3780
1031 4231 4293
1129 3809
353 2171 3852
703 781 3700
70 612 992
675 2128 3292 3683 4220
458 2311 2434 2931 3723
1985 2298 2785
1054 1074
620 2574
1748 2610 2829 3770 4254
726 3498
2284 2777 3266 3651 3858
2317 3650
1325 2653
1339 2591 3857
1217 2973
3353 4157 4361
121 1021 3425
180 350 2507
889 3986
567 3149
823 1387 1937 2017
3102 3250
3574 3814
1463 3606 4316
402 1743 2811
878 1938 2375
3873 4108
1203 3264
828 2243
1055 1459
1101 1487 1835 2336
273 430 639 1386 2806
700 1627 2083
1482 4140
385 780
156 1749
445 2567
2891 3792
356 3306 4191
1705 3553 4002 4015
1192 3545 3967
1185 1372 1703 3403 4262
3431 3550 4139
580 1632 2492 3319
97 637 1424 3648 4328
1348 1595 2482 2865
574 4224
791 1698 1823 2592 2844 2953
538 1626 3444 3909
962 4135
536 2935
922 1560 3379 4247
1788 3393
2912 3024 3760
1756 1909 3604
2413 3006
16 1216 3470
2147 2381 2736
2703 3440
700 2943 3630 4091
970 4297
2481 4404
3202 4371
1807 2145 2807 3500
482 2321 3003
1641 3743
1608 3028
1538 3620 4284
740 3082
889 3104
1669 2368
650 1086
1838 3919
2401 2628 3852 3878 4006 4303
301 680 1434 1530
3541 3820 4317
585 2376 2443 2755
538 1214 2319 2695 3800
1144 3412
1517 2300
2519 3441
1155 1703 2370 3612
1163 1693 2884 3449 4065 4335
320 638 730 857 1483
2149 4023
371 3629
1388 4339
418 3722
1212 2150 3010
1853 2283 2601
814 3887
2203 3101
3967 4277
1398 1950 2509
1239 3325 3585
316 873
2557 3165 3791
765 3184
1000 1056 3299
3359 4124
10 3104 3579 3606
554 1849 3178
2 1271 2059
508 1226 1538 1642 1867 2577
60 1713
1536 3203 3313
855 2904
322 804 2262 2966 3542
1025 3058
3081 3105
139 3595 3694
599 3206
426 1824
778 1567
493 2187 3895 4292
2264 3532
52 1635
2244 2531
3570 3785
850 2628 3273 3787
1067 2447 3584
1407 2378 2447 3103
1639 2033 4057
1586 2399
1946 2524
388 1959
2370 3012
1003 2935 3697 4173
483 1002 2880 3664
2998 3174 4003
117 1204 3229
119 530 752
1415 2691 2778 2904
1068 1201
502 2796 3398 3474
1537 3033
2257 2412
1111 4104
299 2150
2472 3010 3968
868 2989 3334 3824
432 2395 2846 3022 3740 4408
68 2366 2518 2880 3532 3781
1342 3129
3412 4172
700 785
568 2790 3892
703 1343 2338 4180
1872 3452 4383
378 3307
683 1058 3573 4087
1865 4290
1614 1712 1861
675 3654
407 1629
477 508 555 3399 4012
294 2156 3769 4022 4398
1355 1849 2007 3311 4127
97 1141 1359 3720
621 859 1960 3088 3604
2905 3222
2869 2880
602 716
12 816
221 1626 1975
2701 3888
1714 3533
478 634 3611 4006
298 3768
1262 1961 2276
166 172 249 586 1305 1974
41 2916 4230
2163 2771 2864 3062 3749
387 571
313 810 2488 3065
475 2329
30 3468
1152 2511 3965
1704 2619
666 1748 3536
916 1400 2216
364 1577 2796 3841
91 715 1832
2783 3090 4317
448 1227 3055 3126 3424 4329
203 2411 3077
65 223 1188 1952 2946 3332
2156 3760
271 1161 1466 2146 2742 3998
2324 3864 3911
485 2453 3965
995 1601 2576 3458
263 647 709 1262 1586 2796
3252 4307
1678 2130
1164 3539
1993 3209 3408 4398
134 2315 2989 3410
3315 3886
409 1226 2424 3473 4323
1000 2792
3373 4346
126 239 2326 2542 2569 3302
69 85 1195 1310 3758
115 542 1928 3257
1065 1700 2619 4002
306 2089 2545 3900 3943
1228 3145 4242
492 931 2767
1743 3951
156 1136 1239 1432 2971 4280
1948 2652 3618
1249 4135
55 3241
133 1102 1804
1643 1796 2470 4221
1734 2427
20 1094 1729 2402 3149
713 3342 3807 3828 4322
1690 2187 3428
1540 3197 3781 3944
792 1025 1630
2693 2747 2773
1547 2036
954 3942
2624 3805
1193 1900 2628
232 485 2371 2723 3402
116 1698 2699
186 1064 3529
3442 3809
189 392 2819 3897
656 3115
99 815 2620
1294 3491 3706
925 1499
85 813 3865 4264
1192 2375
1090 1733 2145 4242
1414 2670 3122 3901
3022 3820 4252
739 2170 3536
200 1051 4271 4420
157 387 2518
1187 4335
993 1208 1376 2505 2623 3791
505 2364 2608 2787 4277
902 1303 1612
4 3624
394 663 968 3189
484 1844 2749 2968 3357
2775 3257 3628
1900 2258 3897
526 853
2361 2925
1193 3999 4032
1117 4234
1247 1855
3131 4252
1127 2267
401 2216 3200 4339
3062 3937
317 341 1787
346 1486 1616 2899
3354 3576
41 3011 3027
155 4306
3865 4072
2574 3347
1458 2406
151 1643 2428
2899 4039 4405
273 2563
2896 4151
250 1837
451 1776 3821 4081
1045 1082 2232 2289
2443 2991
468 2219 2954
580 1448 1711 2410
12 1927
2218 4062 4217 4237
756 848 2013 2274
4071 4233
408 593 4121
2384 2708
540 2841
2537 3097
557 818
1354 1799
20 115
1451 3798
450 2122
1756 2409
409 1959
2866 3817
2242 2468 4098
62 2467 2538 3255 3805 4065
2240 2441 4017
1438 2667 3160
569 627 662
2644 4061 4415
1719 2891 4220
2238 3508 4138
2017 4099 4238
978 2262 4229
306 502 1133
171 3738
902 2335 2358
1430 2079 3170 3596 3855
124 624 1602
1705 3867 4088
1489 2708
2463 4317
1342 1612 1765 2173 4234
1680 2061 3988
988 3641
1808 4105
1866 2972 3346
2118 2202 3880
403 1629 1895 3180
1012 2918 3919
1862 1974 3253 3260 3599
271 1650 2548
2246 2551 3781
769 1074
316 2314
1217 1657 1745 3411
337 1217
658 3445
946 1597 1818 2179 3022 3847
2206 3111
2701 2973
572 1044 1672 4066
2304 2353 2998
139 1464 1605
562 3064
1585 4270
157 3939
419 3064
2413 2783
394 1337 3516
732 1730
298 2777 3832
3298 3569 4264
397 1253 1534 1559 2185 3093
599 1682 3485
367 3461
2547 3199 3782
272 2082 2401 4063
500 2855
1267 2180 3416
1086 2189 2775 3837 3984
916 1369 2111
357 2805 2916
204 1791 2129 2906
196 845 2797 3939
558 1619
2024 2875 2948 3012 3923
1664 1667 1726 2085
1328 2197
88 878 3304
272 1429
521 810 1706 4108 4277
657 2061
1869 2946
1456 1854 2618 2730 3149 3464
301 2383 3272 3569 4128
966 1466 2664 3944
1726 2163 2970
804 1523 2957 3467 4071
762 1657 3893
1872 3745 4013
92 676 3936
29 511 994 3223 3293
1334 3721
1231 3360
845 3023
1815 3257
1554 1820
772 1341 3419
274 2760 3769
864 1149 3103 4412
667 1705 3451
369 1701 3483
1119 1751
1141 1387 1524 3226 3813
307 3684 4164
952 2432 4213
479 1479
943 1546 1551 3716
1272 1692
1494 1619 3974
745 2162 3929
580 866 1977
1204 3265 3734
2347 2689
3647 4330
656 1215 4260
118 310 3307 3371
1538 2092 2866
1335 2244
981 2801 3028
517 840 1627
901 3473 3733
434 454 2749 3722 4195
520 1078 4224
1289 1795
1542 1918 2654 2974 3777
61 2757 3771 4271
1901 3034
997 1133 1734 4292
406 2697 3819
1008 1777 3345
2026 3612
774 3307
1967 2367
2974 3397
1430 3249 3465
466 1073 2076 3578
985 3866
1566 3328 3967
449 1114 2446
1771 2582 3388
1364 3182 3918 4102
628 2665
370 3793
877 1034 3345
1150 2056 4423
482 1582 2874 3394
1918 4199
855 1171 2463 2716 4179 4388
3883 3971
1031 2754
2821 2872
690 2150 2309
2042 3347
904 1974 2652 2838
798 1973
77 294 828 1375 1586 2372 3392 3449
368 2228 4200
283 938 3179
212 861 2635
1041 2536 3462
404 856 2667 3286
30 3755 4313
853 2078
105 2366
137 227 239 654 837 2018
1402 2691 2692
184 1576 1699 3210
1012 1185 1686 1941 3995
665 1308 2490
1708 2004 2385 3244 3974
314 850
1289 1554 1601 3968
1567 1656 2930
176 332 1719
317 1786 3756
551 1054 1979 2946 3652 3970
1647 2451 2981 3293
1860 2132 2224
635 2058
2126 2569 2982
427 3222 4006 4346
1628 2465
1716 1766 1929 3225 4171
2996 3156 3858 4259
3466 4288
2681 3657
2170 4378
530 2789 3845
1600 3837
356 442 2195
661 757 2348 4058
41 358 3542 3710
684 1327 2879 3086
275 1811
890 1563 1675
1020 4282
1916 3293 4096
3944 4402
2370 2950
326 1452 2430 2956 2977
1183 2648
167 1304 2874 4402
3273 3939
12 2644
153 721 1538 3908
1322 1348 2797 3337 3991
952 1517 1686
1606 2154 2201 3306 3954
126 2677 3381
2382 4202
628 2199 2376 3061
455 1058 1856
1375 4096
1399 2195 3838
924 2287
810 1325 2206 2954 4196
225 3062
331 2753
404 949 3048
990 1539 4276
3330 3864
3416 3749
834 935 3383 3535
1776 2580 2814 2855
544 3291 3957
2223 3191
520 2731 3594
102 1185
1588 2563
2691 4066
712 2308 4184
537 1765 2983 4110
94 278
912 1551 3538 4270
1354 3872
758 2776 3602
692 4107
108 297 1286 1885 4316
1866 2024
154 2983 3819 4051 4260
533 535 3047
259 487
824 2674 3038
427 798 1105 2518
333 579 1317 3780
470 2530 4094
703 3171
1449 2040
300 990 1049 1073
102 259
845 1185 3919
38 1806 3086
2003 4141
134 428 1777 3114
940 2351 3301 4043
469 3090
1395 1540
2257 2555
1719 2666 4180
2333 3899
2330 3774
2021 2183 3641
2077 2218 3608
364 3340 3551
298 4075
419 3364
3528 4355
1957 2520 3936
887 1305 1348 1478 2507
1915 2246 4247 4275
628 2313 3054
2409 3002 3978
114 723 815 1651
1489 4319
5 3227 3489
3229 3773
392 1446
2032 3660
2280 2423
1333 1930
2327 2543 2556 4361
70 560
300 1724 2588 2763 3059
307 4082
457 1419 3295 4094
84 3224
1409 2080 2592
902 3656 4302
743 1498 1752 4151
2091 3748 4140
606 2316
717 1516 1791 2060
427 1350 2064 3546
347 2005
278 605 1569
2221 2961
1738 2401
2014 2227 2794 2874 3675 3889
1120 3261 4093
492 2082
2995 3971
2655 3298
1335 2365
56 74
1491 4271
1294 3501 3575
3426 3898
1855 1907 2634 3162
1048 3749
950 1062 2562
141 785 2900
1231 2867
1565 3412
288 2039
231 3546
796 2826 3757
101 330 503 4039
635 4193
2549 3540 3710 4087
2678 3945
2116 2405
495 1588 3140 4159 4160
1434 3345
1459 2990 3187
77 2883
661 2576
1438 1913
108 2697 3704
3299 4249
1050 4135
799 2461 2572 3510
1536 2434 3706
1662 2135 4359
464 640 2321
36 400 467 635 1192 3212 3774 3916
13 3103 4030
1294 3763
827 1236 1262 2328 2949
949 1408
1245 1881 3061 4065
2527 2559 4230
111 2048
1558 2146
851 2182 3609
309 1239 1440 3043 3497
461 3014 3905
1022 1669 2492
2168 3216 3433 3477
286 1078 2013 2937 4213
1499 2886 3957
1492 2170 3082
39 578 753 906
1347 2581 2734
299 1704 2760
431 999 3319 4080 4383
2324 2650
908 3261
3233 4164
902 2571 3285 3331 4134
1138 2803 2823
4072 4341
1307 3553
239 451 528 1170
36 2384 3775
851 2760 3425 4061
1356 4148
1981 2001 3292
929 2028 3384 4216
226 437 1729
3 2805
327 1675 3072
1954 2065 3978
971 1845
2088 3723
1544 2680 4341
523 2036 2063 2904 4189
679 3265 3819
837 1183 1197
1234 2024 2341 2383 3915
1494 4333
244 2563 3764
604 763
2248 4011
922 2036 2389 3711
20 1680 2213 2435
2016 2223
505 2405 3425 3899
223 1891 3064 3585 3729
344 1568 2797 4264
632 2806
1255 1811 3909
581 670 4205 4402
613 1820 3830
913 1262 1463 2714 3177 4293
311 2982 3172 3481
2281 3247
1208 3214
358 3443
21 237 728 3498
2153 3124
1112 1194 2562
405 1846 3507
3650 3845 3905
25 2216 3843 3948 4399
308 2264 3868 4332
367 601 2901
388 1653
41 2690 2796
1352 1539 3189
750 4372
3329 3370 4064
409 641 2618 3069 3137 3203 3921 4321
621 1151
267 3108
262 710 2815
2328 2825
2092 3196 3845
379 1861 3239
289 1811 2499 4410
2000 2224 3606
2002 3000 4398
103 407 1254 2281 2289
885 1162 1307 2816 3107
269 555 566 2220 3677
3295 3583
92 376 1191
1580 3543 3881
186 233 2198 3616
271 1814 2501 2851 4171
2535 3710 4341
1538 1600 2910 2929 3933 4098
2146 3697
394 663 1770 3289
1632 3500
82 2197 2303 2948 2961
1166 1516
981 1319 4078
698 1554
1070 1388
2451 2881
1685 2539 3086 4424
1211 2813 3089 3470
194 347
1133 2828
154 2068 2162 3723
491 1752 2321 3214
618 646 727 1936 4409
1506 3368
692 1217 1352
139 1338 1371
641 3985
300 2865
348 2497
756 2357
900 1723 2390 4270
2361 2609 3572 3972
2199 3530
1060 2238 3633
3 3214
967 3014
1274 1530
389 953 2917 3077 3417
598 808 2479 2560
264 973
166 712 1911
2022 3332
1366 3139 3484 4410
505 561 1211 1626 2401 3370 4013 4369
1590 1906
2586 2732 4403
323 567 1757 2108 2896 3826
36 3496 3930
3039 3065
351 2012 3381 4004
2730 4039
545 974 1540 2421 3386
426 1719 3462 3741
710 2103
1479 1699
2832 3269
1311 3092 3241
432 546 2899 4321
739 1169 3033 4141 4227
2719 4186
713 2112
1376 2893
926 2022
1194 2818
98 369 1764 3791
1927 2283
285 1130 3499 3994 4331
80 1246 1271 3230 3717 3817 3947
25 1172 2982 4387
185 2342
1022 2925 3564 3691
1955 2358 3715
1298 3154 3432 3650 4350
513 3910 4339
138 843 2016 3650
518 610
1087 1157 1190 3661
512 3580 3605
768 2133
1699 2983 3020 3086
3090 3310 3577 4084
3241 3416 3715 3835 4262 4287
1151 1617 3338
228 1697 2452 2508 2913
421 602 2539 4280
911 1025 1359 3581 3843 4320
2116 2832 3125 3774
139 1810 2244
331 350 3720
1701 1778 3924
379 636
1881 3335 3384
583 992
1226 1283 3858
2361 2518 3795
664 976 1822 2655
79 878 1823 2582 2695 3411
176 1235 1253 2230 3542
137 195 3462 4022 4219
422 480 2766 3493 3564
728 2035 2065 3571 4254
1724 4286
89 2951 3384
1497 1716 4306
544 3252 3403
508 2407 3160 3543
2362 2624 3956
915 1809 2292 3907
169 1160 2120 4231
44 1506
454 3667 4082 4245 4300
1661 4369
1068 2044
355 3477
499 3517 4350
319 2139 2448
308 494 2302
734 3225 4167
1455 2960
2863 3768
906 3317 3634
280 883 2004
1480 4129 4286
14 1533 1761 1940 2821 3696
966 1472 3887
2108 2229 4043
175 624
93 402 1126 3104
1595 3821
1263 1302
129 1323
1848 2903 3087
412 3445 3647
356 1256 2472
253 2597 2842
640 1111 1313 4370
137 3959 4200
729 2119 2329
1836 2497 4075
68 3191 3343 4139
3502 4198
163 362 780 1868 3574 3950 4332
515 3422 3429 3560 3797
332 1666 1818 2318 3199 4377
1526 4020
607 2432 2776 4181
932 1675
916 3088 3563 3618
206 4078
3170 3480 3876
877 1531
192 1189 4201
743 1756
1400 1404 1817 3420
1340 1429 1447
1875 3135
636 1118
448 535 777 1001 2228
1648 3309
72 1090 1305 3834
102 998 2717 2946 3475 3662
2326 3838
322 1548 1694 2229
243 984 2954
162 258 1852 3348 3602
1502 3123 3621
1879 2722 3684
888 1031 1244
1539 1599
1613 2018 2696 3643
1043 3901
898 2010 2144 2359 2749 3869
432 2385 2487 3417 3988
1180 2590
211 3582 3800 3906
328 1821 2005 2032 2497 2635 2985 3006
221 476
930 975 1941
3730 4101
1926 2581 3796
85 2207 3775
1250 1711
924 1135 2224 2508 4223
101 1604 1877 1896 2058 3211
4 293 1170
1431 1877 2771 3433
231 3707
4101 4187
827 3681 3895
770 4250
2258 2302 4239 4424
452 2783 2933 3967
1906 2543 3709
1654 2771 2826
1037 2385 3722
35 3012 3523
1451 1979
413 1278 3222
275 1642 2785 3217 3449 3935
821 893 4061
214 983 1546
223 875 2404 4087
530 2148
429 1356
2575 2607 3157
1733 2043 2192
3122 4100
481 839 4368
2343 3081 4283
207 482 1702
931 1882
632 1237 1308 3726
143 3789
1413 2599
89 827 858
864 1856
779 2066 3300 3864
614 2809 3689 3787
566 874 3125 4384
907 1587
1317 2844
2088 3520 4027
3002 3603 4152
397 1310 3084
2496 4364
2595 3129
375 3183
2005 3401
288 1692
966 1075 3802
374 988 2549
504 3632
1696 2165 4185
164 2376 3720
1509 3719
638 1489 1999
2267 3827
546 740 2378 2726
516 3207 4032 4147 4368
1685 3217
87 1646 2092 3879 4046
230 3157 3210
31 1064 3383 3899
916 1999 2152
1229 1327
627 2075
101 1789 2544 4333
469 1235 1655 3049
1186 2893 4146
2552 2620
211 1688
120 724 1535 1952
1759 3357 3702
1722 3623
384 563 2498 2758 3363
974 1085 2777 3031 3522
390 2744 3370
257 1887 4378
3285 3914
1944 3460
1189 1663
1891 2536
345 940 3946
275 2476 3186 3244
2395 2546
54 832 2065 3842
183 806 1050 1175
1099 1134
2856 3499
303 2492 3621
925 2486
423 2887
2798 3427
2321 2617 3572 4241
1624 3867 4196
786 2896
1400 3228
1107 1699 2875
251 277
1087 2710
446 742 4343
87 2419 2570 2830 3414
167 3311 4294
3206 3947
204 451
1685 4190 4417
612 1666 3940
1307 1813 4252
1012 2851
506 2700 3006 3571 3953
878 1736
415 590 1995 3190 3611
301 837 2534
905 3847
434 2956 4159
606 2463 3758 4055
1237 1658
3653 3890 4024
1690 2591 3259 4272
183 2357 4004
922 1747 3109
297 3632
1539 2979
384 2459
356 3449 3664 3842
933 1766 2094 3439 3651
129 3165
3363 3467
2447 3333 3775 4213
471 1466 4077
1267 3805 4054
882 2727 3083
1622 2597
396 420 2188 2390 3162
2508 3293
1195 1812 3470
1172 2878 3289
1847 4140
602 2192
212 2310 2480 3086 3277
243 1529
332 2418
504 1769 3340
9 43 2572
126 2922
3089 3128
2149 3845
2320 3096 3616 3631
223 817 889
453 1559 3930
1757 1765 2347 3332
336 355 857 921 3668
616 4155
2663 2757 2996
78 670 1215 2493 2558 3249 4353
811 2922 3209
649 2458
1772 1993 2865 3390 4406
3859 3882
700 1206 2060 3460
1018 1772 2974
150 1393 3752
2808 2917 3490 3629 4321
326 524
3484 3490 3576
2280 3019 3170 3307 3595
2270 2562
394 577 752 1692 1698 3388
1077 3425 3924
3116 3411
2866 3384 3815
3621 3676 3685
1194 2616
487 2488 3368
549 1131
2441 2982 3269
346 2894
474 1347 2498
1391 2908
652 4031
2447 4121
94 1760
245 2017 3539
807 2174 4287
2619 2893 2991 3609
3084 3357 3499
2685 3788
1924 3075
209 796 1070 2069 3283 3758
1935 3693 3828
636 1795
1504 2825
1679 2466
2602 3968
3412 3584 3738 3884
327 2496 3998
186 3346 3390
1253 2237 4147
40 3445 3467 4066
608 610 1792 2062 4050
1244 2770 4073
652 3642 4066
249 2767 3326
923 979 2678 3307 4059
176 659 4066
1217 2777 3609
137 840 2668 3857
1775 2339 2553 3206 3221 3878 4071
265 3914
447 3394
820 2349 3508
1056 4260
277 2729 3344
1428 2496 2610 4175
917 3287
3390 4172
3385 3707
1884 3543
1879 2943 3607 4307 4412
203 2374 4213
286 988 2549 2573 3445
819 823 1415 3174 3555
2366 3124
1234 3905
1282 2276 2650 3647
2687 2981 3916
981 2442 3508
1018 2370
913 1901
627 3852
4326 4378
368 1224 3834
1327 1831
1148 1653 3600 3795
113 624 1101 1632 1818 2377
696 3131 3882
118 715
651 852 894 2278 3904 4246
316 644 2166 2767 3803
1983 2371
1375 2365
1569 4321
545 1007
755 1595 4414
3429 3567 3746
886 2893
1780 2246
3222 4145
141 514 680 2284 2498
561 1850 4379
1494 1641 4270
2759 3790 3977
503 521 2695
1234 2977 3128
1331 3129
918 4263
62 686
728 1514 2718
3046 3747
27 1195 2537 2793 3136
78 1236 1447 2554
1000 1768 1992 2140 2362 2813 3576 4220
187 3154
1399 1938 2063 3089
535 801 1402 2696
319 675 1280 1657 1697 2631 2702
943 1007 2040 2709
92 1912 3234
1287 1372
53 90 230 2581 2891
936 1171 1471
2001 2246 3256 3590 4209
782 1705 2150 3023
337 1151
803 2376 2600
388 1407 1915 2001
612 1793 1985 2441 3343 4042
1493 3084
2107 3490
595 3679
434 1632 2097
1138 1651 2652 4410
687 2110 2665 3446 4141
390 1728 3480
113 372 1312 1711
1596 2502
811 1992 3657
77 308 2596
1005 1174 2562 4096
1359 1537 4125
81 3360
178 3531
32 2080 2172 4291
1081 1498
85 514 1261
378 2723
2584 3380 3814
1502 2858
679 754 3506
740 744 2529 3141
86 1593 2593 4386
3043 3427
407 2480 2877 3565 4340
1800 2792 2996
367 1155 1592 1594
117 1710 3776
268 666 818 1851
312 752 2964 3904
493 2041 4273
828 1658 2133 3776
1252 1784
1334 1555 1648 1923 2374 3608
2018 2206 2841 3068 3537
630 1131 2642
622 1597 2067 2139
663 3526
2213 2358 3492
257 2108 3010 3412
1025 1780 2515 4247
255 4101
403 976 1833 3291
844 1944
249 403 676 4109 4182
936 1307
368 523 1308 3640 3984
86 1066 2555 4086
191 1741 2566 4055
894 1059 1976 4307
110 2036
2530 3835
494 595 1965 2985
203 3052 4201
2221 3733
1596 3096
92 3187
1002 1200 1416 1981 4320
84 953 1635 2480
2411 3065 4232
1866 3552 3998
768 957 1172 3714
764 1904 2577
616 3326
885 1010 3182 3729 4422
2712 3516
1576 1996
414 1075 2558
2376 2784 3255
225 626 3347
922 3178
3137 3653
909 968 2226 2525
1160 2960
1739 1768 2597 3297 3443
447 1885 2849
1226 3189
1086 2727 3503
159 3069 3959 4316
104 484 1481 2395 3441
505 837 1254 2896 3557
860 1609
12 2555
913 2161 2223 2655
139 176 2307 3564 4116
1705 1793
546 956 970
1098 2074
2696 4121
1452 4297
3075 4384
2211 2258
73 965 2326 3743
2044 2852 4185
1461 4399
1149 3534 4205
677 2574 4179
997 3074 3543
2397 3992
2481 4392
228 2890
1992 2847
571 1698 1932 3589 3610 3849
620 4022
172 740 828 2108 2626
1556 2077 3768
1299 2958
2160 2493 3872 4375
334 893 2905
2030 3726
726 2651 3622
1825 2120 2543
2409 3200 3894
432 2471 4002
2168 3508
2534 2957
117 2457 2526 3546 4159
1710 2107
540 1731 1926 2145 3549
490 683
425 1317 1490 2055 2899 3172
765 983 3228
1908 2138 2415 2579
702 1077 4404
1216 3788 3953
851 2047 4185
1751 2115 3664
1710 2578
98 3363
611 4388
452 2838 3223
2555 2960 4189
750 2591 3782
202 1383 2496
1418 4330
1514 1887
844 3631
1661 2245 3869 3963
27 95
398 3702
2246 3025 3287
1454 1948 3353
201 2847 3480
2936 3006
79 1489 2251 2267 2577
1112 1498 2661 3999
601 1074 1214
639 2367 2864 2942
304 431 3720 4100
2755 3577
1377 2537
483 2078 2288 3333 3379
2015 2594
1029 1700
1095 3202
2554 4100
447 698 2819
1107 1791
216 2475
963 1782 3518
1225 2147
1996 4164
2256 3516 4335
578 1334
831 3084
256 677 2573 3918
305 804 1554 4371
1256 3702
232 2481 4287
367 961 1517
1112 3734
26 1655 2625 2746 2785
1428 2422 2610 4352
2476 3692 3990
702 1018 1329 3648
2877 2975 3083
423 689
523 1760
378 953 1806 1944
16 908 3879
463 2160 4036
1363 3373 3390 3985 4096
771 2568
558 3016 4365
2265 3306 3991
35 201 223 349
593 3594 4278
452 2937
817 961 1981 2921 3393 4128
1598 1831
418 973 1374 1954 3704
579 2491
1726 2690
4389 4404
1643 2644 2746
1334 2344 2701 3115
2110 3502 3571 4389
840 2458
2982 3042
2440 3484
1666 2083 4095
57 1676 1677 2295 2550
2731 3264
855 2299 3839
2401 3502 3714
980 1341 2883
221 1901 3961
262 2096 3160
3411 4142
1433 3928 4211
1152 2548 3470
460 2695 3703 4139 4225
2242 2445 2902 2991 3668
1102 3293 3936
1161 2971 3997 4039
1931 2997 3267 4101
703 835 3107
588 1858 3381 3802
287 987 1455 1993 4195
761 1974 3918
503 1146
2010 2016 2234 2793 4123
456 1872
572 2349 2393 2679 3905
703 1026 1368 2782 2922
2074 2349
1044 2695 3872
891 1670 1925
1204 2342 2872
439 1243 2228
312 973 2289 2921
1617 3905 4022
2273 2566 3422 3686 3774
1680 3534
446 4004
244 2151 2810 3190
1875 2932
1098 1780 2672
525 3057
1902 4145 4248 4254
544 1922 2859
588 1504 1914
1642 1820 1967 3665
731 3186
1543 1911 2430 3387 3919 4233
3413 3420
795 1422 1501 1900
314 445 2297 2634
260 335 2030 2416
442 2203 2931
1527 1651 3562
1578 1753 2115 3907
2950 3950
2059 3467
1965 3354
485 1118 1439 1612
475 858
545 2015 4262
3253 3853
904 1050 4010
2498 2831
497 742 769
54 1129 2576
2373 3949 4065
396 918 2566 3899 3900
452 700
2178 2594 4259
1348 1757
2997 3105 3153 3968
189 1265 2709
4110 4224
1135 1606 4206
1302 2470 3292
477 1834 2181 3597
999 2158
356 868 3635
248 765 1402 2401 2536
246 2962 4026 4103
911 1246 3086
1366 2388 2594 2912 3922
681 964 1682 1960
2443 2494 2595 3269
1284 2773 3533 3784
2079 3556
3456 4139
1452 2597
729 3483 3579 3629
191 1343 3672
2511 4396
1565 3350
1056 1085
379 3788 4313
283 1282 3909 4267
609 3758
523 1894 3049 3129
2917 2967 3277
1082 2187 2391 3869
3 1514 2506 3598 3943 4244
1424 3519
1375 2822 4145
296 2105 2603 4087
1538 1747 2434
188 2137
779 1673 3736 4176
285 406 888 1302 1643 3387
3478 4139 4271
46 1363 3449
282 670 932 2819 3683 3881
840 2417 3734 4256
2123 2900 3560
2194 2220 2961 3377
579 2047 3229
590 3331 3708 4147
962 2017
25 2496
1652 2884 3460 3554 4316
691 3321 3332
1338 4234
776 2218 3000
934 2261 3038
274 2264
1939 3199 4061
2024 2539 4224
607 2715
132 439 1414
1141 1540
1182 3454 3715
813 3440
1118 1253 3551
753 1258 3718 3837
361 563 1132 2500
1299 2280 3674 4222
317 428 2983 3553
72 195 367 528 2196 3741
1579 2261
186 424
238 1891 2850 3182 3197 3599
574 2994 3233 3825
883 2823
445 2221 2575 2973
182 829 2001 2690
366 3306
166 3397
122 3185 3343
180 1028 1441 1571 3190 3662
1258 2383 3278
1289 3681
1502 2210
196 941 2154 2977 3531
2300 2544 3957
39 1031 3088
684 1667 2747 3781 4058 4106
101 638
875 889 3519
256 446 672 908 1304 1769
1103 2918
555 606 1724 2491 3802
1114 1161
2773 3856
90 2491
902 3871
1151 3503
494 3068
62 803 2403 3104 3523
561 3967 4231
710 1802 2581
823 1252 2191 3630
374 475 1313 1679 1848
917 1244 1703 1984
533 4398
363 1238 1951 1956 3425 3686
332 397
1722 1749 3575
1696 2702
1401 3328 3747
367 922 1672 3637
119 3254 4136
1247 1805 3050
794 1596 2467 3297 3734 3901
155 2702 2716
3003 3079
205 1378
238 1516 2722 3749
1267 1364 1894 2148 2797 4101
1176 2302 2877
963 1459 2408 3381
1060 3412
3591 3998
923 1750
109 4404
787 1973 2793 3673 4283
1761 3459 3967
1450 2465
169 3144
199 2945
1406 1754 2093
1006 2025
932 1583 3290
1985 2945
2837 3964 4157
2001 3435
316 568 2029
1170 4146
2889 3289
686 2913 3045
247 2659 3526
1657 2077 2358 3996
39 297 529 1642 1925 3087 3145
164 1964 2504 3917
2221 2283 2407
164 326 962
1618 2396
57 489 2006 4062
536 2360 4199
3225 3290
98 1027 1209 2294
32 428 3135 3921
590 1281 1874 2153 2267
3268 3920
3292 3419 3788
942 1840 1906 4248
651 3151 4093
276 1391 1519 2001 3252 3653 3864 3915 3957
190 2673 3072
1213 1825 2754 2771 3363
65 1441
2924 3614 3629
1716 2956 3235 4189 4215 4330 4345
3220 4421
2589 3577
1314 1980 2368 3788
206 354 2741 3028
1326 1335 1787
2097 2207 3575
1768 2789
524 4353
197 1452 1651 1896 2308 2547 3086 3857 3998
1651 2986 3385
1426 1479
81 1996
2130 2596 3504
1859 2234 3398
17 129 2523
104 2206 2890
1143 1245 3664 4316
489 2095 2326
1589 2438 3886
1653 3412
2276 3167
590 1380 1617
195 437 3717 3920
1674 2165 3012
104 112 912 1112 3000 3150
2101 2133 3818
1216 4043
3049 3169
681 1120 3209
1136 1310
2016 2359 3473
3777 4298
2480 3911 4061
1243 2371 3512 3763 4240
1076 2837 2857 3456 3682
2180 4043
26 1772 2082 2088 4234
40 1110 1875 3920
776 1050 3100
852 2137
368 4057
1014 1070 1163 2151 2320 2896 3303
200 1932 2247
465 3808 4397
194 3780
87 4361
922 1166
852 1278 1753 2519 2560 3264
1692 2536 3732
641 1609 3087 3469
896 1571 2055
489 772 1929 3541
1005 3866
1915 3054
1084 4077
3927 4259
1123 2218
767 977 1649
2722 3932
1746 1857 2406 4109
1863 2494
175 349 399 1208 1564 2319
889 4260
402 1145 3769
1249 1839 2282 3851
1791 3489 3866
1514 2032 3617
2047 3018
979 2041 2177 2657
1990 4321
1046 1610
340 2202 2584
911 3166
1363 1821 1969
816 1297 1890
908 2032 3222
1820 4030
932 4062
1020 2324 3050 3625
571 757 882 2355 3045 4156
2868 3838 3848
2416 3184
480 3180
2317 2916
936 959 3422 3679
805 2900
1628 1983 4097
570 1967 2558 3913
405 1504 2146 2713 2788
269 805 1894 4175
1621 2026 2307
422 3380
140 1010 1273 2707
3246 4087
55 185 1877 2251 2985 4338
1044 1430 2032
684 3189 3473 4058
1394 2198
1832 3330
1837 2815 4103
939 2053 3794
446 685 1814 2518 2955
342 609 3496
1514 1658 3136
1074 2283 3496 3518 3524 3992 4190
2453 3700 3803
1706 3907
1588 3747
1006 2966 4174
607 1245
764 1261 1859 2967
477 2992 3150
2025 3287 3916
191 1136 1389 1865
638 743 956 3006
1881 3271
995 3582
1496 1690
1378 1553
1588 1621 1772 3520
1888 2345 2835
2636 2872 3704
1349 1730 1855 2631
1902 3177
1926 2533
2154 2201 2202
273 3056 3333 3438 3679 4170
381 2987 4378
1877 3081 3147
314 495 631 3349
1773 2797
323 1494 1629 1893 2459 3375
158 3227
2404 2994 4022
353 1521 1562
2404 2569
918 1567
2067 3024 3666
2 122
40 2044 3885
329 804 1276 2693
18 3359 3963
295 809 3892
287 3112 3141 3251 3449 4012
655 662
1392 1611 2372 2879 4182 4391
2355 3760
124 2096 3773
2019 2609
1748 1875 2092 3507
281 1136 1828
624 3334
535 650
2197 4179
2058 2411
1598 2352 2672
568 1959 2847
1351 3851
1356 2405
2341 3379
1783 1911 1974 3512 4011
230 308 2477 3811 4332
1693 3694 4331
1607 3218 4027
953 1171 2416
3088 3990
22 249 3067
1959 2388 2493
2057 2326
952 2101 3596
823 1694 2082
1298 1571
1810 3111
614 1420 3507
890 1988 2105
207 3280
1374 1513 4253
1536 1922
402 2086 3385 3523 3789 3960
789 905 1317
145 950 1668 2759
713 3536
815 1723 2494 2927 3183 4115
1969 1979
553 2383
302 2454 3369 3929
2154 3630
2342 2406
657 2954 2960
1067 1337 1829
512 3621
810 2672 4167
161 4287
524 4178
2331 3858 3985
584 1477 1640 3217
1037 1070 1599 3172 4069
1861 3522 3535
1608 3241
3 609 1383
3064 3510
2563 2739
1408 4198
2228 3121
132 799 2205
181 1057 1101 1734
161 1823
281 453 710 2421 3150
822 1147
422 539 3675
1639 3608
1134 1737 2836
2702 3554
765 1118 1272 1696 4333
752 1629 1646
2016 3402
224 644 2802
1495 2733 3688 4361
3363 3562 4326
1695 4030
808 2017 2807
2426 2894
2613 2736 3714
80 3380
1561 3028
3573 3852 4190
641 768 1597 2861
986 1252 2836
956 1519 2248 3055 3399
891 967 3114 3280
689 729 840 2445
215 1976 3172
629 1843 2024 3958
57 2317
166 2918 3695 3723
1067 2441 3139
95 1561 1823 2475 3540
198 1342 1787 4068 4352
563 1269 2032 4203
1 154 1154 1461 3394
956 1720 3599 4281
194 756 3254 3733 4053 4188 4372
307 1444 1989 2521 3305 3435 3749 3983
316 1821 2344 3352 3407 4144
98 269 1766
472 802 1843 3846
2782 3056
57 3108
938 1939
904 1513
1284 2038 2110
1292 1838 3729
449 595 2661 2760 3604
1247 2349
620 1677 3931
472 2143 3012
469 594 1047 3897
1834 2235 2359
21 2077 2682 2888 4368
610 2646
1010 2723 2977 3837 3882 4135
1850 3554
3354 3543 4162
1783 3128
822 1789
456 537 547 853 1192 2121 2919 3926
310 701 4193
1850 2531
577 890 4320 4345
512 2503 3705
1303 3960
1090 2958 3929 3962 4290
327 552 1737 2322
2224 3183 4103
947 1797
650 3884
1839 2327 4219
970 2070 2855 4241
611 2258 2603 3108 4242
3226 3851
351 1954 2987 3870 4032
44 100 558 1601 2522
724 2796 3032
2708 2731
42 3304
516 1982 2867
1400 2229 2828 4345
412 3401
517 2369 2491 2843 3110 3466 3927
2036 2154 2194
1297 2839 3401 4090
90 1075 3102
1331 1405 3102
1100 1149 1631
457 560 1137
332 577
653 3955
1867 3897
1010 2302
2426 3018
921 3932
689 1898 2331
2288 3389
2878 3605 3748
190 2099 2730 3150 3706
223 1130 3756
1306 2712 3465 3592 4258
2068 4019
1228 2287
1496 3165
514 1941 3795
1026 4115
823 1641 3000 3533
152 3989 4085
1672 2588 3793
1303 1382 3600
38 614 2620
1967 3753 4205
556 1244 1850 3160 3937
1709 4145
545 3739
2653 4326
323 1923 2678 2903 3292
2111 3174 4068 4235
304 3682
2163 4344
198 2176
69 1024
2029 3839 4144
2408 2886
29 3345 3731 3842
481 4023 4042
1696 3060 4285
1784 2875 2988
313 2406
458 754 1833 2507 3569
2447 3605
1053 1878 1972 3216 3282
2059 3964 4026
432 1439 3315 3421
2890 4178
586 1680
1000 2382
362 1022 3098 3414
848 2222
463 2426 2617
165 477 1319 1866
1280 4130
523 3889 4396
2656 4002
2698 3971 4083
3586 3960
1713 3285
310 1817 1845 3261
476 859
440 1106 3492 3666 3754
2180 2195 2328 2706 3068
2733 3417 4280
791 2223 3011
3196 3243 4035
1852 3394
1409 1760 3541 4133 4335
1752 2931
3226 3238 4136
331 1198 2800
3138 3704
988 1949 3944
1064 1695 2429 3676
1060 1306
1511 1866 2245 3920
929 932
978 1202 1346 2740 3347 4302
311 339 3585 3650
487 1420
424 3496
66 832 2672
310 396 672 2315 2405 3250
1332 1585
941 4096
1700 2046 2058 3180 3423
12 1065 1119 3715
680 3050
1036 1847
799 981 1420 1637 3200
531 3856
127 191 1076 1453 3084 4209
920 2720 3668
1026 4148
781 976 1276 1414
1952 3306 4283
1906 3766
119 3322
859 2851 2966 3506
2692 3104 3862 4261
1078 2238
500 3159 4220 4414
2696 3341
855 1980 2145 2227 3605 4385
2103 3768
577 862
864 922 3237
3637 4290
391 1103 3015 3096
2188 2360
2244 3110 3731
1385 2430 2538 2745 3420 3421 4271
222 1143 1728 1732
2092 3791
536 4328
211 971 2397 4419
2583 2749
2050 4402
1077 1906 2298 2995 3534
205 414 1304 1602
3387 3807
6 827 2282 3928
1168 1880 2760
2106 4121
2224 4258
1362 1701 1733 2027
1352 1723 2763 3887
1409 3354
330 1375 2644
1197 1507 2730
1086 1153
763 1216 1592 2600
1151 2487
953 4120 4196
168 2770 3292 4392 4397
164 3207 4348
73 3455
1458 2975
1797 2890
1023 1054 2577 3902
758 2222 2498
1963 4309
1613 2301
735 2185 4075
1286 2767 2804 4055
1330 1646
337 2135 3690
654 3371 3654
1963 3954
3653 3965
56 989 1946 2641 4278
2739 2845 2992 3736
2416 2747 4421
2502 3710 4152
1040 2263
813 1541 3156
1669 3544
1520 1830
613 3180
3182 3627
2505 3039
2396 4285
655 1332 1811 1979 3207
70 1143
1484 2853 4257
32 4114
41 3393
61 1192 4342
2561 3710
1277 2878
1447 2513 4077
2901 3796
1478 1561 2785 3086
440 1900 2030 2945 3104 3472 4012
2490 2985 3002
448 487 1613
3247 3250
1780 3643
1271 1386
542 644 874 910 4215
1371 2682 2839 3005 3075 3694
20 440 535 1607 3331
447 1377 4088
1933 2363 3101 3412
244 1691 1892 3291 3508
115 801 2513 3589 4306
160 3197 3277
3095 3387
3204 3882 4421
2491 2829 3562
818 2425 2844 4369
583 692 1831
3987 4152
1658 3728 3754
1010 1741
38 3209
890 1654 2586 4226
2130 2377 3413 4328
387 1126 2800 3883
2048 2294 3559
537 2397 2801
217 361 1385 2298
3465 4342
731 3554
383 1224 2866 2952
2657 2683
1383 2094
1047 2152 3238
2267 4138
3225 3296 3643 3971 4178
118 1453
2596 3445
309 616 2614
454 632 2410 2540
1316 1808
796 870 1751 2433 4000
380 2971 3315 4005
1408 1922 3355
87 413 2230 3416 3641 4292
703 946
732 4336
2169 4241
267 743 2315 3607 3633
1108 4009
2734 3129
89 2931
3286 4410
2203 2706 2868
1140 1378 2756
1970 2591
768 1001 2506
868 2553
38 3616
165 540 2343 3748
92 130 2459 2735 3059
424 3183 4079 4344
320 458 2580 3725
550 795 4274
440 1535 3419 3949 4273
1820 3448
4156 4300
287 3076
956 1419
86 1427 2162
976 2900 3494
3059 3564
2701 2983 4246
1849 2278 2880 3261 3652
3170 3249
65 1956 3933
330 1179 1246 2719
214 1954 2745 4316
136 655 2193 4192
388 502
484 780
3491 4217
2692 3859 4412
578 2663
2832 2857
1554 1614 1768
2507 3162
1795 2652 3914
433 3113 3219
2214 3551
374 1879 1996 2341 2484 2552
1081 2720 2945 3332
2153 3810 4239
704 2560 2599 2790 3766
1791 1959 3160 4199
1998 2018 2426
250 3654
1987 3051
3043 3533 3681
415 3456
420 751 1421
2113 4025
736 1059 2272 3978
1252 3233 3297 3591
353 456
1553 2106
771 3270
78 749 3299
1520 2342
665 2619 3528
408 1264 2667 2861
274 863 2766
635 1465 3081
1104 2514
2382 3892
717 1211
290 1693 3695 4324
396 620 2154
92 366 1252 1742
2070 3060
1811 3129 3350
404 2047 3938 4252
719 968 2300 3071 3400
1237 1427 3689
1138 2754 3404
617 1720
706 1894 3654
140 242
4021 4084
48 1050 1875 2758 3946 4042
1461 1491 1998 2904 3135 3325
1529 2812
2775 3268 3827 3949
3999 4406
945 1630 1714 2508 4068
175 211 2636
1480 2054 3560
909 1025 4011
331 3261 3792 3951
3250 4107
770 3764
442 3735
451 2201 3242 4099
1372 2841 3119
374 923 1880 2252
343 2524 2772
276 4154
520 1311 4141
1872 2061 3605
79 239 312 588 1747 3061 3953 4017
256 1123
2160 4079
1492 1928 2803 3527 4096
68 944
194 248 516 1962 4002 4193
433 1308 1506 2999 3748
934 950 4001 4110
970 2279
409 1206
1274 1335 2500 3872
331 4294
1580 2662
1912 1960
866 1596 2458 3167 3678
670 1308 2994
406 2061 3602
976 1714 1934 3137
90 1228 1910 2184 3864
2276 2631 2759 3480 3732
366 655
790 3205 3903 3963
14 3279
975 3133
2156 3088 3866
861 1374 3499
14 233 1149 1307 2891
1283 1602 2882
1301 1705 2930 3237 3902
3234 4245
2503 3277
3455 3637
557 1141 4114
51 3373
1296 2893 3745 3783
3925 4274
225 2521 3988 4254
2134 3022
1115 1537 2148 3053 3084 3915 3976
2022 3299
2915 3378
2748 3921 4326
2284 4300
2682 3163 3623
202 1199 3715
75 1504
736 2718 3439 3648
128 2723
1628 1778
1096 2361
1718 4355
379 2063
817 981
1373 3976
1338 1442
693 1995 3657
56 413 2508 3249
2574 4252
594 647 1296
1381 1546 1864 3504 4028
2296 4192
3851 3911 3971
786 1538 1634 4136
1318 2569 3371 3978 4038
1138 1723
772 1781
415 2003 2437 3139 3466
497 947 1038 2024 2591 4223
355 1035 1579 4085
312 3080
603 2684 2799 4333
122 600 909 1034 2251 4105
3074 3984
2533 2763
118 1148 1387 3525 4220
484 1732 2373
577 2515
2534 2775 3126 3676
1427 1776 2108
864 1280 1313
1996 3160
1613 1688 2555
1839 2706 3048
1776 2857
1474 4050
1770 2741 3205
1990 2036 2172 2239 3812
484 4000
3 790 941
1044 1819 4409
1242 2446 3360
42 1618
496 1560
94 490 1232
344 753 3541 4105
35 2621
2896 2967 4389
707 1629 2946 3171
959 2220 2873 4287
82 195 995 4023
803 1845 2810
2730 3719
962 1807 3055
1101 1594 2861 4397 4421
1428 3343
859 980 1408 1452
632 1577 2734
1064 1676 3073 3612 4101
871 1692
279 433
1222 1838 3262 3323
534 2074
1224 1866 2450
86 702 2215 3168 4406
582 1894
2697 3996 4085
42 1347 3531
1050 1807 3540 4284
661 1318 1642 3470
1252 2233 4383
475 2620
3445 3595
266 914 2838 3173 3402
2135 3122 3223
4215 4254
380 1838 3071 4127
1931 4342
774 3079 4098 4099 4365
1716 3231 3705
1894 2059 2884
424 447 2386
1478 2683 3145
2515 4172
417 3484
428 3521
3005 4226
1602 2232 2643 2878
1932 2318 2364 3420
82 799 1310 3696 4416
1827 2878 3168
2125 3161
1873 1895
1242 1737
2639 4237
386 741 2265 3345 4171
4175 4208
1388 3190 3240
836 4197
2403 3418
1248 2492
722 2888 2974
253 2057 2212 3074 3764
100 179 3006
412 2597
2573 3656
497 1765 2614 3689
983 1051 2172 3184 4418
944 2446
188 1559 3714 4044
1260 1972
1590 4196
1006 1082 1496 4074
1782 2022 3692 3780
941 1141
3258 4312
748 961 2303 2383 3255 3531 3679
887 3663
1022 2003 2807 2839
1069 1941 3169
104 828 1289 1821
129 212 4160
1751 2603 3887
1330 2302
102 773 2090 3904 4402
385 1313 2267 3049 3111
61 278 3787
1080 2435 4226
97 401 2973 3227 4335
978 2202
604 2020 2111 2330
515 3773
2135 2992
544 972 2380
918 1959 2519 2782
580 1924 4102
1486 2316
117 2500
1474 2102 2743 3689 4029
526 1118 2315 2415 2823 2828 3380 3838 3986
685 713 1393 1551
638 2167 2570
2298 2571 3156
3641 3755
89 1349 1796
2989 4380
1693 2242 4124
36 144 430 2994
1792 1851 2816
217 4272
867 1117 2867
861 2450 3528
2364 3616
190 422 1279 1997 2715 2971
1548 1981
3092 3781 3796
175 1414 2773 2805
1831 2505
2874 3346
703 1713 3054 3067 3838
2057 3041
1246 3992 4274
789 803 2353
569 1409 1955
1215 1699 2219 2311 3437 3975
1638 3514
1268 2704
1478 4076
135 798 1221 3660 4145
206 229
587 988 3536 4091
2542 3415
1455 1825 2287 2533 3150
2595 3121 3492 4065
422 2208 2470 2653 4069
739 1315
408 618
730 2475 2888 3536
1964 2884
179 1527
279 2067
2433 2445
268 789 1242 2822 2970 3087 3492
1056 1580 2089
2638 2996 3774
692 2061 2850
1065 1573 1981 3011
125 154 1325 4157
615 719 3916
1901 2498 4220
551 3599
1338 2584 3192
945 1042 3835
2698 3982
137 154
943 3474 4335
979 3596
63 2999
2708 3651 4009
603 816 1097 2282 2589
1071 1531 3560
282 955 1227 2236 3062
2616 3519 4075
2040 2959
2260 3625 3630
1176 2011 2201
598 2582 3752
1210 1301
1732 2342
812 1561 4196
1527 2819
598 602 2376
1141 2153
1225 1742
1001 2193 2978
967 3965
1767 1818 2506 2612 3874 4290
818 1818 3930
1982 4014
297 1701
3021 3492
2590 4188
313 2663 3414 3865 3933 3944
391 572 885 1110 1166 3411
1621 3568
2750 3978
2329 3644
2003 2317 3259
723 2215 2460 3777 4257
817 3002 4416
361 605 761
257 2599 2920
1966 4264
508 660 875 3738 3851
82 276 1873 4228
386 2030 3420
96 2312 3576
927 3243
2134 4360
649 741 4217
859 2612
161 243 3912
399 729 1886 3472
63 573
594 878 1232 1321 2089 3486 4087
314 951 1641
1637 2709 4397
335 1785
836 2530 4308
653 2956
1334 2606 3244 3881
845 1476 2328 3121
1383 2321 4233
1100 3489 4098 4360
1591 4304
1946 1964 3466 3817
3187 3344 3525
992 1483
1159 3869 3968
241 1639
54 1000 1033
1193 1247 1448 1578 2775
1322 2212 3007
1398 2927
720 753 4289
1601 2989 3553
972 2278
468 1868
423 1848 2321
1835 1869 2047 2302 3145 3988
1512 1890 3866
1677 2915 3152
3639 4128
353 1258
628 911 1064 2554 2580 3204
2186 2513 4236
2024 2290 2946
74 538 2001 2854 4074 4154
1196 2782
146 2920
952 3538 4254
3452 4109
895 3796
228 3570 4298
65 1954
1277 4011
2510 2846 3654 3828
750 1442 2491 2757 3099 4241
646 1555
1127 1730 1988 2100 2672
1073 1123 2569 2828
343 3452 3705
344 590 654 2047
123 1320
1083 1670 4283
1874 3924
1470 1840
1020 2253 3169 3766 3904 4417
1278 3167 4085
825 3486 4058
368 1654
387 812 823 2409 3055 3717
1628 2682
1373 3821
169 2966
670 3930
1854 1924 3103 4414
1122 1917 4236
1492 2262 3958
2346 3012
151 505 4405
1278 3036 3996
571 1361 1952 2348 2562 3757
408 2036
503 2042 2986 3366
340 1823 4049
1648 3100 3604
41 1668 4002
1090 2101
1077 3229
2026 3680 3756 4394
918 2080 2370
147 554 585 917 2981
159 2795
1355 1735 2445 2448 2634
231 635 3236
1064 1369
614 1849 2729 3014
2117 2451
118 1219 1239
2458 3284 3576 3615 3883
2308 3965
2577 4141 4338
1440 1725 3702
58 4213
42 165 1220 3591 3757
1075 3700
429 3026
250 1435 2458 2680 3616 4289
2033 2586 2776 3424 3668 4356
203 466 901 1668
938 2931 3632
3289 3375 3844
76 1864
787 894 2614
524 2214
766 1847
1239 3188
1493 1787 3548
1760 2518 3340 3648 3771
2281 3164
111 1784 3123
781 3208 4239
1696 3008 4206
3360 3625 4248
384 544 3528
1101 1102 2412 4036
2531 2739 3185
798 1504 1730 2542 4055
238 2344 4305
2240 2653 2851 3452 4057
475 3152 3544
448 744 824 1192 3027 3584
1069 1887 3987 4363
729 1883 2791
1694 3711
235 3188
1665 4084
2546 2678 4109
2989 3350
1326 1900 1955 3356
3149 3509
1643 1983 1997 2145 2181 2195 2623
343 689 1446 3031 4014
1181 1380
1137 2138 2940
625 3498 3763
430 712 904 1168 2794 3943
270 430 500 1381
3085 4263
528 590 1529 2059 3654
1201 1729 3124
3635 3986
3718 3854
1514 1656
1769 3999
4 274 959
132 1594 2434 2755
377 3834
999 2345 3259
405 1555 3658 4060 4385
430 3608
23 1236 2759
517 909 1578 3341
1305 1378 2771 3769
588 1797 1995
228 503 2727 2995 3549
58 819 1480 2654
2416 2893
279 3391 3508
1167 2228 3877 4046 4401
3500 3723
1043 3546 3721 3882
2636 4277
318 397 3476
226 324 337 611 2663 3472
864 3756
109 316 1319
663 1502 3490
122 495 1585
364 696
159 1186 1236 2562
496 1226 2983
528 865 1679 2655 3734
3026 3160 3937
709 905 1052 2368 2727
2210 2459 3077
89 1603 2462 2892
720 3537
283 3406
1340 3593 3771
2194 2651
1467 1501 3504 3994 4115
172 247 1195 1362 1873 3138 4163
5 2580
2606 4159
1968 2191
2492 2973
30 3296 4410
1472 2077
760 3195
592 875
2 4 329 3742
236 618 2446
262 451 1167 1318 2159 2869
1650 3396
837 2676 2681 4079
835 3999
1963 3914 3932
617 1963 2322 2519 3024 3298 3717
217 750 1338
1459 3614 3968 4069
341 3020
409 2904 3082
774 2118 2120 2646 3308 3932 4056
3926 4091 4143
1401 2334 4082
1085 1114
1872 3338 3640 3653
2112 2258 2300 2574 2610 3060 4264
1535 2389
719 2160 3175 4364
517 2440
1284 2283 3768
67 137 3900
3647 3671 3958
1037 2945
590 2015 3115 3299
601 851 3251 3557
