883 1323
513 663
134 262
36 121
410 508 616 677 755
49 425 506 836
293 434 870
323 651
560 807
385 751 790
163 452
269 624
236 635
51 293 329 706
364 478
283 293 423 464 490 699 748
52 371 708 812 845
157 268 374 500
224 689 828
153 419
371 390 804
75 106 159 630
171 779
40 185 340 428
56 850
60 834 857
3 252
290 379 540 703
83 394
157 478
110 355
519 580 788
336 419 851
74 91 245 267
82 262 530 567
58 101 231
326 545 613
143 149 610
212 533 751 883
141 680 779
4 417 503 678
781 785
353 522 579 765
327 818
460 581
568 673 677
15 117
522 689
172 173 545
561 787
446 816
18 378 439 762 855
28 404 526
351 874
377 433 647 753 796
659 874
174 327 593 681
11 503 587 800
610 662
587 636
212 545 649 786 824
505 683
118 562 785
538 868
185 288 645
12 474
171 238 255
40 361 494 742
225 482 861
71 320 535
49 217 325
187 468 589 642
592 857
6 551 846
528 682
274 318 609 660
174 200 588 604 708
319 401 670
160 170 254 255
78 588 790
318 536 873
553 565
213 712
298 311 381
488 852
53 742
58 127 292
364 519 730 823 871
187 395 593 680
28 33 88 812
73 224 248
401 836
195 308 309 413
308 616 829
370 789
365 379 880
537 545
27 125 612
365 783
555 877
97 113 404 636 795
383 746
347 492 540 661 811
353 384
2 726
247 671
397 536
192 787
65 330
37 172 636
200 232 565
316 573 710 861
188 328 509 631 838
100 748
30 312
148 405 750
514 667
259 346 579 710 727
247 261 348
349 624
221 531 534
84 817 849
352 560 699 812 840
87 89 278 455
202 234 254
177 251 321
114 525
336 804
119 365 485
188 428 722
36 236 306 413
143 546 647
122 123 381 670 730 738
726 745 804
132 407 632
308 660
82 362 370 665
154 306
210 736
98 234
626 875
252 848
404 504
474 528 729
26 85 95 146
215 243 461 590
121 610 848
33 172
668 843
8 139 854
186 641 860
289 448 579 606 654 851
409 559 711 880
35 118 353 551 705 793
124 131 460 644 797 824
257 771
135 468 495
446 522
56 238 253 286 538
422 621
224 793
26 306 705 731 759
360 402
6 439 803
12 157
213 474
335 503 784
125 273 362 426
139 403 750
94 742
76 256 446
669 800
213 513 569 843
143 262 822
2 235 467 548
242 563 763 843
191 681 685
780 790 825
452 497 707
116 359 463 513
322 614
44 850
201 564 655 746
225 300 665
214 440 662
473 704
294 515
91 154 481 638 663
294 668
111 339
91 732
83 408 759
56 232 360 576 879
320 475
335 472 710 837
172 299 334 358 421 513 696
463 500
204 633 871
34 295 584 711
54 55 488 612 729
20 49 570
249 545
108 267 465
114 425 515 676
109 500
114 223
123 685 862 869
354 372 721
139 563 733
56 347 359
93 107 644 750 755
692 725
371 477 495
372 583
291 413 851
38 106 357
212 419 813
272 300 654
544 804
25 605 793
88 215 359 854
172 488 757 820
60 550 562 636
76 246 517 686 701 739
534 699
148 204 382 883
607 694 794
765 793
222 513 816
414 845
185 721
258 582
339 364 760 783
34 464 544 639
482 586 787
192 532 822
168 637 863
176 394 544 626
400 454 748
45 509 690
316 434
13 743 881
350 400 859
482 684 781 871
17 641 661
146 353 610 684 687 831
493 823
598 735
645 658
465 692
279 846
411 533
2 17 39 83
36 800
441 682 796
238 546
181 329
300 504 718 801
659 848
308 381
307 563
115 471 503 589
160 543
267 475
80 489 736
69 620
65 215 344 737
24 235 851
133 261
56 305 430 634 725 726
374 381 387
77 396
497 852
642 811
487 620
214 240 658
430 811
373 429
55 68 191 324 392 433 442 472
699 744
151 415 735
13 79 252 425
500 550 785
325 686
531 614
348 860
665 725
82 121
629 801
334 762 829
116 200 288 758
328 648
253 711
107 127 682 686
173 612
271 293
96 423
188 332
175 338 836
235 747 771 798
87 163 445 604 820
108 750
321 373 527 674
722 849
141 317 420 852
486 631 684
530 816
100 116 553
723 784
662 866
65 362 496
151 318 409
164 245 360 816
371 467 640 649 712 842
40 399
684 868
6 386 679 878
292 528
362 374 588
39 103
303 724 750
50 357 754
221 464 855
214 289
71 371 372 647
170 219 801 867
332 467
187 309
224 338 439 883
687 867
275 542 742
186 405 487 547
330 399
425 722
45 235 510
253 826
467 539 793 833 869
435 632
555 874
48 842
20 321 401
285 512
350 453 697
246 341 607 875
116 356 415 692 842
20 223 842
69 446
24 50 397 428 450
293 313 692
55 60 392 494
142 618 627 749 850
161 567 849
36 373 501
161 193 508 525
528 544 867
124 249 794
342 459
109 596 746
382 541
690 762 763
379 502 786
573 616
579 733
463 603 667 706
46 488 606 748
78 254 305
319 533 536 614 675
132 358 395 614 689
99 824
514 657 681
310 539
39 160
66 842
146 227 553 592 821 828
63 387 506 553 668
183 719
763 855 868
433 509 558 615
565 655
93 377 431 818
251 393 749 869
302 309
91 371 549
168 337 706
317 599 746
41 325 503 591
247 321 350 472 526 794 850
120 445
123 140 585
242 268 441
381 585 769
236 749 754
84 282 534
164 680
311 677 855
279 446 575
127 397 506 767
91 876
104 105 230
110 150 445
413 668
113 462 638 662
175 379
95 757
398 462 821
427 663
23 55 248 517 669
347 855
26 87 736
208 388 469 559 685 850
313 476 611 676
90 649
53 64 108 413 756
46 204 365
271 290 348
183 256 533 728
482 613 695
40 143 498 747
23 599 749
87 115 220 555 603
186 512 739
266 302
31 106 542 801
532 605
615 712 736
279 303 392
39 252 467 590 650 654
448 486 723
36 611 729
105 312 548
179 744
461 517 519 776
227 448 499
93 462
19 268 343 492
325 511 744
26 172 573 650 795
183 283 729
261 268 377 426 542 632 801
407 588
555 722
443 732 839
106 349 550 842
135 631
569 755 873
432 490 649
365 407 411
49 564 572 593
26 644
48 317 445
295 559 589 613 842 880
66 365 526
17 587 815
453 686
179 256
410 507 748
177 690
60 278 363
154 504
280 485
86 339
47 48 544 695
176 462
289 563 807
597 736 746 824 876
11 218 266
159 260 793
452 461 712 780
7 23 93 676
132 233 751
140 188 693 802 874
112 549
548 737
15 83 254 351 386
48 414 545
70 318
583 859
303 312 393 530 605
267 339 418 827
98 167 543 589
271 537
262 461 472 816
227 360 434 508 580 830
223 548
502 696
54 215
309 319 495
80 528
63 258 356 606 727
116 216 272 453 588 631
271 569
57 279 302 735
480 649
124 170
39 157 300 766
541 717 764 810
107 310 789
355 479
237 317 353
368 410 598
119 586
196 367
6 338 697
81 98 284 385 711
114 471 875 883
7 8 481 848
590 744
195 434 658 850
77 375 408
12 171
52 574
720 791
115 149 395 860
36 271 590 678 700
175 234 401 475
178 220 435 626 731 879
394 862
64 267 577 779
336 680 862
68 320
106 529 811
663 804
37 216 678
143 428 740
45 124 246
164 314 667
13 47 337
133 275 386 566
279 289
547 553 819
17 288
72 78 350
78 513 707 854
55 246 554
92 416 784
148 207 659 777 849 860
35 42 640 783
80 721
92 816
177 784
239 543 663 744 810
162 567 721
174 272 400 481 699
77 137
85 148 195 332 610 704
439 799
91 793
88 295 366 516 523 570
439 498 660 694 723 767
135 154 310 808 869
191 210 478 625
361 565
166 537
459 752
319 656 846
240 699 734 799
200 313 611
271 294 495 634 702 738
644 681
169 779
159 441
660 753
271 530
158 613
9 17 461 671
164 409 647 659 686 820
626 875
780 856
126 523
60 190 285 510 777
509 550
279 751 753
446 736
68 329
76 233
539 739
339 701
238 645
49 57 103 307 417 552 796 820
106 147 394 731
49 715 801
96 728
54 117 351
365 858
282 399 483
300 869
78 483 883
363 558 675 701
179 563
319 595 747
123 513
309 421
391 540 797
165 315 678
11 69 434
51 454 710
599 638
376 565 568 820
140 720
712 843
320 450 728 855
265 452 656
402 507 642
14 175 216 345 735 871
47 174 632 663 721 796 864
128 375 611
157 263 566
523 820
201 216 811
162 531
58 276 278 544
113 297 439
234 292 627
376 483 524
206 500
262 805
112 285 437 604
78 136 181
9 392 515 544
773 785
204 304
141 292 498
419 877
344 386
104 730
54 422
279 406 623 708 839
4 11 232 670
707 739 875
156 157 169 666 687
613 880
48 117
131 854
641 853
127 378
157 257 408 453 608
77 814
711 766
139 176 361 472 480
209 220
140 607 642 676
88 631 783 847
140 354
40 124 486
514 677 780
49 502
233 551 622
317 603
376 592
570 674
233 262 802 822
219 687 794
103 302 381 616 628
219 555
708 742
24 92 217
96 135 192 235 536
136 202 860
192 500 521
133 257 523 632
339 475 573 759
236 332 480 731
301 629 712 748
279 397 412 712 753
98 238
779 853
162 506
337 358 460 738 745
561 684
92 492 876
155 267 444 479
334 626
89 193 406 678
235 354 472
198 548 738
217 527 736
193 196 347 506 849
163 708
430 579 656
72 319 322
70 287 745
53 418 645 739 762
265 381
200 356
31 309 392
198 491 660
91 470 646
76 125 134
54 480 698
59 464
569 777
201 466 471
62 225
303 723 863
176 238 784
67 125 169 471 783 868
146 298 847
136 479
106 454
84 526 759
62 831
339 785
58 290 369
49 56 157 380 761
102 157 261 425 714 738
115 159 728 801 876
194 281
385 498 758 759
9 210 606 729
203 325
91 141 394
223 352 615
141 218 829
16 313
154 687
211 245 532
589 675
373 558
738 807
42 140 674
177 223 650 876
333 677
183 425 459 467 836 869
26 872
193 220 276
55 250 486 731
116 706
389 853
7 38
623 664 669 849
265 495 776
521 618
546 567 644
495 565
106 774
4 259
102 289 492
313 519
192 608
306 356 592
53 72 795
325 392 533 687 822
290 874
205 513
404 500
246 255 257 379 465 487 646 875
145 260 477
107 237 297
50 115 322 694
138 230 254 663
118 243 662 758
297 315 832
359 466
389 494 801
322 864
251 292 787
141 615 812
271 305
434 768
316 598 678 802
389 532
313 414 860
521 544
102 673 722
658 721
505 685
93 393 396 443 723
146 573 818 855
40 72 790
320 507 531 880
422 774
506 510
138 293 307 769 770
154 749
361 681
31 694 707
228 316
419 744
337 430 879
211 456
77 516 650
268 828
183 222 242 706
244 419 557 665
32 191 260 592
685 811
15 71 226
442 879
538 797
78 112 285
142 571
185 329 662
20 294 385 515
43 69
268 602
709 711
100 424
373 432
222 566 738
217 300 404 483 769
114 565
81 118 852
253 299 860
114 658
502 741
330 548 784
12 218 219 481 656 762 822 839
783 858
46 664
260 362 543 730
483 758
263 747 882
226 377
24 315
161 226 417
537 852 859
257 313 502
80 226 268 382
505 755
569 640 670
108 219 838
422 447 475 612 743 857
113 870
35 63 602 672 781
152 241 566
162 296 379 511
201 663
95 846
710 879
387 595
5 295
123 405
26 497 675 797
23 289 434 774 779 842
505 646 647
519 783
116 290
245 405 769
15 363 440 641 779
67 392 562
105 170 307 807 825
60 442 670
163 202
169 420
68 204 849
419 710
82 84 277
378 790
35 274 597 802
183 454
465 671
74 324 749
228 432
377 698
689 835
1 623
9 47
169 208 744
185 515 543
486 598
53 576 876
348 349 389
210 282 469 601 603
369 741
186 511 740
162 605 661 681
65 534
285 482 662
283 671
510 730
578 646
170 210 466 487 762
129 140 408
25 345
61 187 329
438 611
267 420 474 544
207 216
419 767
4 206 456
261 457 730
293 373 378 598 680
460 686
637 691
572 667 820
38 98
63 315
311 661
407 570 602 878
181 556 723
49 95 120 274
442 482 642
360 556 753
303 562 623 665 726 797
204 624 769
174 251 350 491
337 389 748
98 510
349 751
182 354 505 629
82 160 236 522
146 169 816 827
148 614 825
95 148 482 659
449 682 860
722 763
39 177 185 461
71 127 264 453
68 543 725
545 623
3 208 426
307 404 520 733 842
201 316 751
175 395 581 647 723 808
76 166
500 646
50 186 500 509
475 788
460 644 829 844
54 245 413
231 284 397 646 660 855
328 430 784
201 276 301 763
53 370
214 564 874
127 549 583
624 822
130 501
94 128 413
78 758
683 735 803
21 34 68 276 443
29 98 263 682 867
23 253
243 713
185 392 691
602 610 687 726
150 179
527 617
129 847
269 348 634 720
6 333 741
6 114 616 733 818
24 166
178 448
9 288 676 708
310 829
739 750
727 730
92 139
220 224 501 608
36 778 824
9 50 372
427 672
107 789
126 641
532 744 760
251 662 774
60 467 715
355 521
28 416
504 522 669 751
100 484
140 143 533
267 506
42 521
667 870
494 624
389 695
84 317 546
183 276 481 806 868
36 269 400
440 624 781
149 594
366 668 808
219 322 531 632 779 868
82 87 304 494 677
160 603
175 461 503
274 855
510 697
57 504
375 691
334 547
161 482 515
190 294 731 799
601 644 697
219 440
333 691 695
251 462
756 829
22 278 357
132 153
672 702
446 839
22 470
196 389 597
71 494 495
254 322
56 169 349 427 629 754
85 875
42 316 572 658
388 631 723
2 580 593 802 869
718 852 865
435 623
363 513
28 731
398 423 458 683
118 704
50 147 162 214 481
222 306
120 209 218 561
485 586 675
386 762
257 414 526
118 282 310 435 541
91 356 453 498 726
219 870
607 787 825
61 248
40 263 417 550
125 344 507
85 139 150 378 707 843 854
297 370 851 868
78 375 530 545 743 783
11 427 691
23 163 521
238 533 607
179 438 441 503 711
87 289 579 763
107 718 734
254 759
133 159 223 316 624 834
7 365 625 832
181 362 463
646 782 837
573 854
11 394
83 293 311 363
314 671
55 135 273 820
360 445 764 810 847
308 327 509 526 584
437 843
70 147 404
141 244 763
305 597 812 843
152 303 849
185 216 228 498
34 89 107 198 501
67 162
299 862
387 653 664 665
329 417 419
6 289 520 778
171 191 386
235 483 670
42 185 550
605 697
321 869
29 236 606
705 856
674 735
38 50 68 214
399 498
282 303 324
241 433
169 515
308 322 407
355 525 636 852 882
613 758
57 384 755
30 462 643 817
191 370
123 388 687 797 810
62 173
118 386
309 654
451 699
11 163 343 674 772
254 261
36 464 468 834
147 464 646 661 851
667 777 817 850
331 865
55 731
492 841
141 332 807
324 326 398 610 707
48 255
123 433
143 249 645
92 135 708
371 625
207 252 477
350 444 629
83 495
597 770 775
685 699
4 47 188 486 685 810
178 273
183 253 333
177 734
301 448 473
3 385
393 743
31 305 687
298 539
758 861
224 547
711 755
325 431 504
118 247 348 724
71 256 334
320 363 465
395 529
378 538 678
373 405
88 397
487 521 868
23 880
69 227 546
492 772
535 785
192 407 839
296 350
119 312 381
399 485
110 433 710 762 875
405 860
774 785
257 682
4 370 660 822 837 852
125 414 698 810 818
218 233 451 869
20 456
192 438
407 508 750
283 734 769
632 754
31 481 520 755
245 538 645
202 320
175 356 410
244 511
364 524 587
150 515 561 756
338 660
82 229 734 848
399 589
393 631
144 497 661 750 870
47 221 534
211 363
61 823
162 664 839
260 824
132 276 283 499 872
107 276 301 399 410 471 698 815 840
290 690 726
175 303
239 616
352 828
407 428 603 607
247 600
149 571
5 220 317 466
82 494 571 588
315 433 610
309 447 538 675 722
603 702
245 565
148 222 256 259 327 655
42 45 247 479 691 793
34 186 284
246 576
465 744
518 854
12 135 426 753
187 617 681
222 236 779
194 307 447 531
194 428
442 506
188 336 876
118 301 568
558 601
422 722
207 436 658
65 83 228 530
256 694 706 769 797
303 548 656
178 611 683 750
671 800
301 837
176 417 710
592 811
100 196 296 460 557
60 233 321 867
372 845
13 173
606 688
80 123 409 572
23 66 312 328 617 650
82 171 239 366 645
317 783
80 575 598 672
525 681 859
433 696
569 738
545 553 557
245 390 628
459 466
329 751
404 413
337 367 509
189 248 364 542
482 551
197 862
223 268 459
691 853
150 179 584
629 861
10 796
324 588 736
377 711
63 203
171 870
590 631
172 394 807 809
53 664 767
161 445 523 527 531 656
266 634
386 667
143 249 270 442 481 818
74 295 642
846 874
107 359 746
47 64 480
324 832
299 467 854
172 457 699 718 831
388 563
468 792
119 563 880
199 311 384
228 488 584 874
135 477
217 474 510
27 276 458 745
182 377
105 325 448 523 767 838
355 475 769
128 652 706 883
117 348 356
192 307
405 445 505 664 716
242 822
328 365 741
362 490 539
115 420 598 742
45 510
92 103 249 786
321 477
258 663 672
121 615
191 589 754
613 682
163 468 677
274 426
193 601
650 730
432 442 555
83 483 490 701
129 582 736 747
35 87 88 632 837
207 567
48 186 228 592
158 479 507 611 743 829
11 127
713 739
302 352 430 553
38 187 852
463 726
586 636
9 23
254 386 629
389 673 684
312 880
54 404
574 684
192 485 743
283 401
71 422 654
131 242 342 570
20 875
197 234 578
108 480 632 638
676 870 872
38 672
401 494 592 670
220 236 596 680
426 507
214 241
641 806
44 243 393 439 539 590 619 829
66 163 796 812
200 213 263 605 770
33 180
343 425 574
28 376 533 579
358 682
245 261 435 765
465 741 831
299 526 673 757
445 549
57 376 746
215 410 753 784 837
184 253 313 661
55 223 355 590
20 841
279 283
479 828
