2679 3958
502 893 1754
1263 1279 1673
163 314 1788
2004 2052
365 378 2350
587 1626 2107 2275 2661
441 686 2554
1912 2055 2413
2448 2550
1261 1616 1680 2567
1195 1929
1503 1969 2342
99 339 384
803 864 1815
358 931 1689 2533
215 554 1096
633 2310 2562
974 1426
849 1530 1707
146 1404 2339 2422
1074 1370 1717 1873
149 1734
106 2404 2528
676 1852
367 2630
1535 2599
885 1720
39 74 165
272 1043 1371 1458 2341 2657
127 2247
487 1955
914 1797
974 1094 1680 1940 2154
156 940
436 1846 2198
479 1134 2411
183 1143 1437 2187 2649
813 878 1559
1322 2166 2366
1985 2002
1025 1411 1873 1921 2406
739 2165
944 1191
149 2393
1116 1441 1515
1068 1088
193 2598
1177 1824
891 1450 2019 2305
397 475 1562 2524
160 1088 1120 1333 1468 1867
52 1291
118 1220
1783 1838
119 320 436
521 559 1857
427 1213 1599
1102 1568
205 594 2201
1431 2619
299 1235 1728 2225 2514
1881 2551
1608 1762
87 309 556
114 330 1189 1905 2190
439 914 1013
516 1709 1767 1994
351 1739
628 2577
469 684
26 500 932 1857
404 1345 2267 2603
666 1038 1843 2301
1079 1808
1834 2570
1388 1610 1955
1460 1570 1980 2545
458 818
404 513 2208 2565
1128 1248 2500
1504 2232
170 1456
497 1834
845 919 1859
669 1193 1529 2226
571 940
1087 1239
432 806 1142
462 1196
594 1151 1784 1844
434 656 816 1160 1530 1636 2664
2 222 688 751 949 1183 1564 1634
383 646 828 2627
49 1990 2433
848 1079
837 1220 2410
44 430 553 2422
447 1678
234 1158
592 2524 2603
137 690 1360 2346
421 1600 2085
664 2055
1113 1347 2322 2517 2617
951 1498
638 1917 2537
673 827
721 1394
960 2536
524 714 1869
490 878 1612
39 492 1100
1559 1736 2070
1563 2656
1517 1929
1343 2297 2325
732 969 1782
1362 1690
1181 1478
819 1688 2164
847 2607
411 1274 1973 2291 2647
159 1196 1239 1774 2200
923 2127
1008 2500
77 1165 1901 2489
691 1155 1198 1577
678 2228
229 981 1570 2236
45 1137 1608 1627
645 1133
90 1024 1190 1471
274 971 1530
194 257
2128 2547
436 2105 2506 2674
1032 1058 1126 1450
324 858
709 2156
767 1304 1602
1006 1212 1601
1027 1597 1944 2058
724 1141
1209 1648 2462
277 2492
1424 1623 1828 1898
557 666 1421 2259
817 848
581 1270 2505
381 392 470
373 1689
1684 2200
1124 2226
27 86 1184 1216 2502 2582
2384 2448
1933 2407 2542
648 858 1080 1780
1558 2175
57 266 1036
471 637 2307
701 1635 1716 2027
732 1824 2067
120 2183 2208
719 1492 2191
1015 1327 1551 1707
1390 1479 1906 2424
52 1505
163 1103 1414
479 1780
396 1467
731 741 1068
534 724 1770 2351 2635
1921 2184
620 875 2583 2623
69 499 865 2189
97 2136
1174 1606 1628 2184 2588
783 2420 2507
511 1539 2171
707 1686 2166
1499 1601
560 1246
315 344 1913
71 1557 1655
840 1197 1747 1890
1204 1593
94 195 1063
682 2489
164 1752 2079
99 152 282 422 938 1373 1635 1644
279 963 2672
461 561 1069 1120 1506
798 1121 1409 1526 1691 2272
210 1082 1189 1982
166 739 876 1719 1825 2606
1171 1287 2282
44 573 1590
4 230 1977
22 1925
1218 2415
281 324 1388
1931 2417
1054 1961 2619
1363 2140
162 1077 1675 2405
453 2152 2312
761 996 1704
573 1629 1711 2174 2444
3 596
478 727 2403
402 795 1445 2347
751 1319 1561 2321 2491
15 139 1452 2196 2657
71 730
1681 2317
1681 2240
1891 2445
1099 1773 1858
134 461 845 1708 1826
499 755 1494 1777 2570
84 602
145 1736
697 979 1369
34 327 1496 2666
456 1236
21 394 1300 1937
667 738 1768
1543 1748
93 1510 2358
738 2311
130 749 2031 2181
69 245 944
51 336 1078 2035
1107 1403 2628
1354 2345 2562
262 648
818 2608 2653
780 917
1056 1506
139 1126
242 446 820
1214 1354 1475
199 2215
751 896 1705 1708
967 1549
69 2445 2571
1261 1446 2218
24 1342 1549 1698 1933 2231 2674
2373 2520 2634
200 774 1543 1581 1716
159 980
185 1827 2556
1887 1937
993 2407
382 1044 2574
784 1019 1680
582 632
702 704 991 1056 1089 2117 2209
170 211 287 585 2337 2646
353 659 1107 1408 1805
602 1226 1887
294 564
48 148 423 1873
561 2106 2337
1012 1784 2333
209 1051 1276 2178
368 1713
301 1851 2551
30 111 1316
131 544 606 2087
130 688 1950 2364
293 1312
184 264 944 1379 2317
1570 1759 1970
4 386 2041
1541 1816
409 584 1420 1776
505 790 929 2088
283 2048 2356
1052 2180
1897 1905 1920
23 2311
532 931 957 1298 1387 1837
162 554 893 1434 2344 2632
393 1032 1582 2588
955 2195
1467 2076
630 1014 1105 1475
220 1172 1422
2574 2640
827 998 1928 2174 2659
1707 2029
1222 2073
59 895 1088 1902
1722 2589 2668
228 684 1652 2215
320 887
377 929 1421 1470 1537
941 1570 1639 2439
1334 1355 1445 1929
364 405 1303
1122 1340
553 1724 1780
1956 2590
194 1816 2385
1241 1832 1973 2524
352 1515 2525
496 2283
1070 1600 1730 2418
11 1681
162 1682
456 833 2048 2294
19 586
2127 2161
115 1174
975 1686 2096 2520
190 678 731 888
144 1523
1418 2226
470 796 830
617 1123 2622 2651
446 447 964
1326 2636 2677
947 1240 2251 2283
535 918 1178 1783
705 2197 2208
474 589
1118 1804
557 1388 1536
338 1239
819 2343
631 767 1723 2227 2320 2395
616 1574
117 934
1391 1413 1895 2090
293 1254 1592 1649 1657 2409
1167 2647
258 336 659 1578 2367
167 1648
1746 2381
643 665 1146 2114
425 743
204 618
1605 2357
333 517
464 1439 1515
142 888 1964
346 2481
296 766 2098
1038 1362
27 1355 2188 2388
1247 1536
824 2428 2542
1244 1266 1385 2310
773 2262 2478
390 1698 2026
872 921 1125 2009 2131 2260
1886 2375 2420
578 2315 2456
255 707 758
167 218 251
873 1000 1186 2086
388 1282
1368 2411
181 1317 1667 2126
1212 2109
658 1909
838 1107
241 1372 2382
125 155 678 1138 1312 1587 1971
688 1342 1632
975 1696 2236
1127 1676
243 570
370 393
225 1354 1506
1299 1893
586 1517
2156 2621
949 1826 2502
856 2608
1873 2070 2295
1430 1955 2609
666 1587
292 344 1588 2024 2483
559 783 1175 2131
376 857 1472 1894 2590
437 2357
52 556 1384 2031 2396 2619 2624
947 999 1546 1590 2116
860 872 1350 2095
31 595 1069 1520 1905
846 1201
1225 2024
145 743 2633
1797 1836
470 786 1353 1980 2183 2268 2584
612 2498
47 968 2206
866 950 1692 2429
992 1123
1054 1344
471 2494
406 2346
828 887
324 2060 2072
882 1617 1663 2607
54 441 1148 1316 1899
462 895 1012 2117
756 1783
1304 1696 2121
1748 2311
2495 2576
272 621
116 911 1521 2051 2425
1687 1920
163 851
1882 2181
496 1416
870 1762
55 1000 1312 1727
1106 1924
619 778 2473
871 912 1902
514 587 1317 1539 1949
741 865 1185
631 1620
10 1689 1751 2060 2404
1730 2518 2599
173 328 2314
951 1224 1934
45 72 115 542 1362 2039
62 2416
49 974 1113 1239 1428 1497
70 2313
721 1086 1456 2441
170 667 875 1213 1776
111 1761
1078 1281 2376 2509
804 2341 2468
595 2159 2291
923 1071 2468
1343 1866
251 485 769 2024
1424 1450 2550
64 1239 1379 2386 2450
1127 2073 2249
1121 1685 1730
223 1104 1613
1903 1974
555 1820 1850
15 2599
89 1827
69 242 1410 1618 1858 2168
62 260 723 1234 1317 2061 2189 2402
2440 2481
48 522 2245 2549
1753 1904
645 2670
544 841
211 1535 1782 1974
767 784 2139
1176 2254
1593 2474
470 2009 2327
417 561 1575 2363
654 1257 1619 1880 1968
334 464 1217 1365 2604
1391 1782
1344 1568
487 1713 1928
33 258 507 974 1055
454 1671
27 253 743
103 1279 1554 1725 2098 2583
1381 2009
1318 2343 2558
987 2231 2644
157 1189 1354 2191
318 2321
820 870 1755
1676 1915 2671
1435 1853 1928 2038
109 1282 2140
1214 1479
1318 1346 1635
1374 1482
234 371 1031 1155
245 819 2299
360 1684
134 2634
827 1539 2180 2312
901 2239
81 1534 2398
537 1220 1662 2359 2363
865 1682 2384
46 2236
22 270
352 2058
2229 2428
860 2402
788 1794 1866 2181
1469 1532 2483
598 2310
453 990 1341
129 2352 2390 2628
755 1859 1993 2063 2227
625 859
1949 2149 2454
2120 2246
855 1936 2375
327 1937
134 177 1500 1736 2124
1432 1529 2506
570 986 1530 1647 2290 2356
417 1370
356 1570 2347
6 72 1589
1109 1165
1106 2033 2315
979 2186 2645
172 1697 1888 2232
1098 1117 1840
517 1353 2024
526 1473 1608 2345
28 2621
516 1604
59 694 864 1073 1521 2188
713 1545
518 1117 1354 1369 1903
1841 2259
295 1178 2588
24 255 1032 1861 1878
1514 2513
1288 2409
510 1096 2117 2268 2456
247 1762 1877 2128
420 2175
5 1532 1846
313 1238 2066
1777 2542 2618
253 1604 2385
215 1305 1865
1292 2442
751 1640 1678 2285 2324 2492
129 1048
471 1028 2543
880 2488
407 2443
585 963
1960 2173
27 2614
417 478 2213
265 1466
805 1802
405 905
866 1653 2038
365 2049
1608 1936 1938
1176 2449
179 1811
762 1352 1943 2232
121 830 1265
1998 2600
1213 2251
784 1052 1597
549 2530
1882 2577
905 1138
247 442 991 1003
2071 2227 2370
343 345
906 1405 1963
257 1558 2257
1132 1304
1326 1425 1603
169 1480
535 1146
1134 2339 2507
1000 1191 1363 1476 2067
558 643 866 1347 1666 2395 2417
954 955
376 874 1222
1769 2060
978 2215
310 2378
729 834 959 1070 1856 2261
991 1207 1497
240 663 1651 1876 2061 2396
1798 1994
484 965 1745
473 761 814 959
1433 1843
594 1785
819 2527 2658 2668
1279 2296
408 1552 1863
477 1878 1977 2372 2603
50 389 987
2139 2607
38 702 1030 2131 2194
396 1440 1865 2520
881 1056 1360
37 451 490 1078
1154 1663 2373
165 2373
21 1030 1500
35 1435 1952 2523
302 862 1460 1481
1798 1865
97 576 1549 2645
2 1379 1778 2676
543 1925
3 841 1524
26 1948
360 1388
2141 2392
1641 1841 2643
105 615 1149 1618 2452
391 988 2376
355 2153 2354
784 814
794 1733
2046 2493
1004 1406 1861 2043 2335
967 2247
1004 1124 1228 2347
113 2514 2540
2165 2506
352 586
1666 2168
634 1324 2432
1367 1501
849 1057 1782 2179 2561
2149 2183
181 830 2679
210 1545 1676 1960 2015
1147 1773 2294
1141 2112
351 375 1815
456 1207 2112
377 2428 2486
99 781 2601
1330 1338 2094
123 195 377 2550
381 2240 2551
379 1044 2132 2602
40 653 698 2315
1227 1387 1487
790 803 1241 2040 2419
721 1064 1691
1445 2546
1838 2003
972 1374
80 577 2565
467 1604 2175
927 1156 1673 2084 2347
38 322 1323 2040
901 2669
326 889 993 2139
177 263 1809 2169 2558
188 819 1291 2392 2481
1563 2385
889 1182 2152
621 773 1251 1276 2189
1422 2281 2672
21 1105 2051 2200
139 370 2357
888 1269 1570
1960 2301 2605
607 1682
1368 1398 1823
1062 2080 2289 2382
372 1801
698 1876 2274
968 1296 1594
425 1260 1759 2500
1522 2297
335 1908
204 941
512 1214
150 1490
74 677 828 1645
550 905 1710
61 188 1627
1291 2484 2541
635 907 978 2343
1690 1837 1974 2335
1309 1583
59 469 2080 2233
377 1243 2560
309 589 1803 2533
375 1603
463 803 1072 2517 2527
566 1163 1197 1491 1902 2042
975 1313
1462 1774
1887 2654
2230 2593 2616
1567 1951 1981
460 904 1011
119 1272 2237 2274 2416
1004 1176
1030 1165 1204 2190
535 1723 1749
337 728 1446
462 957 1544 1786
200 1795 2162
533 750 1165
1745 2026
238 1721 2118
441 723 1250 1965
297 1050 2482
148 647
1021 2053 2152
202 696 916 1085
492 1710 2009 2211
1658 2602
456 2527 2547
466 971 1111 1759 2537
1053 2244
2315 2416
600 1256 2628
173 473 1251
1266 1460 1641 2213
157 919 1121
428 1106 1111
1032 2017
580 1360 2445
399 1439 2371 2609
563 1144 1919
973 2429 2466
243 294 319 2483 2542
219 262
258 1029
30 406
952 2345
1126 2545 2561 2634 2647
2241 2404
1134 1247 1263 2261 2487
1238 2333
88 1956
411 922 1983 2336
1358 1577
863 1477
172 1484 2152 2574 2587
307 2403
443 1145 2089 2223
703 1397 2046
419 978 1368 2060
422 2354
1537 2081 2592
53 1770 2122 2314
1664 2510
400 411 1388
980 1177 1467 1905 2072
711 765 2147
44 425 1191 2530
412 990 1296 2353 2355
384 2153
151 1146 2402
254 1428
597 768 2212
21 2435
73 1343
3 826
950 1311 1717
285 862 1594
756 1858
340 1809
186 1778 2212 2516
1 2281
1921 1961
1024 1354 2222
2271 2430 2472
194 970 1945 1975
881 1485
397 586 907
583 1860
530 550
648 959 1663
588 629 2302
491 702 1089 1526 1959
1388 1526 2218 2508 2620
808 2253
741 2245 2350 2420
345 1061 2035 2500 2645
1050 1724 1907
967 1105 1963
336 564 2283 2465
58 324 553 1093
1360 2155 2488
475 1332
562 1310 1932
59 838
1070 1173
777 843
168 1562 1682
610 1618
454 764 1565
117 343 720 1453 1641 2045
893 1053
880 1272
670 1166 2487
693 1518
1805 2587 2667
1050 1427 1696 2434
263 1286
806 1646 2205
1421 1426
115 1391 1588
1057 2092
1483 1554 2288
155 1601 2227
1311 2661
449 490 1654
1124 1384
94 1385 1907 2287
285 1275
637 769 866 968 2113 2577
520 2102 2345
937 2351
1106 1788
1367 2670
663 2568
2005 2255
906 1011 2361 2466
746 1261
437 543 741 2119 2521
438 1128 2473 2592
185 1269 1657 2111 2573
1151 1448
357 1230 1965
122 1247 2369
256 571 1542 1888 2499
15 54 95 153
1463 2560
756 1799 2595
343 452 468 882
351 1853 2202
39 407 1370 1596 1672 2106 2131
1577 1700 2246
964 1984 2571
192 887 1131 1953 2412
123 654 1628
895 1559 1632
458 1067 1249 1648
214 481 681 876
919 1548
326 1040 1625
1003 1656
1882 1929
999 1811 2324 2443
247 427 1455 2031
35 321 786 2203 2454
559 2279 2671
436 2493
1112 1565 1795 1995 2427
490 1583 1803 1814 1921
647 1233
205 501 779 991 1304 2480
407 510 2238 2473
906 1690 2561
2334 2603
1583 2171
1078 1119 1582
1246 2038
815 849 1713 2660
761 1705 1737
216 262 1005 1997 2157 2415
450 554 608 868 871 1050 1199 1573 2384 2668
398 1983
1564 2359
1563 1644 1717 2234
473 1660
1365 1394 2265 2333
306 1676 2285
62 938 1164 1213 1434
725 825 2649
253 1117
465 474 1089
515 1426
785 1079 2238
505 1251
1592 2254 2396
71 1204
1317 2112
661 1848
36 177 954
1543 2175
696 989 1290 1449 2602
719 1043 1231 2227
310 982 1389 1490 2323
1642 1839
681 1863 2317
2031 2290
79 1503
815 1497
1939 1963 2420
1042 1418 2281
132 2059
764 1873
134 539
309 1995 2280 2401
949 2292
1557 1727
40 908 957 1232 1552 2482
642 880 2292
647 947 2512
966 1358 1830 2005
1271 1829 2378 2596
968 1303
1287 1362 2380
1954 2562
5 568 2177
410 831 2117 2480
1127 1159
643 1979
199 760 2091
1102 1331 1738 1934 2640
2004 2185 2454
1028 1375
421 947 1022
130 1403 2455 2667
916 1459
125 681 1446 1492
169 1210 1418 1627
1390 1800 2059
93 451 1335 1654
618 1471
22 574
711 921 2326 2397
386 1310 1857
256 592 1446 1454 2502
243 1181 2257
502 989 1089 2403
348 635 967 1170 1385 1725 1751 1776 2190
1105 1204 2051
2483 2573
630 1661
557 1199 1897
134 2348 2416
1206 1945
529 1141
1284 1401
445 1983
2128 2134 2619
484 699 1341
1095 1962 2580 2620
16 2489 2590
675 1242 1859
95 1926 2357 2466
920 2218
937 1100 1690 1713
245 313 905 2138 2636 2640 2642
505 1876 2322 2472 2529
1544 1858
1370 1497 2281 2557
1212 1287
179 1163 1217 1339 1778 2097 2128
15 1072 1714
1254 1615 2050 2225
778 2308
658 822 2403 2580
908 1451
228 1530 1717 2168
4 693 1295
169 381
1176 2233
170 1821
1733 1736 2092
592 622 1605 1606
80 2300 2646
806 1477 1988 2050 2450
11 2485
331 2675
309 411 887 2314 2614
1723 1728 2027 2028 2149 2317
2072 2258
1 435 1893
394 2272
114 129 242 318
1630 2399
749 1000 1217 2505
229 1062 1553 1646 2343
339 1725 2182
79 539 1925 2281 2554
54 1623
120 1174 1681 2088
52 363 557 955 1412 1792
1837 1886
1593 1603
2012 2107
537 543 1603 1629 2097
372 562 786
1756 2377
819 2135 2428
769 1335
2475 2491
115 865 1242 1772 2644
352 407 2180
1074 1566 2594
199 1887
1413 1567
62 64 257 631 2642
391 1211
338 1789 1862
443 1702
302 568 832
182 183 1931 2232 2594 2656
578 930 986 2457
1011 2357
871 2498
641 856 946 1143 2257 2356
451 1944
86 2410
627 1454
40 506 714 1273 2331 2651
479 874 911 989
59 1229 2466
464 1965
620 908
698 1469
1034 2278 2348
49 758 972 990 1226 1449
707 775
826 1117 1495 2004 2458
2364 2446
603 1857
369 1005 1427 1804
1687 1807
154 551 1038 1284 1797
313 433 824 1754
1439 2588
203 561
67 757 1266
1464 1500
1432 1892
560 1138 1601
509 2502
928 1317 1862 2265
530 665 1172 1797 2016 2551
207 980 1911 1981 2328
1413 1532 2389 2459 2471
392 870 2470
1379 1480
804 1929
434 607
1901 1967 2020
79 1056
406 710 2373
314 1237
314 1239
205 395
61 1055
92 139 409 470 1053 2144
831 2456 2513
541 1446
557 993 1340 1791
482 1082 1116 1228
62 293 557 594 1413 1503
1374 1843 2384
2437 2440 2514
1001 1494 1598 2342
172 924 994 1905 1919
2168 2281
306 1130 1255 2315
74 2049
7 168 632 1503
1136 1951 2404
908 1628 2177
207 1853 2375
242 1183
868 1094 2165
331 1250 1593
194 267 1371 1864
828 1924 2039 2233
1865 2421 2575
833 914 1735 2000
391 984 1342 1715
349 2647
381 832 1060 1178 1601 2348 2480
1068 2657
676 1346 1500
1292 1554 2465
316 1707
1375 1521
1047 2406 2618
14 1314 1949
1635 2545
1417 1521 2611
606 1902
185 1500 1522 1554 1700
354 1655 2242 2624
24 693 1085 1260 1915
272 1028 1111
955 1051 2022
1114 2261
273 654
802 1685 1843 2195
658 2266
840 1080 1864
201 1917
2378 2544
1171 1670
336 588
132 2051 2311
365 1604 1693
332 717 1869
231 1181 1331
511 2146
31 126 1342
354 1459 2090 2207
136 402 1753
310 1378 1748 2212
195 390 1825 2136
1812 2556
287 880 1342 1435 1929 2409 2658
330 583 2458
378 438 559 2153
985 1125 2357
643 830
383 1642 1966
75 165 1881
158 175
613 699 1721
72 1434 1672 1795 1805 1817 2029 2641
289 1586
630 2494
331 357 1139 1866 2534
636 2011 2187 2304
30 245 686 1118
1 1193
534 1490 1598
487 1535
331 368 1551
133 2510
1662 1942
551 1817
450 1534
1070 1451 1518 1866
467 563 1144 1795
1810 1830
100 387 1520
642 1147
1671 2610
126 176 721 761 769 1563
561 689 2345 2460
459 626 1454
164 2550
1308 2601
1430 2243
1222 1224 1608 2587
431 2664
206 1401 1477
1739 1788 1996 2451
286 461 1514
761 2424
2418 2516
773 989 1044 2397
1946 2506 2590
409 456 1106
80 589
25 608 762 1649
853 1183 2055 2167
2077 2547
436 2209
19 1256 1653
333 603 2001 2195 2356
860 902 1386 1442
1312 1408 1516 2212
1027 1936
1468 1534
70 153 855
294 2016 2232
425 907 1101 1683
23 114 316
50 175 538 883 1877
354 1159 1251
423 446 2069 2232
64 1417 1577 1950
324 1214 1770 1777 2465 2497
1808 1841 2265
322 1976
51 601
251 927 2377
207 816 998 1214 2450 2529
1050 1538 2067 2263
2016 2318 2375 2431
1778 2142
725 1173 1656
1210 1747 2130
175 955 1090
92 429
119 1172 2366
1471 2466
1257 1633 1974
520 1531 1776 2493
1104 2218
436 2110 2152 2358
781 1925
1109 1140 1256 1658
569 849 1082 1459 2314
1423 1664 1765 1811
1153 1357 1692
1288 1900
1948 2487
2441 2527
2598 2669
244 1258
1386 2059
50 184 1459 1976 2299
11 357 790 1338 2421
2166 2243 2592
1384 2335 2363
776 1152 2234
226 750 1331 1863 2046
694 1038
159 527 2580
1328 2530 2570
1121 1654 2020 2247 2401
571 685 2508
1334 2578
224 1055 1631 2404 2670
235 865 1609
1210 1471
150 2406
692 1038 1489
1046 1651 1824 2016
1356 1883
121 182 2029 2280
1832 2607
1902 2411
2341 2471
1265 1287 2065
1050 1190
147 287 1758 2034 2344 2628
326 1871
95 2612
1014 1380 2564
2159 2173
475 1627
191 1359 1913 2042
234 411 464 547 795 1671
478 795 883 940
932 1820
625 1390 2213
1665 1810 2232 2470
235 1342 2250 2273 2365 2491
893 1431 1706
1720 1729
399 1083 1361 2153 2401
1695 2364
454 1809
227 437 793
198 1865 2241
1895 2370
862 1412 1469
277 1274 1838 2046
690 2177
748 1558
992 1126 2616
600 867 1263 1284 1384 2355
1080 1556 1792 2661
469 475 870 2141 2596
891 947 1672
1571 1589 1703 2407 2514
387 1146 1601
310 2277
383 1001 2256
575 953 1319
322 585
732 1367
1001 1075 1123 2335 2460
929 1110 1563
2494 2593
1074 1196 1654 1899
2332 2424
910 1994
842 1795
2182 2362
270 496 1179
1319 1431 2553 2626
329 752 1991
311 2452 2533
427 758 2294
83 1666 1878 2090 2457 2531
177 637 1093 1362 1431 2549
725 1759
1666 2243
1076 2523
1027 1663 1690
846 2505
1269 2676
834 2159
496 1666 2207 2544
1061 1454 2245 2326 2600
645 822 1238 1880 2479
595 809 2279
61 633 697 2170
719 2032 2143
803 954
71 188 2463
1186 1453
43 180 1362 1571
384 1130 1172 1325
194 322 331 730 938 1291
65 861 2500
678 1884 2213
168 1630 2329 2601
1007 1806
539 1564 2510
2182 2535
296 694 2461
129 2613
104 767
2231 2340 2633
1021 1711
489 1230 2641
920 2073
218 1565
594 626 1723
347 1083 1187 1332 1423 1818 2567
31 597 602 919
629 1932 2115 2181
2117 2272
2049 2240
503 1892 2428 2481
2 810 1689
508 1837
1125 2652
1613 1885 2237
1616 2348
683 2210
118 694 744 1075 2044 2186
1883 2138
85 195
168 438
78 279 322
836 1654
159 665
267 592 1231 1845 1901
957 1762
118 1941
249 556 760 793 887
45 71 2675
1278 1749
256 2650
1491 1768
2308 2579
811 2012 2289
1141 2174 2364
535 2142
989 993 1609 1659
28 2100
496 2486
1235 1596 2168
699 806 1080 2462
310 1905
764 1240 1617 2143
1573 1650
205 1393 2472
46 2246
589 1718
493 723 2258
541 2186
50 698 2418 2421
483 823 1034 1222 1391 1737 2290
305 1252
1288 2488
247 496
287 698 1062 1301
251 280 762 1022
1088 1126 1635 2345 2592
1179 1395 1651
67 440 460
38 2292
684 1270
309 2636
1646 2655
159 293 449
802 815 2127 2410 2608
95 202 736 834 1130 2063
1078 1187 2626
11 498
1049 1779
603 837
176 2337 2579
179 262 602 933
641 1180
719 2459
244 1163 1302 2027
1181 2500 2520
736 1609 2642
749 2089
49 2290
164 387 1621 1937
128 500
939 1986
419 858 1199 1677 2642
1233 1803 2481 2556
508 2411
495 849 984 1840 2037
443 678 855 2100 2484
63 2384
629 823 961 2525
139 728
260 2101
248 1633 2498
162 499 511 997 1971
360 412 594 622 1160 1838 2588
721 2378
1064 1163 1848 2410 2580
125 198 832 1907 2244
571 2047
307 739 1950
580 986
463 935 1352 1868 1995
191 416 865 1869
1010 1280
1038 1398 2335 2536
884 1858
750 779 1209 1212 1661
740 2062 2647
231 543 688
2463 2641
252 1272 2334 2482
606 1301
1091 2612
895 1926 2069
1516 2128
698 2052
104 643 1060 1583 1953
380 1249 2224
123 832 859 1819
99 2287 2475 2568
118 549
2379 2472
442 724
1929 2485
1234 1548
8 2593
105 134 359 558
994 1810
763 806
1130 1242
266 741 769 2667
454 1206
272 1435 2650
432 1130 1260 1344 2579
784 883
909 1548 1988
463 1917
648 777 929 1913
565 2497 2543
744 797 1813
944 1264
150 747 2030
1692 2052 2453
404 1738
207 537 1527
964 1179 2256
1716 1978
550 1967 2215
121 645 902 1823
35 118 866 1638
1427 1783
95 767 1289 1980
293 2422
760 910 1762 2105 2167 2347
1933 2554
183 1297 2317
1499 2397
150 1097 1297 1641 1855 1990
1907 2547
1359 2029
100 699 837 874 1675 1834
958 2100 2312
145 390 1553
1831 2530
442 2325
308 1144 2054
594 606 1010 1387 2649
641 722
760 931 1809
2080 2601
162 1949 2665
940 1008
346 1076 1706 2027 2454
1136 1907 2542
379 1322 1888
624 1131 1330 2375 2674
719 1809 1918
1925 2242
1591 1913 2372
1091 1187 2223
1690 1945
355 1186
44 1204
513 1339 1351
327 437 801 1750
947 1265 1490
1812 2674
867 2647
312 1008 2010
294 1549 2531
165 1174
381 2019
1548 2461
1065 1335 2436
1074 2325 2417
847 1241 1399 2179
31 1850
2131 2197
454 2194
158 438 558 1629
358 1846
662 1778
1012 1664
315 378 1451
823 1311 1382 2466
129 966 1925 2071 2443
63 256 265 558
149 1107
115 321 473 625 1465 1836
25 1758 1852 2458
613 1443 1539
512 878 2169
34 1304 1424 1493
752 1162 1199 1399
710 1109 1950 1996
2262 2275
862 1573
194 1019 1242 1689 1724 2246
1412 2467
71 1621
1003 1121
1272 1367 2398
50 1319 1490 1866
550 2205 2481
189 384 1083
805 828 853 1251 1261 1394
530 1363 1787 2402
186 519 1458 1487 2387
462 598 2677
1919 2076
1431 2098
644 1004 1243
970 1163 2288 2403
114 2597
869 1535
248 262 1068 1988
289 321 1912 2056
696 915 1172 1745 1770 2205 2304 2365
1305 1870
644 707 1473 2448
2321 2372
373 1139
249 302 1131 1183 1248 2526
808 2429 2470
414 938 1207 2272
834 1093 1984 2260
179 321 1607 1680 2392 2545
1641 1971
1040 1573
37 1557
1250 1656 2668
650 1000 1899
1119 1627 2157
985 1290 1340 1754
1958 2073 2353 2676
133 656 1398
232 2570
800 1187 1677
1014 1264 2281 2449
105 231 416 441 1479
267 2483
1410 1687 2566 2610
488 1513 1694 2535
956 1049 2352 2624
1682 2347
368 1728 1854
1059 1688
583 773 941 2146
150 1945 2509
1044 2055 2620
9 1001 1813
1024 2670
1432 2353 2451
112 357 1045
55 1407
1197 2442
410 1739 1814 2196
1197 1229
316 807 1891
1030 1541
2114 2495 2560
341 603 1355
450 2260 2496
552 2135 2590
717 749 2355
1161 1235
59 808 1375 2032
1240 2254 2383
175 661 943 2247
344 1630 1763 1920 2608
55 400 596 2071
393 980 1471 1763 2062
573 1021
719 1075
1 1070
213 1681 2495 2576
1699 1887 2251
557 745 1462 1720 2390
1093 2151 2415
765 1598 1717 2166
2492 2553
15 1202 1425
258 883 1032
1116 1713
500 518 641 1327
1100 1129 1233 2517
689 1951
1645 2480
539 1054 1767
504 935
778 1654
145 2147
142 419 2412
707 2155 2362 2633
976 1146 2178 2497
781 1966
104 105 1789 2664
539 1104 2002
83 1446 1813 2010 2669
1335 2476
1319 1488
247 2139
2022 2440 2616
1241 1915 2601
2 114 603 2060
163 799
1618 2481
663 1667 1938 2642
26 997
586 1078
1047 1195
954 1090 2265 2283
440 1673 2529
1633 2505
125 1056 1217 2310 2329 2580
1542 1552 1850 2443
49 1875 2455 2473 2495 2636
1718 2059
169 1037 1234 1710 2190
618 1134
1392 1832
997 2199
95 327 756
850 884 930 1379
1747 1828
107 654 844
368 859
192 858
1701 2444
2291 2452 2628
41 1930 2587
376 1417 2233 2335 2592
187 327
700 1171 2618 2636
1401 2593
406 525 1883
2133 2308
769 1460
898 1518 2287
1508 1868
730 1047 1632
1087 1095 1840 1991
313 442 1594 1935
1603 1763
550 1547 1785
797 1190 2307
255 2024
245 1518 1924
163 620 2147 2640
437 1497 2299
85 734 1557 1862
335 1260 1768
1446 2528
44 273 1238 1568 1577 1646 1912 2265 2637
211 545 2622
155 891 964 1381
1012 2363 2675
1009 2500
336 773 2054
707 753 1347
511 1108
1664 1792 2240
1319 2197
1011 1848
80 573 1128 2562
493 545 1058
174 2045
97 1525 1526
58 84 253 1286
1129 1938
1306 1340
69 509 2433
13 389
603 868 1178 1287
415 695 812 1441 1873
752 1486 1503 1604 1788
911 2298
373 1687
1276 1872
1093 1948
2179 2221
182 220 637 1367 1902
1015 1644 2073 2141
966 2056
133 1043 1612 2348
304 314
766 767
2034 2524
871 2403
647 1528
1134 2634
1043 1151
1498 2246
248 362 500 781 2437 2636
938 2261 2392
1865 2206 2378
255 356 1430 2209 2420
491 627 1876
734 1593 1865
1414 1667 2407
771 990 1498 1733 2187
306 2381
1543 2062 2131
198 1814
1253 1612 2018 2032 2679
1081 2013
188 500 1436
471 1671 2462
2 983 1466 1600 2297 2493
1209 2660
404 1727
449 1768
740 2128 2450
421 608 2453
1352 1575 1695 1745
318 1058
783 1288
122 548 840 1885 2003 2154 2553
56 1936
554 1383 2291
1114 2032
2312 2669
800 1708
976 1600 2560
348 1859 2366
887 1034 1460 2178
171 254
451 769
187 420 1229
1732 1804
1339 1510 1872 2013
1872 1886
2173 2215
2640 2650
305 632 838 922
1071 2056
283 1551
248 705 1072 1324 1394 2119 2579
270 1273 2147
235 656 1286
265 783 2560 2577
30 2415
6 952 1783 1937 2003 2392
990 1087 1517 2664
803 2199
1512 2145
1266 1413 1574 2575
158 897
768 889 1115
54 743 1871
192 430 1380
271 1269 2358
599 969
969 1385 2318
2290 2527
1629 2401 2521
1747 1811 1896
830 1318
1694 2257
1330 1351
1908 2083 2464
1189 1973
416 649 1426 1640 2194
182 296 553 657 770 1578 1919 2604
11 933 1171 2018 2154 2536
900 2104 2235 2506
81 676
570 1666 1925
41 105 272 2363 2594
415 1442
1651 2111 2655
500 1843 2151
399 1688 1825 2602
574 2441
312 1389 2215
1250 2609
743 1748
556 1055
1221 1961 2019
93 1163 1408
1848 1900
412 736 869 2589
919 1235 1657
31 1004 1510
1621 2241 2285 2406
2394 2644
1288 1624
606 1188 2579
71 1983 2189
4 1132 1324 1417 2179
2402 2603 2668
411 473 1911
920 1835 2267 2458
56 403 1114 2154
796 816
1590 1814 2312 2364
485 1469 1805 2638
1877 1996
93 443 1335
115 346 785
1014 1033 1938
639 1072 1779 1782 1878
793 1315 1577
1702 2270
1425 1616
176 330 1476 1586 2596
561 1987
800 1244 1780 1923
14 1270 2019
1679 1680 2486 2492
188 229 330 1030 2290
254 637 2584
315 1666
316 462 876
1722 1801
752 1988
211 1846
492 878 2565
1414 2310
1643 1771 1803 1828 1921
1739 1921 2209
252 1650
836 1778
1126 2065
185 220
250 1694 1754
460 995 1652
760 1632 2003 2557
751 785
172 271 1034 1216
405 1127 2133
451 2281
607 1512 2055
1416 2041
1783 2158
340 420 1135 1705 2224
38 735 1305
1238 1510 2444
333 837 1430 1598 1996
1542 2410
2382 2552
57 1565
452 2432
249 314 464 1698 2050
513 901
628 2109 2141
409 665 1324 2472
285 1270
840 1760
1551 1707 2093
937 2001
1221 2555
486 514 1167
282 521 827 879 1299
407 559 1529 2109
833 1728
361 759 1146 1872
868 1104
690 1295 1348
811 1272
1471 1827 2121
688 1276 2053
1551 1633
669 1494
776 1604 2537
33 631 1473 2623
312 389 1011 2541 2675
1277 1518 2656
1296 1335 1795
454 2104 2225
471 2167 2168
50 466 1052 1362 1934
831 1344
713 880 1100 1454 2644
1091 1381
226 2041
1448 1749 2037
80 853 861 1171 1316 2525
1318 1559 2369
1307 1731 2452
150 1691
1579 1966 2585
223 1014
1040 2088 2496
183 378
1622 1650 1892 2364
1265 1795
480 2395 2476
620 963
1471 2041
1861 2063 2173
605 2609
391 1110 2132
627 1102 2509
33 702 982 1346 2473
544 2247
1178 1998 2480
1289 2501 2591
500 1041 2368
1450 2034 2590
318 857 1838 2004 2348
253 1590
613 1263 1323 2026 2329
1181 1583
855 914
307 1773 2146 2226
718 875 1916 2371
2108 2491
663 1995
1079 2512
1357 1954
169 597 1138 1586 1673
250 341 1707 2596
1787 2111
1892 2626
272 748 2129 2611
385 743 938
400 2156
604 1178 2546
97 1753 1803
613 905 2336
803 1371 1871
390 1361 2179
53 618
1655 2236
29 351 1069 1383 1636 2615
242 514 1955 2294 2346
324 756 982 993
420 1199 2016
606 1322 1650 1652 2084
620 809 2138
161 1597 1889
1911 2040 2566
485 1478
128 342 1343
673 2149
736 2430
84 456 467 1032 1436
116 2103
182 1001 2297 2424
57 761
1024 2591
111 1326
1917 2113 2365
2225 2411
966 1267 1536 1677
1764 2146
1653 1908 2473
1015 1026
716 2252
590 1139 1756 2346
270 1118 1703
315 556 790 1975
1363 1659 2017 2551
368 798
2023 2459
665 1261 1419 1681 2270
754 2524
466 1957 2163 2218
1555 2427 2588
487 2231
165 378 1022 2274
142 183 221 585 1424 2045 2473
1706 2109
229 642 978 1136
197 251 318
681 1353 1824
825 1238 1813
904 2202
384 1022
882 1339 1924
1972 2162 2321
906 1967 2299
1800 2150
147 1836
53 322
1390 1806
495 2221
120 662 878 1177 1411 1677 1853 2236 2348
1047 1058 1896 2669 2674
318 497 802 1216
2182 2258
1493 1963
1339 1554 1692 1729 1963
240 559 2045
131 2302
968 1034 1591 1826
145 1084
689 2470
164 1139 1639
381 1118
588 747 2364
187 1927
1241 1864 2320
1679 2320
573 1811 2334
149 1960
1437 2028
2083 2266
1166 1314 1607 2207 2336
1132 2498
421 2591
915 1367 1627
789 1926
270 529 729
469 743 2383
254 1446 2121 2385
1040 1687 2197 2484 2523
436 706
1718 1972
510 511 1751 1970 1987 2411
747 2090 2486
1226 2118
1989 2067
64 236
728 1384 1624
150 1685
403 1657
234 406 936 1378
1071 1694
426 485 709 1430
1022 1426
1200 1870 2130
1091 2489
744 1491
1657 2435
1258 1316 1403 2236
431 1698 1905 2127
391 1481 2589
28 559 1391 1846 2195
1498 2370
1140 1207 2592
1672 1854
1242 1553 2434
189 2089 2368
335 737 766 1242 1487
120 675 920 1159 1315 1554
787 1264
391 1117
33 825 1491
105 507 852 1310 2055
94 872
207 1355 1588 1626 1892 2009 2657
490 1534 1844
237 301 661 807 2469
26 308 1220
857 1082 1751 2053
235 866 1676 1751
139 1255
426 1626
307 409 1316 1406
1523 1712 2221 2227
1154 1491 1772 2381
270 1234
793 1803
33 1866
279 1665 2655
43 190 580 583 2326 2407
1615 1823
45 411 439 490 866 2290
243 1814 2479
256 1413 1549 1731
1024 1781 1927 2138 2162
221 432
254 2297
212 770 841 1373 2079 2137
1640 2530
730 2173 2238 2433
1544 1581 2039
507 1379 2154 2524
1938 2014 2523
512 652 1728 1975 2149
1172 2016
1167 1410 1559 1733
207 443 733
1029 1542
67 321 1790 2424
578 1817
72 622 2152
290 299 2635
865 1799 2195
94 373
535 2532
187 1907 2189 2425
1114 2010
169 213 1986
1748 2279
446 1529 2537
1822 2024
34 177 1057 1286 1408 2028
542 1398
609 773 2657
10 241 1353 1838 2453
266 459 1832
4 35 197
391 543 1413 1590 2322
69 475 2637
1461 2222 2241 2666
836 2004 2025
487 1736
1115 2127
1907 2272
1552 2637
1383 2082 2422
356 1337 2499 2657
1328 1891 2132
898 2155 2442 2633
344 1421 1432
21 27 2430
537 2126 2251
197 706 755
374 890 2026 2101
1374 1808 2227
965 1159 1642 2577
224 1701 2458
522 1421 2205
223 484 2131
108 1246 1718 2085
759 909 1590 2447
958 1848
535 570 1389
508 660
1493 2219
221 1688
213 310 686 2105 2311 2353
371 835 1462 1472
692 1593 2586
339 1679
795 1713 1869 2228
481 1090
820 2610
987 1221
391 800 1770
671 1446
152 1779
202 432 2414
797 1522 2118
951 1322 2145
1861 2371
1632 2118 2580
761 1916
874 1775
717 1024 1487 2507 2584
57 1141
56 1264 2217
297 1724
975 1249 1466 1771 1932 2009 2192 2519
412 1421 2166
2024 2101
85 132 486 700
59 132 316 1023
796 2043 2407
460 493 2456
134 1792
83 1681 2285
720 1275
328 818
1074 1079 1291 1874
229 818 983
124 1368
948 1661
394 646 1882
820 1239
56 337 1764 1787 1811 2421
111 1231 1257 2589
5 22
214 791 2173
447 880
705 1609
145 1687
40 908 975 2497
10 215 1194 2487
495 631 1324 2416
970 1958
273 982 1358
1049 2537 2589
997 1067 1570 2605
442 2229
832 1343 1863 2553
16 1038 2394
262 1945
2111 2579
800 1228
860 955
540 1784
290 1954 2220
779 1414
324 354
551 878 2406
212 227 717 1522
432 1902 2400
17 1923
1085 2603
1025 1241 2117
432 2228
596 1891
694 1109
64 2364
268 1093 1145
30 931 2309
807 1411 2182
380 1635 2281
878 1372 1922
213 930
376 623 1454 1671 1753 2178
440 664 2207
401 1183 1287 1612 2167
1243 2269
130 1852 2152
255 1496 1552
1331 1890 2127
1403 1416 2583
1183 1667 1852
1144 1704 1946
475 974 1678
551 831
1024 1155 1684
376 1158 1393 1473 2100 2351
591 1189 1316 1572 1994 2285 2310
2165 2449
620 2330
38 1450 1457 1899 2630
291 522
119 734 1344 2599
1282 1568
1878 1899 2669
633 2609
484 1318
1228 1738 2618
347 1075
749 982
1050 1498
1632 2084
800 1375 1837 2178 2554
552 1734 2465
864 972
92 1328
1973 2365
846 2336
1313 2242 2558
8 1770
1299 2448
22 446 1628
433 1169
387 2086
898 1158 1532 1951 2065
494 822 1477 2396 2502 2613
644 1227 1573 1926 2174
506 2297 2645
362 2616
1134 2394
246 686 1368 2195
1190 2596
862 1147
1428 2227
53 97 716 2515
1145 1535
733 1133 1975
73 2333 2445
445 1242
1169 1896 2603
325 2139
98 1999
182 2032
1154 2577
146 822 1087 2267 2443
608 1304 1871 2035
778 1371
172 561
615 2656
32 202
406 1451
1636 1871
1019 1500 1697 2451
2188 2395
1611 2214
26 1178 1409 2312
93 269 1770
237 2429
198 2243
1134 1376 1884
857 2261
419 687 947 2612 2673
491 725
1190 1928
270 439 971 1172
568 1363 1662
1808 2049 2060
1928 1957 1980
1243 1493
589 1747
835 1706
644 678 1949 2492
927 1046 1338
194 585 1797 1931 2294
530 1386 2465
135 1235 2482
244 822 1985
32 1079 2087 2618
527 970 1208 1518 2568
597 777 1629
235 1480 2213
971 1965 2526
1330 1746 1764 2676
481 1028 1152 2393
508 1196 1792 1900
922 963 1147 2114
346 1634
164 541 1622 2001 2109
787 1708 2055
106 1167 1849 2257
137 1312 2510
473 725 1643 2296
294 1212 1823 2320
370 465
1679 1921
982 2433
1609 2026
2568 2598 2665 2674
838 1154
1725 2190
723 1380
28 978 2125 2592 2658
1289 1917
1450 2260
40 654 893 1385 1424 1853 2377
5 546 1263 1391
750 1640
277 458 1166 1742
782 1102
410 800
322 593 1911
35 968 1321 2465
984 2241
334 1732 1940 2672
46 656 1632 2284 2350
2198 2216
761 1018 2535
220 1015 1431 2567
277 517 1980 2491
485 2198 2672
135 961 1889 2261
1074 1334
48 494
74 1389 2568
380 1479 2542
2401 2437
2050 2067
505 1432 2611
326 580 858
472 1555
991 1219 1657
1347 1921 2246
1043 2568 2672
103 2181
705 1096 2416
668 907 1108 1430 1675
579 2512 2633
346 1259
280 2488
421 702 1237 1319
31 1497 1758 2198
996 1272
606 1452 1879 2545
1401 1587
649 1093 1463 2606
1052 1250 1785 2103 2191
1405 2135
17 333 2559 2622
1056 1487 2477
1161 2572
10 996
704 730 1597
59 883
747 1138 2313
145 530
101 1451
1774 1908 2472
451 526 1938
298 1459
23 476 668 866 1998 2019 2243
1597 2674
713 1591 1748
1181 1803
544 1264
1124 2163
596 1194
1057 1172
136 651 895 1749
1328 2360 2409
859 1824
1541 1663
2573 2599
1243 1435
542 764 825 1534 1634 2101
2047 2430
2541 2655
326 729 1186 2034
720 736 1159 1181
731 1927
1452 1568
1193 1757 2111
255 664 835 999 1153
814 1254
873 1780
1914 2183
500 543 1361
1312 1536 1631 2444
1379 1443
421 636 708 754 1085 1634 2154 2194 2396
46 1543 1827
9 902
358 1171 1942
165 241 1468 1951 2034
1318 2584
64 2027
267 1192 2322
664 1151 1950 2090
508 1545
432 446 1902 2444
238 1052
568 2315
833 1400 1819
545 643 1637 2140
304 426 457 488 1231 1347 1474 2643
1639 2587
655 1022
272 556 1390
1355 1610
159 1321 1645 2068
1188 1713
823 1217 1218 2285
553 809 886 1600 2537
1498 1659
39 40 134 1221 2532
26 2121
401 959 1736
346 799 1395
1148 1204 2097
47 616
1067 1222
431 2567
1412 1709 1913
537 871
40 318 797 2312
1533 1877
1164 2557
558 1448 2406 2577
2189 2371 2423 2492
763 1762
1797 2010
204 365
967 1198
1401 2486
663 794 2490
1020 1631 1944 2499 2627
542 2055
406 2292 2298 2315
194 1415 1727
420 1401
120 1350 2329 2375 2383
1924 2308
1293 1643 1942
44 2505
470 1914
1037 1543 2366
987 1351
661 1811
1296 1512 2538
1064 1384 2124
478 625 763 2017 2665
698 747 1635 1933 1975 2204 2232
781 1370
204 668 1287 2534
204 448 974
1553 2337 2541
27 258 642
751 1477 1567 2038
1123 1573 2064 2215
2289 2512 2550
911 1197 1515 1996
356 727 1642 2100
114 2198 2449
195 313 2425
1050 1705 2177
341 2178
1697 2649
602 872 1925
115 2571
493 1218 1408 1487 2391
294 2196
750 922 923 1231 2502
498 1667 2660 2674
676 1321 2034 2105 2620
668 1592
441 828 2259
1129 2005 2452
1291 2261
397 913 2102
45 372 521 907 1252
191 1639 1701 1837 2050
717 2095
41 2154 2479
454 543 1878 2379
1552 2391
194 1159 1542 2663
150 2221
1207 1695 2521
1619 1682 1777 1992 2104
1347 1605 2186
57 1461 2221
20 249
706 1569 2291
153 938 1026 1517 2366
217 838 1247
1343 1598 2253 2255
1262 1558 2236
24 64 313 330 1489 1793 2619
208 2227 2311
1854 1961 2537
584 2556 2557
1828 2447 2603
809 989 1116 1195 2215 2251 2613
381 793 985
313 1253
848 1498 1558 2110
663 1877 2259 2263
1247 1654
712 846 1536 1672
1938 2660
842 2122
57 433 2453
331 1083 2199
551 1924
1389 2026 2221
143 1827
691 823 1821 1938
1336 1691 1753
152 1602 2452
2193 2545
1782 1968
293 1015 1024 2641
1132 1207
1247 2425
349 360 723 1292 1719
126 135 785 1403 2154 2525
117 1084 1639
109 344 2421
748 1754 2064 2656 2658
1106 1176 2363
53 1421 2171 2606
247 764 767
659 1125
1189 1194 1549
205 281 431 2193
335 2578
208 529
523 970 1512 2356
329 556 615 1804
172 423 528
1097 1201 1942
33 618 1064 2294
1453 2577
484 648 1159
1089 1577
715 836 1082
389 1557 2231 2630
30 2326
1442 2199
64 668 1928
977 1254 2513
248 825 1908
173 1445 2013 2455
716 1896
1490 1915 2414
1191 2003 2314 2541
249 375
570 935 1186
351 569 678
682 1463 2230 2307
1659 1818
216 916 1368
937 1002 1929
355 1204 1500 1947 1983
968 2384 2611
94 1820 1825 2030
64 934 1453 2242
1896 1909
679 1290 2619 2635
84 493 779 1927
189 2061
861 1043 2337
690 724 1192
477 809 820 2196
1216 2035 2529
1386 1911
882 2573
1152 1364
1154 1832 2333
520 693
200 958 1220 2023 2525
2349 2610
1243 1795
478 1999
894 957 1505
315 587 1248 1800
771 1593 2450 2461 2509
32 184 891 967 2157
87 445 1123
469 2655
1540 1690 1717 2422
1064 2533
449 1139 1798 2638
363 495
1108 1339 2317 2487
368 421 2325
855 1161 2498
1152 1284
1905 2427 2459 2576 2628
876 1094 1430 1832
1121 2178 2444
875 1203
870 1084
293 1389 1566
175 1262 1267 2433
689 2282
687 1216 1688 1932
163 1867 2162
1909 2355
474 2662
97 894 1403
79 366 2371
1394 2677
964 1992 2359
112 2064
602 1299 1382 2240
538 1255 1994 2059
440 1059 1617
956 1442 1508
1064 1409
190 684 2088
684 1972
1398 1573 2313
694 1013 2238
1516 2201
397 1955 2035
583 671 1678
1139 1630
1129 1934
859 1626
287 542 2010
2067 2375
1366 1431 1712
1095 2498
781 2081
553 1722 2461
170 643 1448 2473
175 310 1280 1617
763 1086
185 1819 2095 2454
542 618 931 1624 1890 2043 2451
1706 1840 1876
115 1120 2021
250 1656 1801
1090 1489 1551
786 1353 2214
1324 1429 2524
1217 1344
172 789 1835
309 597 1407
1530 1664 1824 2283
1051 1539 1782 2037
1192 1604 1632 2154
471 652
1709 1925
721 1515
872 931 1765 2261
1492 2560
1972 2476
3 89 676 1702
21 238 607 2114
865 1805
1314 2622
1451 1612 1820
1254 2020
872 1383 2238
436 1212 1850 2357 2555
1163 1633 2422 2555 2670
276 1207 1650 2447
729 1097
856 1085
273 2050
53 737 1339 2150
35 1103 2143
640 1040
1499 2155
971 1216
368 646 1673 1969 2587
958 1021
846 1625
1337 1654
385 1903
327 587 1484 2393
451 563 711 1607
1117 2662
966 2292
642 1951
3 1930 1945
589 1813 2051
363 1715 2542
607 921 2244 2614
1882 2478
380 529 1407 1598
1190 1222 1258 2389
578 1130 1586 1978
1310 1695 2237
1158 2198
1070 1770 1976
542 1688
45 476
1079 1396
1467 2265 2312 2542
232 2123 2410 2520
596 1747 2563 2614 2679
978 1061 1124 1801
61 2678
1140 1226 1919
376 621 855 1445 2671
888 1412 2137
730 1096
502 647 1545 2414
829 1559
1663 1692 1888
5 1210 1972 1986 2090 2252
591 805 2021 2056
366 585 1697 1913
1067 1474 2488
164 2343
1183 1203 1466 2357
347 1603 1854
1441 2307
1538 1879
2190 2293
974 1244 2303
164 314 407 1898 2342
551 998 1789
178 182 1635 1883
999 1577 2650
215 1270 1716 2197
973 1937 2640
906 2311 2425 2580
88 951 1012 1976
206 303 895
106 1588
760 2568
851 1007 1026 1105 1636 2005
986 1189 1580
491 1421 1878
685 706 1587
1630 1638 1909 2355 2618
1152 1744
1286 2453 2591
434 809
952 1568
1391 1631
240 1673 2055
487 1035
615 1425 2051
745 950 1832 1875 2493
50 1489
125 544 2056
1411 1881
892 1485 2328
1639 1648
288 389
1055 2271
35 356 370 879 1105 1581
255 2651
752 1792 1876
66 336 648 806 1440 1702
1158 1346 2351
609 976 1037 1288
11 296 443
448 1249 1515 1816 2614
77 2419 2600
1402 1933
87 1880 2638
907 1222
1072 1276 1871 2637
415 1221 1615 1662 2070 2223
797 2394
661 1672 2026 2052 2379
463 1186 1300 1623
1651 2325 2672
1853 2385
814 1401
53 1453 1478
628 671 878
48 700 1906 2608
646 1481
27 680 1755
1096 1699
1202 1275
1732 1780
229 1403 1463
155 618 1612 1999
681 1046 1263 1617
1531 1725
363 1394
191 772 1205 1489 2605
162 729 738 762 1467 1598 1609
96 740 1410 2456
475 935
416 2460
613 1176 1671
1843 2525
67 2547
27 37 2061
410 949
1258 1797
1108 1279
332 1578 1808 2083 2482
650 838
1510 1614
495 560 1785
1047 2415
970 1371 1469 1790 1854
766 1553
441 864 2088
56 1675
186 1343 1838
723 920 2406
46 211 817 1071 1590 2487
1223 2023
660 1285 1469 1816
539 1511 2414 2628
1091 1349 1707 1788
1458 1539 1959
220 1342 1766 2521
340 1939
124 1529
740 2173
413 1634
880 1336 1904
168 387 1147 1789 1950
118 252 911 2613
326 2667
598 664 898 1883
2247 2493
68 649 755 1145 1607
522 1350
188 742 1444 1535 2138
741 1080 1555 1815 2662
284 457
690 1972
237 1158 1305 1521
182 201 537 1245 1697
12 254 460 1485
944 1353 1688
971 1313 1961 1991
932 1091 2574
893 1850 2450 2632
388 978 1290 1758
473 1809
25 870 946 1264 1327 2080
615 1310 1765 1789
681 2303
41 440 1083
1099 1161 2057 2518
517 1056 2139 2575
424 1047 2385
1209 1395
664 962 1258 1370 1618
252 1975 2199 2451
1425 1434 1639 2355
1687 2321
499 1724 1882 1910
1056 1597 2029
207 1313 1905 2192 2387
1873 2492
113 741 1013 2106
144 750
443 1008 1222
1596 1885 1965 2614
457 1281
183 1785
1149 2481
537 1343 2116
225 574 975 1196
172 1974
18 85
1698 2294
101 326 1141 1768 2432
1335 1954 2244
377 434 1939
1189 1640
420 1310 1736 2516
1157 1394
499 1704 2266
67 183 856 1039 1460 2319
1016 1651
1515 2265
287 653 2099
457 1246
474 746
846 1371 2072 2397
157 234 1195
1683 2132
557 1374 1885 2190
559 1055
43 583 1152 2635
1739 2103
1129 1257 1692
746 840 1197 1886
866 2415
907 1234 1708 1725
117 245 1017 2133
225 410 689
21 838 887 1024 1165 2423
1115 1996 2381
23 1014 2003 2428
1739 1832 2016
319 896
1106 1164 1216
2001 2077
905 1530 1969
417 1561 1677 2488
237 1695 1984
802 1823 2424
530 1001 1932
1060 1983 1990
710 2538
1477 1551 2645
393 640 1743
1932 2035
1147 1251
1494 1830 2278
84 430 470 662 1300 1379 1929
271 2646
1760 2212
2301 2333
243 1855 2273 2573
47 943 1840 2675
398 588 2496
303 335 2248
1059 2611
1805 2119
729 1124 1645
214 1554 1864
364 521 1173 1800 1811
2254 2625
1378 2216 2657
419 1534 2070
448 999 2363
923 1676 2431
969 2626
242 1000 2005
1124 1699
95 1935
459 545 1691 1942 2418 2542
156 651 1466 1623
368 1083 1119
862 1669 2142 2305 2470
21 96 761 2149
2237 2569
302 1377 2258
60 186 422 844 1064 1100 1515 1876 2262
172 2056 2325
543 1187
638 1852 2636
181 508 2608 2671
390 1641 2454
625 660
741 1333
1840 2035
334 927 1140
404 2155
147 290
508 972 1210 1478
679 1330 1978
862 2437
1265 2216
827 1397 2472
181 1343 1854 1987 2471
262 2002 2625
876 1659
231 572 643 1558 1652 2527 2658
476 986 1788
226 1928
1243 1935
569 1197 1201 2104
419 698 2437
2 1685
1261 1596
1425 1738
195 1067 1885
316 339 998
908 2514
234 641
198 2174
616 1087 1190 1211 1584 1708
264 1234 1334 1836
370 1781 2231
301 2106 2487
34 1121 1459 1565 1596
1791 2600
899 2484
511 1166
88 1730 2440 2523
934 1664
196 229 783 1323
117 419 1351 1470 2287
514 790 834
344 1102
1287 1784
119 2373
149 2403
455 756 1960 2168
969 1834
479 724 1410 1713 2148
507 1000 1591
215 1385 1487 1562 1811 2532
139 468 488
671 1698 1726
512 846 2140 2303
86 809
661 1975
57 1398 2396
129 920 1276 1576 1612
229 1405 2155
251 2253
712 2670
309 352
1133 1387 2287 2514
22 596 2325
576 1090 1617 2361
235 1366 1809
1610 2624
13 2164 2356 2445
760 1907
1089 1166
1671 1683 2445
1529 1681
1068 1140
1859 2147 2604
632 1520 2100
1105 1568
94 557 661 1113
149 205 905 2038 2461
914 1434 2023
779 1928
726 2384
1196 2599 2606
529 545 2019 2535 2554
869 876 2268 2611
81 1857 2457
1487 1507
520 618 1304
321 558 1589 1936 2127
57 1237 1422
1045 1136
1593 2506
208 2140
46 1622
1259 1362
597 1084 2620
82 1609 2147
660 1910
389 425 2437
81 1698
364 1253
245 539 562
801 1960
439 2444
244 997 1558 1615 2326 2343
1248 1829
1370 1432 2157
933 1098 1202 1978 2303
716 1299 1514 1648
1043 1187
239 1386 2365 2425
42 2494 2589
588 608 1837
56 765 1980
445 2409
1087 1173 1337 2032 2186
192 642
1380 1420
12 30 1382 2349
1281 1303 1315 2631
445 2020
129 244 465
157 2456
862 2491
342 2454
940 1492 1746 2002 2141
316 467 1011 2292
259 2258
464 766 1507 1975 2329
63 1510 2251
1513 2010
303 2618
1411 1935 2442
135 524 1621
1645 1678
81 1409 1561
225 302 516 1770
1113 1688
1563 2270 2666
234 736
94 1174 2404
180 465 585 2241 2245
687 778 1145 1645 1942
275 1587
227 1390
276 1165 2424
451 705 1498
1143 1597 1954
849 2008 2416
1052 1741 1910 1961
15 364
839 1547 1830 1935 2074 2581
147 481 588 851 1215 1581
1942 2177
450 1120 1616 1750 2004 2064
881 1023 1582 1830
1295 2231
1004 1009
847 1472 2408 2549
1484 1865 2162 2188 2310 2363
1927 2217 2377
1291 2276
407 2619
40 1842
386 1872
745 1049 1128 1164 1502 1961
90 202 428 1252 2644
409 764
566 1998 2213
102 1994
1276 2554
668 877 2576
449 1959 2309
1165 2507
2027 2052 2388
956 1441 1448
177 2559
314 855
340 1111
760 1552 1666 1799 2307
321 564
702 1573 2067 2341 2366
300 421 1997 2150 2668 2678
608 1956
1603 1683
723 1395 2623
1090 1436 1532
175 298 959
662 2084
20 1846
1028 2049
840 1638 2362 2633
585 947 1055 1390
1062 1459
312 633 821 1141 1564 1960 2529
295 1387 1834
367 1199 1322
444 1970
1493 1989 2033
745 1199 1340
1563 1816
184 1254 2190
1386 1724 2159
633 860 1389
433 2041
1191 1870
497 1823 1977
560 688 1006 1435 1812 2433
357 841
792 1230 1676 2228
1433 2218
273 642 2171
368 605
293 443
178 252 433 520
317 1367
1689 2662
483 1303 1642 1788 2466
413 693 745 1517
297 438 508 1054 1289 1435 2462
42 831
1556 1613 2567
232 294 1814 2225
867 1004 2381 2389
185 790 1013
3 114 982 2279 2426
135 159 870 2492
728 1075 2044
531 1460 1990 2675
1290 1415 2530 2646
125 1680
391 1396 1650 2236
1516 1965
740 2288
1946 1964
1064 1783
3 2536
976 2549
309 1450 2081
1220 2378
892 1973
260 484 598 1268
261 2356
8 1755
1124 1545 2397
46 229 1780
744 1426
649 1183 2062
1085 1467
518 2046
554 1096 2353 2438
545 803 1662
1242 2571 2678
659 966 1633 1795
1183 1476 1706 2254
11 366 645
1219 1322 1510 1744 1920
668 1673 2520
131 1474
400 2636
2064 2110
467 1658
1653 1783 2078 2134
212 1150 1230
145 328 887 1549
678 1975
145 1869
1336 1497 1559
119 776
1333 1719
667 2482
1069 2049
1069 1286 1372
1370 1955 2052
1252 1387
567 862 1315 1892
437 644
263 819 1658
184 249 1806
474 987 1698
306 383 1226 1361 1909
324 519 1006 1753
292 336 777 1111 1589
390 2491
472 1195 1422 1988 2313
208 270 2157
1680 2159
1490 2324
530 1386 1392
1221 2366
892 1738 1888
974 1789 1936 2199 2270
1470 1819 2539
1369 2147 2342
879 1212 2401
778 1805 2230
820 1296
88 240 1956
803 2490
106 199 876 1319 2099
360 598
997 2530
38 1616
1612 2353 2499 2604
343 1237 1405 1875 2317
857 996 2583
55 1098
263 2526
545 800 2531
281 825 1788 1809
765 925 2410
264 1678 1777 2473
292 1701 2189
118 652 1188 1397 1694 2021
1897 2167
1384 1551
92 257
463 2140 2186
1073 1560 1662 2671
693 1133 2621
118 1295 1939 2226
195 2240
105 2186
892 2149 2564
209 395 883 2633
1078 2165
693 1598
1131 1492 2188
70 1154
197 217
33 656 951 1857
159 859 2511
1108 2031
530 2120
252 483 1651 1787
253 1491 1846
1791 2609
449 1756
876 1319
197 1946 2037 2569
376 428 1061
1847 2633
573 646 2181
81 2593
1128 1196 1402 1453 1493 1718
397 978 1347
478 713 1360 2428
1 729 1052 2420
478 1296
12 521 929 984 1005 1434 1587 2555
1269 1653
1023 1186 2050 2594
105 1658 2586
814 1402 1880
141 383 750 1988 2251
1232 2176
147 967 1490
664 1177 1557
125 895 2374 2581 2635
827 966 1006 1118 2210
290 373 2468
871 1973
2081 2497 2509
2495 2641
338 674 922 1207 1550
712 1397 1740 2102 2382 2457
17 2224
752 1170
1248 2378
549 1299
190 1584
903 912 1467 2065
345 961 1105
614 1322
731 1164 1411 2234
738 1385 1843
316 1177 1642 1997
75 1210
1588 1739 2313
90 492 621 987 1586
1706 2037 2363 2636
1054 2300
2028 2549
571 674
1778 1820 2110 2447
401 635 1809 2499 2630
483 981
364 470 1620
131 702 1328 1656
586 1592
79 1241
1158 2257 2335
615 1492
476 499 986 1640 1652
22 190 1863 2394 2576
985 1318 1650 2027 2358
581 1597
969 1123
43 854
220 536 1755
129 1250 1986
209 2218 2484
358 481 1459 2138
1969 2648
694 966 1377
174 1524
469 881 1583
1250 1991
138 1247 1461
1737 2129
1789 2393
364 2589 2623
1376 1950
107 1772 1846
190 243 2518
171 995 1623
1565 2548
38 493 1178 1263 1303
748 1168 1411
188 1608
416 2470
857 1001 1445 1548
648 672 875 987 1924
518 1875
641 1753
397 2106
198 1450 1508
955 1132 1878 2626
152 220 1721 1980 2594 2642 2646
1563 1721
613 665 1004 1965
1068 1432 1658 2612
215 416 2216 2573
80 1115 2556
2267 2299
384 1544 2266 2459
237 1609
149 1125 1510
287 324 647 1125 2600
725 989 1507 2018
1133 2049
378 1306
279 2449
2042 2276 2379
926 2041
1261 1330 1427 1468
1307 1913
130 1139 1702
1066 1785 1805 2080 2142 2444
621 2598
329 851 916
996 1888 2599
434 2181
393 2562
1834 2664
1810 1992 2210 2233
97 831 2075
633 1118 2310
520 561 1069
471 2499
767 1228 1866 2259
50 544 1708 2625 2650
987 1847 2426
968 1366
65 656 836 846 1967
592 2018
237 1897
701 1475 2604
68 798
373 633 898 2168 2312 2379 2507
634 2321
111 388 1451 1623 2346
1608 2417 2505 2604
1677 1959
764 2068 2362
984 2073
1432 1538 1601 2671
277 1248 2676
1179 2545
40 2069
608 2094
346 520 2476 2487 2569
874 931 2457
1869 2366 2411
399 1610
414 1113 1258 1896 2163
1428 1539 2411
1361 2194
1392 1832
788 1001 1132 2326 2383
162 1794
330 867 1340 1855
62 813
1118 1398
143 770 1748 2052
587 840 876 1190 1869 2040
77 370 620
423 2005
2205 2629
981 2304 2555
1111 1151 1374 2045 2075
140 2184 2231 2522
1388 1691
170 1100
814 1189 1445
883 1656 1785
184 1564
1779 2091
662 1864 1895 2455
179 1407
1329 1582
944 1965 2222 2661
2518 2550
887 1106 1659 2609
1266 2133
1321 2450
638 1242 2038
1517 2216 2355
329 471 711 930 941
807 2495
297 2547 2584
1559 1831 1957
1369 2023
360 1410 1810
17 483 2213
46 2338 2591 2606
19 242 457 1578
1145 1537
1471 2080
1038 2470
1351 1655
1539 2614
1342 1412 2150 2647
941 1997
475 1948 2207 2327 2625
721 1388 2105 2467
204 2000 2294
47 312 351 578
1036 1212
1331 2071
2333 2342 2366 2605
1145 2462
556 1393 1950
1115 2484
2407 2570
279 398 1124 1588 2546
1724 1864 1986
309 588 2009 2023
969 2262 2536
416 571
58 282
983 2237
1315 2086 2408
147 853
1678 2355
799 1618 2303
90 1041 2036
175 412 2345 2347
510 1474 1712
667 2035
453 1061 1999
308 955 1165 2388
293 934 1217 1468
712 1650 1727 2238
190 611 2080
294 937 1617 2207
597 1520
34 609 1111 1438 1765 2467
494 2035 2397 2507
904 1813 2538
1977 2319
483 603 1955 2502 2545
537 1318
1037 2166
129 628 1221 1728 2280
962 2415
689 812
615 2537
17 1763 2640
114 1116
159 1204
202 711 1586
1159 1187 1227 1303
835 1056 1397 2670
495 1901
314 891 1114 1245 2157 2662
35 57 1120
397 1303
361 1495
231 1093 1127
807 1011 1044 2111 2645
62 86 339 877 1070 1469 2258
1987 2045
333 442 1721 2333
664 1501
1463 2099 2486
454 1558 2156
671 809
1754 2212
816 1772 2096
87 310 762
9 2423 2451
41 1769
120 1751 1952
81 685
1315 1976 2024
1774 2297
1384 2109
179 2286
656 1300
657 1351
306 1176
1797 2594
232 1043 1100 1607
467 684 1198 2602 2620
154 797 1248 1491 1706
834 984
1231 1940
934 1413
392 597 975 2642
1480 1731 2306 2395
190 468 2543
131 1390
97 1297 2620
534 874 1092 2661
131 1062
614 773 2047
1015 2509
949 976 1519
185 957 1237 1738 2675
571 1125 1674 1869
183 363 1244 2221
490 1143 1727
910 1885
142 1067 2028
777 793 1309 1402 2253 2277
440 620 668 1883 2029 2561
780 1870
1169 1222 2667
1502 1521 2320
700 1528 1616
1645 1703 1999 2273
284 1071 1731
33 202 786
91 123 2122
433 625 1642 2523 2649
331 471 988 992 2211 2314
481 699
631 820
1303 1814
661 1038 1862 2117 2568
671 1721 1872 2045
487 1851 2451
1147 1899
1765 1890 2471
153 2223 2386 2635
323 1210 1221
612 971 1248 1428
1166 1294 1807
798 1014 1825 1967 2119
549 1022
1246 1487 1550
1089 1615 1764
1191 2462
731 1521 1783
838 1078
209 637 1999 2127 2512
81 462 981 1661 2499
500 2341
235 396 1198 1329 1546
884 1683 2529 2553
1808 2038
223 688 1216 1707
831 1128 2317
957 1702
964 1588 2286
647 746 1413 1857
218 665 1322
819 1926
1412 2641
1132 2554
389 1904
1893 2260
779 1363
498 1338 1509 1600 2068
300 1634 2349
373 1632
1535 2581
526 1347
316 2618
1494 1762 1912 2482
586 1351 2326 2611
1066 2373
93 1900
1627 2300
241 715
972 1914
1447 1489
142 720 1647 2277
519 705
2246 2666
1375 1833
634 1248 1916 2146
912 1594
560 747 2197
767 906 2203 2635
888 1658 2288
350 1679 1685 2650
216 694
69 1459 1553 1796
239 1921 2000
109 1746
163 373 1320 1353 2081 2172
175 377 1214 1713 2504
164 364 923 947 1339 1583
438 1662 2267
71 365 1340 1377
235 310 642 665 1586 2461
207 1480 1871 2006
554 1998
709 736 954 1048
1104 1152 1406 2129
242 797 808
402 418 762 1752 2289
17 1605 2380
1047 1752 2576
10 681 682 783 1687 1834 2178
204 1587 1810
28 186
290 615
601 1052 1209 1676 2390
1117 1234
541 734
356 1022 1275 1710 1981 2677
583 905 2254
30 676
781 921 2600
1097 1855
54 155
814 2562
859 931 1742 2298
805 987 1712
386 1075
990 2009 2087
1191 1644 2503
1231 1543
1104 1820 1890
188 241
76 2667
562 1135 1243 1890
786 2567
1049 2392
2087 2549
399 449 515
457 872 1293
1229 1935 2347
1455 2642
1123 2161 2401
1937 2135
93 1090 1692 2194
667 2311
143 486 2286
522 2392
607 777
32 460 888 1907
485 860 1015 1777
1545 1875
1198 1790 2028 2245
219 407 528 637 2128
161 233 2342
193 331 402 649
1098 2421
1998 2084
469 922
1067 1657 2639
1955 2120
133 2103
304 675 710
149 654 1543 1720 1745
553 1394
178 536 981 1388 1844
964 1516 2134
728 1186 1743
796 1521
837 1088 2116
1904 2596
93 1578 1875 1902 2197 2253
404 2326
53 251 571
992 1422 1646
1682 1750
265 641 2386
684 942 1296 1601
258 476 849 1680
39 906 945
347 1341
198 1942
76 1562
2347 2596
467 776
131 2256
793 1447 1575 2580
1749 2424 2595
404 450 1287 1724 2356
154 2075 2520
1080 1422 1963 2354
707 923 1049 2226
2107 2654
797 1956 2472
1479 1958 2010
1722 1751 1994
1466 2562
1148 1671
693 1582
1352 1888
1870 2480
712 2618
465 1620 1698 2192
620 823 2334
976 1855
527 1595
233 2484
1295 2451
507 1027 1448 2020
965 983 1209 1261 2005 2202
95 110 777 1493 2212 2236 2316
15 1694
281 1570 1872
1385 2095 2138
425 858 1694 1842
1233 1609
1644 1835 2594
1449 2129 2355 2406
344 1239
1312 1553
932 1733
1361 2287 2418
1543 2212 2388
877 1214
1429 1887
325 615 1602 2672
623 639
70 1793
746 1080 1643
1412 1771 2105
5 242 2218
1234 1834 2258
798 1607 2162
716 1019 1434 1854 2609
314 1893 2458 2601
834 2045 2645
473 1853
428 1280 1608
20 689 785 1709
1085 1387 1539
806 834 2265
1126 2623
1208 1230 1835 1935 2087
813 1282 2296
1267 1780 1985
253 958 1565 2672
1260 2160
250 867
199 403 1668 1985
1079 1961 1991
661 1049
905 1283 2125 2162
410 637 806 1315 1456
411 1135 1365 1658 1928
1794 2514 2675
255 545 827 2119
770 1117 2479 2480
1053 2074 2446
94 1538 1629
219 2524
381 1238 1709
422 1240
135 197 331 860 1053
297 672 1528
15 1171 1741
417 1945 2257
502 811 1471 2469
393 687 958
462 689 2033 2190
477 723 1150 1305
1044 2012 2203
330 582 2554
2063 2137
998 2408
450 1585
1229 1550 2288
397 444 2065 2635
322 437 802 2068
889 1247 1911
277 1279 2050
1352 1727 1953 1956
1794 2581
2264 2316
638 1644 2420
307 1210 1426 2643
1044 1723
605 2019 2241
1000 1226 1313
528 2149
181 448
892 1397 2188
1602 2553
580 1356
701 724 1924
1075 1708
220 245
1652 2138
337 1550 2152
227 306 1989 2285
2104 2233
733 1030
48 515 2179
511 1768 2005 2142 2179
1916 1966
1210 1581
226 967
823 2033
625 1048 2463
46 278 1072 1141 1657
126 1133
157 883 1304
490 825 976
544 2521 2551
624 2255 2472
1105 1581
1935 2313
1615 1887 2238 2599
965 1090 1120 2433
813 1491 1837 2661
554 710 1208 1449 1731
857 1354
483 630 819 916 2329
1051 1545
127 744 1198
1144 1557
85 249 524
1174 2456
155 1332
163 322 992 1564 2518
89 216 1181
1245 1934 1986 2007 2273 2664
573 1871
1369 2509 2675
676 1855 2052
339 378 800 2415
496 590 835 1308
1162 2435
