1768 2612
817 887 1243
568 633 1057
755 1599
60 129 1230
102 1342 1626
1269 1335
1109 1153
666 740 1104
129 139 800
439 586 1565
1159 1412
957 1209 1327 1396
582 588 1290 1384
52 365 1322
487 1021 1438 1697
637 1033 1461
134 372 1733
928 1084 1181 1185 1356
1183 1464
84 737
67 639
169 1735
5 637 840
53 411 1714
239 825 1004 1406 1476
1043 1331 1688
252 1340 1627
71 277 608 1719
208 381
582 967
794 1004
27 277 581 842 882
447 866 1223
260 1540
39 302 710 967 969 1703
1182 1417 1528
6 995
315 592 1219 1302 1303
407 535 1047 1253 1360
402 473 595 823 1008
593 752
529 661
75 1670
843 1463
245 521 915 1696
321 748 749 892 967 1469
833 1152
301 1106
957 987
167 487 789 1240
378 495
552 883 1036
754 1419
240 483 529
182 203 845
754 979 1152 1636
147 707 933 1238 1607 1616
488 1256
241 466 701
869 1140 1250 1259 1556 1737
708 1694 1753
552 877
8 985 1041
181 766 926 974
607 801 1433
351 1469
770 895
681 1040
1517 1743
309 1015 1378
593 1645
777 939 1419
220 328 729
1007 1017 1096
20 298 611 924 1224 1363 1751
254 594 1354
678 929 1471
967 1160 1231
265 345 483 1022
468 478 956
712 755 1306
54 1009
789 1351
344 1204
367 678 1591
1165 1332
126 257 748 1009
243 1312 1335
137 1261
174 372 399 969 1113 1252 1513
361 741 940
1341 1680
378 582 624 755
477 777 1073 1149
740 1067
228 959 1234
113 1012 1429 1716
275 549
104 475 490
851 1111 1362 1482
508 1105 1435
224 649 873
49 163 801 1110 1399
6 558
341 733
131 382
379 1424
536 1497 1523
137 410 555
762 1073
596 749
213 363 1592
321 812 1553
495 756 1092 1691
50 1080
413 690
1484 1517
94 707 1508
325 1753
815 870
547 1196
277 516 1016 1384
346 1706
823 990 1249 1652
30 1305 1412 1663
504 737
29 525 1342 1365
210 644 1453
641 1053 1169 1428
513 683 1369 1607
77 285 412 1030 1247
244 1467 1654 1747
291 1310 1762
89 1032
796 1184
24 460 956 1598
359 429 540 1362 1747
654 1685
788 1665 1717
1356 1579
1059 1351 1458
153 910
1202 1225
214 721 965 1347 1390
877 926
63 447 1423
527 585
969 1598
297 383 633 845 983
242 535 627 687 1065
422 802
287 1106
210 294 1068 1333
5 56
534 890 1266
516 869 1328 1366
25 958 1557
181 1378
1587 1674
568 993 1073 1383
18 1551 1685
953 1130 1523 1540
537 910 1689
425 1303
62 458 1718
26 1424
651 1736
574 886 1112 1490
596 1388
240 1713
20 878
875 932
729 921 1181
876 1555
518 1282 1419 1581
349 1041 1522 1555
1012 1600
139 460 1164
1147 1359 1470
934 1470
255 1119 1321
398 562
62 103 160 487 1523
640 908
132 353 975 1523
39 95 1643
94 681
76 777
122 649 1290
205 451
199 1283
258 525 639
987 1410
828 836
290 891
893 1328
578 586 1610
1393 1605
1016 1341 1573
725 1754
499 583
642 916 1612
1003 1167
590 1549
311 971 1309
170 704 947
32 137 791 1754
390 565 1705
445 819 1203
263 349 640 857
852 1244
176 995 1696 1759
221 803 1236
179 376
983 1348 1577
126 319 509 1726
159 1135 1537
227 290 444 686 748
898 1591
383 1520
787 813 1244 1591
153 512 1289
306 933 1141
83 267 1247 1329
7 967 1187
646 1109
933 1399 1489
66 458 517 815 952 1722
681 1030
44 798
661 802 1026
87 341 654 1556
80 417 1497
229 866 1339
59 148 928 1712
673 1400
95 557 1279 1713
298 345 1586
91 724 1755
627 1168 1246 1487 1519
1232 1760
411 1138 1256
423 1603
1541 1711
310 1018 1541
1037 1364 1480 1654
403 726 921 1224 1342 1650
483 961 1168
229 666
533 1675
84 521 535 755
531 992
815 1174 1756
230 264 912
787 1047 1094
542 708 1627
950 1335
330 801
469 581 957
568 1748
228 992 1666 1764
302 592 602 1233
96 956
181 1122
1193 1298 1430 1748 1752
367 1323
965 1117 1264 1615 1758
1364 1629
131 542 789
1526 1675
359 613 710 792
56 313 358 611 1194 1459
881 1372 1549
86 154 1137 1273
375 950 1723
136 766 1153
913 1107
326 689 790
207 709
385 553 703
184 1442 1524 1711
741 1253 1649
500 1102
266 1345
142 1113 1565
407 1706
36 363
48 1085 1452
1294 1361
1301 1650
99 525 1074
510 749
463 659 1257
174 1065 1768
97 162
601 984 986 1064 1268
83 247
47 120 563 830
135 1245 1732 1751
140 467 591 605 1008 1334
23 204 1149
180 1181
132 366 1030 1409
788 1543
889 1141
116 263
18 123 151 469 1144 1261
89 491 562
255 638 1337 1402
101 241
856 1485
366 1696
1171 1285
755 1128
551 790
479 1637
221 1517
214 521 1492
986 996 1423 1428 1665
1170 1378
373 1212 1403
134 612 765 1035 1328 1385 1649 1660
1063 1127
277 653 950
508 536 887 1557 1691
19 84 1109 1439 1587
1520 1544
318 665 772 1039
472 1124
305 312 1098
1359 1387 1451
338 366
229 961
469 1531 1707
181 448
22 974 1247 1723
916 1200 1265
24 753
928 1373 1640
1 202 933 1337 1454
1411 1755
147 389 390
454 1239 1357
1271 1416 1500
171 1084 1520
187 275 315 582 1104 1247
703 801 843 1337
284 1001
896 1158
820 1612
1076 1544
280 447 518 1285
1012 1064
748 931
126 1112 1465
533 1644 1669
1083 1329
144 806 951
5 151 777 1232 1654
642 1223
886 1740
274 731 836 1035
271 367 594 1056 1100
1174 1448
128 403
90 132 597
898 926 979
453 972 1044 1105 1497
48 402 680 1289 1584
446 473 542 668 1022 1761
680 1266 1431 1585
484 1068 1654
126 379 479 566 700
782 836 1165
611 704 719 1194
330 756
523 550 655 1361
318 415
265 374 1503
329 1084 1370 1658
1569 1688
1015 1206 1351 1599
82 1278
356 581
849 974 1334 1403
382 533 544 638 682 992 1386
504 1412 1515
649 1168 1239 1479 1629
745 1162 1383
260 1512
42 224 612 705 779 887 1361 1554
637 1071
744 762 1006 1758
714 1627
708 1348 1619
257 1052
44 956 1138 1247
85 634 840
141 933 1557
313 771
250 303
363 760 797
53 964 1087 1469 1602
506 1235 1388 1730
197 709 1507
507 1001 1692 1755
737 837 1729
287 722 1353 1610
149 550 1229
742 1187 1571
330 1181 1271 1358 1523
205 422 745 898 1659
385 431 604 1423 1471
375 794
736 1697
443 562 658
194 651 920 1323
587 638 1366
1661 1756
187 723
245 269 1635
604 1722
1313 1352 1630
536 654 1080 1132 1244
52 60 461
624 673 1017 1621
382 808
1127 1403 1668
45 683 802 956 1760
134 682 1406
286 578 656 809 1061 1496
1345 1647
509 545 592
960 1115 1553
707 1691
369 429 450 1746
12 1212
286 1661
102 677 1338
134 551 1295 1443
487 1307
813 986
1151 1165
102 1007 1411 1627
418 1362
549 784 1649 1741
12 1446
93 187 1472 1620 1658
602 777 1756
492 506 1122 1728
458 1013
1343 1510
114 1218 1293 1307 1527 1556 1730
437 556 1010 1505 1610
166 795
1137 1351
278 607
162 931 1129
537 713 927
331 337 897 1353 1738
61 1638
551 1611
179 961 1104 1563 1746
201 1628
646 1221 1677
749 1064 1424
376 557 599
838 1090
510 512 545 1718
355 1176
1358 1381 1538 1645
348 1115 1678
525 740 1224 1699
86 798
6 293
880 1046 1069
899 1260
517 551 1369
292 1244 1313
347 526 1717
62 1075 1159
793 1211
474 1298 1762
860 1467 1487
342 1360
239 1132
280 1211 1556 1674
236 1012 1418 1670 1676
1037 1339
134 612 1046 1344 1568
181 1219 1361
559 749 837
546 1122 1275 1409
877 1203 1423
1563 1608
90 107
185 267 761 1051 1571
250 1379
449 806 1467 1643
185 548
314 406 1184 1365
732 1725 1743
70 970 1258 1702
380 520 1703
896 1325
568 786 802
1334 1723
15 640 835 906
744 748 984
983 1092 1550 1571 1670
179 244 1468
756 764 1360
591 662
776 1181 1317 1735
631 1136 1268 1325
874 960
310 825 1384 1496
838 1225
65 1648 1704
24 49 594 1130
444 1039
31 1154
905 1608
923 948 1452
59 1119
619 1757
31 318 323 498 758 1152 1262 1303
32 178 1529
71 389 864 1195 1212 1371 1637
670 1102
221 363 1182
451 491
644 1098
1069 1249
432 803
14 1041 1539 1590
194 392 481 993 1619
910 1524
57 1238 1677
552 917 1544 1598
72 408 1224 1509
703 802 875 1084
102 933 1494
237 508
745 752 1007 1576
3 225 969
26 297 745 1572
119 497 849 1680
54 1029 1503
426 905 1754
808 1110
530 1759
1 661 697 1032 1103 1634
226 476 512 1386
319 503 658 1568
28 782 789
194 283 1152 1574
161 844 1439
487 1077 1154 1208
445 480 870
179 317 549 1550
13 179 389 634 729 1074
470 871 1350
492 1050
802 1126
960 1108 1480
52 983
240 1507
582 1554
918 1189 1202
261 1183
5 91 975
405 545 790 1345 1387 1562 1571
403 571 597 723
920 1651 1675
3 1363
1376 1560
298 605 1592
1135 1197 1700
719 823
123 182 258 1365 1488 1561
218 536 854 1188
398 724
653 1391 1500
799 911 1248
260 1377
78 444 914
92 392 858 1402 1767
275 357 1313
213 549 872 1685
533 698
1179 1394 1537
540 687 1212 1592
662 1053
409 1183 1655
785 1479 1483
1325 1387
109 543
62 66 145 1191 1262 1746
247 1259 1265 1689
791 821 1014
1052 1261
53 247
780 1241
194 647 950
47 152 807
320 1537
410 1341
151 992 1079
546 695 1671
407 817
422 468 888
86 418
161 1678
146 309 1561
4 59 1228
62 372 1668
1124 1303
649 1109 1572
706 1521
1308 1314
121 237 1217 1265
1178 1448
203 613 1040 1240
490 1384
38 385 1434 1511
12 1004 1530
804 823 1203
189 352 912
493 923
235 1287
640 727
18 1460
1276 1301
6 109 113 1566
683 727 992 1554
149 342 942 957 1024 1639 1705
702 899 1305
39 698 854 1638
814 1123 1670 1764
333 745 1035 1480
921 1490
806 941 1105 1483
67 660 1266
186 1583
1020 1748
358 791 1168 1207
908 1178
452 575
451 610 941 966 1422
40 393 742 1398
748 1076 1402
1324 1369
898 1455
49 294 984
223 786
612 1199 1550
1063 1295
180 420
1266 1685 1722
8 229 416 856 901 1372
212 423 765 1160 1424
141 774
535 967 1485 1513 1618
415 1240 1379
404 565
123 376 603 1384 1611
256 537 738 989 1305
1122 1671
519 1581
43 289 1188
295 1441
333 395 1278 1466
777 812 1285
1282 1307 1620
100 228 1170
159 530 1186
211 636
776 1191 1222 1428
941 1092
840 1427
273 627 693 850
27 275 372 581 915 1190 1387 1500
388 406
737 1447 1483
282 433 569 976
185 782
241 464 814 1011
1194 1341
211 1016 1637
129 869
53 666 1222
361 1411
546 883 1413
618 1040
1551 1572
977 1530
44 1480
348 409
142 523 1564
837 998 1554
1115 1173 1732
28 944 1235
696 1477 1671
299 417 659 666 909 1365
1102 1533
169 1162 1269
1298 1375
520 565
1009 1651
128 324 410 1324 1555
661 696 1542
836 843 945 1232
67 647 1460
72 1726
98 854 1571
243 1282
256 323 1580
1056 1420
597 1231 1266
696 1440 1486
643 1098
294 617 746 1508
4 558 1234 1407 1519 1542
562 1231 1469
69 1509 1678
139 986 1256
1225 1415
138 194 563 1588
83 142
393 1203
442 1266
665 1745
69 1685
1145 1217
806 1372
348 1020
990 1060 1347
11 259 1046 1346 1484
574 1553
107 333 798
93 182
484 1176 1629
662 683 939 993
546 548 1754
304 686
1362 1510
830 1251
754 1101 1596 1602
577 1262 1284
123 773
40 1209
1559 1582
245 436 798 1225 1465
1138 1391
419 927
225 396
463 1295
966 1171 1493 1653
243 489 1648
432 1056 1259 1406
343 744 1334 1656 1660
309 479 1738
941 1249
762 931 1585
265 545 761
372 1708
467 807 845 1709
222 1726
251 1020
45 1225
211 263 535 1729
3 46 627 803
274 1629
184 581 1360
314 568 1119 1278
264 625 1026 1047 1083 1168
1182 1347
23 366 1762
818 882
638 1727
123 1172
537 828
892 1509
85 350 373 1400
1047 1190
66 220 1165 1596
276 1265
1135 1264 1524
1065 1467
625 708 1231
51 565 1388 1765
127 1426
228 1614 1622
159 330 888 1112 1331
39 99 1499
639 746 1133
485 1201
492 768 1336
555 1120
294 310 1016
226 1601
423 1059
533 1133 1165 1325
701 1049 1191 1567
182 356 1025
827 1760
456 526 866 1386 1624
1569 1601
129 1031 1266 1429
216 809 1043
657 1015 1752
70 180 184 882
250 1748
1229 1400
199 1650
217 918
293 1627
422 1302 1348
950 1465
302 763
549 687 1119 1137
593 997 1342
81 1022
808 965 1327
376 918 1483
193 907 1460
1192 1310 1705
335 1556
764 1119
895 1440
296 592 1173
368 1172
965 1076 1479
277 900 1485
1185 1359
824 1260 1604
719 909 1041
104 222 1461
41 1112
1023 1177 1349 1765
594 1045 1098
241 1554
779 1099
1603 1639
185 384
77 1174
146 278 882 1733
157 222 312 339 808
503 1088 1394 1531
187 705 769 817
55 558 1641
99 121 221 914 1145
788 1218 1549 1581
902 1305
703 1113
794 1371
64 629
258 768
1 990
1482 1610
428 904
703 1327 1412
907 1078 1615 1640
1113 1452 1614
656 1129
141 1152
1156 1477
7 960
124 634 677 968 1081 1156 1278 1568 1732 1746
221 702 877 1564
548 1266 1435
835 1283
575 897
513 1543
20 77
1060 1355
1079 1746
769 992
163 1032 1396
292 710
98 1227 1564
503 993 1161
512 584 1299
624 1161
808 1713
375 1044
445 596 1142 1306
279 346 1064
735 1005 1063 1174
434 1065 1318 1542 1682
68 406 861 869
48 70 933
775 1059 1614 1654
228 836 1433
436 582
18 692
238 520 1490
1135 1511 1537
128 435 551 1005 1035 1357
509 922 1403
610 1760
297 435
8 477 1732 1767
460 1224 1477
273 886
16 1408 1735
1039 1361
342 659 834
129 676
1296 1299 1531
813 948 1018 1553
663 1065 1385
94 1103 1120 1297 1750
214 362 608 1453 1521 1691
88 1613
1507 1694
839 1391 1404 1514 1644
1199 1250 1591
57 239 353
227 1241
1323 1488 1683
45 293 774
459 892 1649
1319 1366
846 1239 1287
346 551
239 1153 1284
773 950 1086
451 1471 1732
177 321 997 1754
349 984
41 346 779 1415
981 1764
1136 1255 1680
319 1563
473 955 1618
188 630 706 1121
237 858 873 1219
493 703
1141 1435 1519
1190 1238 1366
302 1540
565 1391
107 634
176 1312
17 1567
212 306 389 906 1753
1009 1302
683 1382 1456
141 255 509 618 781 871 1038 1400 1749
278 588 1247
689 1440 1591
14 1342
946 1412 1561
291 512
376 569
431 1220 1472 1489 1552
1262 1727
989 1262 1602
711 1439 1506 1554
53 1362
542 792
465 791 862 1354 1596
195 1080 1201
1302 1619
171 258 619 1001 1257
1257 1675
318 613 1052
100 266 583 1037 1549
769 1089 1156
243 1081
821 1295
1144 1407
620 786
454 861 970 1091 1341
73 146 838 894 1184 1241
609 1524 1760
762 1054 1083
361 1367 1408
52 693 1458 1673
163 758 1458
1159 1240 1758
511 1071
71 785 959 1371 1440 1493 1531
164 636 1223
90 987 1506 1656
428 682 1471
549 752
313 717 739 800 825 1312 1408 1472
353 358 837
18 716 755 1322
711 906
97 386 769
84 459 1056
1228 1730
229 463 567 1742
1017 1531
235 591
283 591 1025
546 1260
1510 1761
902 1755
624 1484 1489
232 1111
102 473 594 1559
104 1255 1282
397 517 532
690 1045 1688
663 853
1041 1489
492 892 1065
83 1239
547 790 929
1235 1414 1544
185 600 1602
814 1649
41 390 1257 1417 1573
379 871 1298 1456
449 590
545 1726
1225 1457 1732
361 1300
406 909
128 1258 1629
57 278 496 672 1390
715 999 1107 1339 1374
401 671
1450 1577
458 743
35 345 1409 1549
712 1235 1479
401 727 1241 1383 1720
447 1197 1509
265 1029
351 372 1284
939 1307
444 807 1054 1484
20 132 843
107 1094 1708
875 1742
635 762 809 956
85 169 239 712 1409 1642 1653 1727
74 426 1018
559 694
114 1001 1227 1715
32 1186
733 925 1136 1439
99 1450
624 1099 1157
784 1465
1016 1140 1637 1680
194 1034 1079
27 1031 1131
73 895 971 1301
82 1041 1086 1264 1477 1705
642 1177
830 832 1020 1192 1589
441 823 1580
606 1230
952 1164
297 1049 1366
1670 1761
340 636 1103 1344
1250 1370
404 1398 1620
16 483 925 1327
392 590 752 1111 1524
220 1324 1682
175 636 678 704 851 892
1113 1601
357 472 1041
119 1195 1583 1727
903 1053
1138 1662
152 720 1600
509 707 1376
435 1591 1747
815 822 1107 1224 1663
678 774
627 1250 1575
1095 1387
573 1356
1185 1595 1764
418 848 1007 1115 1590
335 1300
1021 1623
391 1551
366 1298 1384
452 645 647 905 932 1542 1576
1618 1651
522 839 1209 1267 1596 1720
31 1140
8 17 44 701 1140 1691
911 1548
1333 1600
1106 1660
89 203
845 920
50 1404 1424 1433
899 1588
560 785 1026
1388 1612
372 1035
111 247 309 436 486 557 1600
262 479
659 710
147 173 375 498 815
827 1502
83 675 1105 1618
180 389
959 1223
34 1665
665 1269 1293
1458 1696 1762
137 1181 1220 1299 1457 1719
528 1698
864 876 1461
550 575 718
634 733 917 1425 1469
571 835 1345 1643
6 57 1191 1377 1613
1025 1216 1369
310 1655
40 1007
491 1252 1488 1745
1089 1602
724 1383
73 448 813 892 1079 1665
70 1368
934 1072 1585 1605
204 358 1428
612 688 1480 1554 1654
277 1217 1435
985 1328 1383 1449
496 546 597 1309
100 163 280 983 1323 1436
526 1594
445 543 1229
59 796
476 692 836 1402
378 590
654 1400 1559 1569
501 1520
763 790 1142
98 313
266 415 641 1178 1426 1635
785 1262 1342
48 53 1242 1513 1728
4 433 547 723 1523
990 1453 1553
1210 1339
687 1706 1747
457 493
119 1577
741 1324
94 176 481 1212 1451
458 510 829
986 1359 1416 1421
158 888 1241 1267 1616
1127 1386 1408
324 551 583 1225 1444 1623
126 491 1185 1466 1595
397 788 1269 1566
140 190 913
147 343 917
129 1021
301 528
134 800 1257 1482
681 683
644 1185
418 1452
746 1410 1555
102 1686
406 1563
511 1511
235 323 433 960
155 1358
78 567 1156
1243 1583
1003 1658
524 577 795 1235
117 399 583
638 1078
355 990 1122
387 685 1085 1441
787 1559
869 1056
864 889
324 547 700 1090
477 1461 1733
341 680 1039
124 833 1089
415 1506
1251 1365
809 863 1336
291 989
8 1156
940 1209
57 339
1381 1425 1738 1762
827 1579 1604 1657
47 410 577 1509
293 1039 1365
121 508 831
1121 1194 1212 1548
1062 1338
16 178 601 681 770 1371 1666
273 678
918 1176
1411 1655
415 1422 1457
25 1090
39 678 1489 1503 1585
329 497
265 831 1109
704 1569 1677
12 1697
614 1049 1391
854 1073 1524
695 1436
425 427 715 854 1742
95 907 955 1492 1565 1574 1756
199 363 366 452 1379 1436
168 830 1586
724 765
439 1105 1381
364 812
1125 1589
1265 1426 1606 1745
244 999 1342
533 541 823 1054 1122 1184
741 1403
737 1302
45 270 660 1081 1227 1759
394 1383
689 1131
1349 1549
60 686 1363
24 745 754 1270 1734
159 217
536 691 883
186 399
532 1275
185 535 1479
385 713 896
373 1403
29 181 341 1495
490 534 568
935 1379 1424 1691
113 302 636 993 1491
258 902 1749 1764
1410 1713
294 316 638 1648
139 436 1403
457 590
174 376 976
89 941 1000
180 655 1569 1603
235 1215
17 462 545
11 617 920 1285
702 707
872 1059 1383 1532
92 219 1666
453 830
12 1115 1479
1401 1497
183 882 1590 1682
467 1006 1040 1680
358 409
1643 1708
830 872 1738
620 1371 1723
76 1381
34 687 1147 1510
439 491 1628
77 1648
544 880 883 1169 1338
174 607
25 462
547 1080
1372 1531
255 573 801 1035 1187
1359 1380
1404 1429
1201 1433 1610
514 785 1122 1391 1392 1755
667 692 1359
313 503 726 1753
633 889 1492
316 390 1302
362 520 781 962
140 321 1040 1479
342 1080 1722 1752
914 1138
1256 1365 1563
272 848 1439 1617
712 776
316 1469 1518
1465 1572 1626 1670
31 916
577 964 1165 1614
513 999 1593
340 400 890 945
447 981 1277
77 691 1662
1014 1035 1045
329 912
241 352 1132 1244
871 901
365 386 1579
337 783
1163 1392
489 659 1037 1105
655 932 964
105 181
192 706 970 1108
322 1129
242 1084
697 762 1060
43 1620
411 958 1469
554 984 1209 1217
29 217 388 567 936
649 827
461 550 1073 1413
1100 1116 1671
1243 1281 1491 1535
423 1149
615 819 1012
601 1426
7 847
661 1264 1523
21 417 563 1045 1216
516 545 650 815 1099 1495
835 1428 1690
284 446 1526 1739
1386 1631
53 744 746
518 573 1494 1576
105 1121
7 434 719 884
1107 1509 1549 1685
1154 1159
266 421 570 1426 1684
610 1180 1589
131 421 1313 1357
618 682
284 779
503 529 623
517 533 652 960 1275
4 238 780 852 995 1182
501 1374
300 782 1726
176 226 1354 1516
1155 1378
729 1560
1562 1629
1149 1426
769 1235 1577
37 83 240
143 1173 1637
1249 1703 1708
509 1192 1201 1513
493 519
153 1134
1255 1380 1558 1623
200 802
330 596
51 351
838 1404
477 1386 1448
274 869 1245 1316
669 852
90 135 1556
16 995
1205 1348
314 869
957 1037
1105 1200 1369
409 810 1260
464 862
698 904 1072
520 1272
824 1751
546 1538
95 795
47 591 1255 1452
217 640 700
116 1094 1217 1603 1765
179 476 901
389 661
284 757 841 1742
222 457 1199
359 1000 1660
774 1681
193 966
917 1395
388 1544
213 510 1025 1207
654 1022
245 922
165 670 1654
20 1025 1312
425 463
1 926
529 1653
172 1028
422 850
574 1498
77 688 726
589 1568
936 1276
376 729 985 992 1457
625 1145 1288 1454 1494 1527
328 1154
1467 1537
157 1173 1243
281 359 614 1112 1661
45 892 936
682 1012 1106 1331 1631
916 1298
794 1526
624 1672
209 433 446 587
289 810 899
416 672 1069
665 906
469 931
457 718
1141 1392
129 472 497 1294 1493 1623
934 1094 1208
48 142 934 1063
461 639 866
423 1589
876 1448
807 1159
319 597
346 1350
74 590
327 440 1304
664 1234
56 321 1285
1018 1082
5 555 565
403 538 1411 1696
238 878
579 1347
97 1257
282 374 1323
558 935
290 1703
1141 1204
457 1267
1269 1448 1570
689 1046 1546 1721
1600 1654 1743
76 410 474 803
527 734
1467 1758
900 1122 1208
984 1229
139 1416
397 401 434 577 1639 1640
594 1243 1320 1617
403 1067 1236
882 1377
510 780 851 1704
58 864 1049 1367 1585
334 572 640 1513 1698
345 441 686 955
27 1761
229 313 1002
441 588
455 529 1179 1342
83 446 963
279 574 1090
1354 1728
417 456
347 843 1711
641 665
258 738 994
792 857 1111 1138
337 588 1281
1241 1520 1690
999 1340
104 1596
155 1133
50 141
319 1231 1708
556 1220 1248 1302 1432
403 928 1628
100 975
72 119
321 624 1195
1077 1546 1756
205 408 666 970 1568
481 1113
518 784 949
632 999 1236 1314
622 866 1207
217 404 792 1164
479 1112 1273 1410 1461
763 1088
38 52 987
236 774 1030 1235 1533
1016 1590
215 491 494
526 839
866 924 1098 1725
479 793 1476 1493
461 1195
233 1582
872 995 1645
373 1388
313 523 530 666 1647
106 174 558 1544
152 170
102 149
1095 1104
741 1194 1527
1210 1334 1389 1744
338 1010
1409 1653
622 689
2 913 1412
259 1045
187 1633
210 522 754 1631
245 564
1283 1490
359 1589
177 330 1324
1545 1746
257 1665
21 586 1017 1503 1591
312 772
194 519 525 859 1017 1482 1623
89 894
134 580 1171 1599
245 1720
653 1202
243 994 1176 1662
591 1142 1635
375 661 1348
290 1197
97 133 1333
942 1178 1697
610 887 1199
852 1704
210 673 836 1476
457 1033 1595
622 895
367 729 1561
244 493 1238
115 324 1053 1450
665 838 901 1221 1537 1555
905 1331 1513
643 740
969 1729 1742
350 530 1450 1623
485 1264
355 447
391 461 1192
1070 1595
536 726 1031 1251 1271
638 755 920
396 856 1585
691 909 1229
786 1443 1622
133 483 1150 1230
284 1661 1731
97 186 561
1287 1625
446 966
5 62
497 1049 1527 1732
467 644 876 887 933
487 1099
366 767 1177 1568
481 887
546 1100 1472
357 403 621 688
136 298
111 334
860 1068
454 507 679
330 1058
371 678 680 704 875 1381 1643
161 580 982
720 1105 1397 1428
490 926 1300 1373 1482
600 1360 1543
188 708
670 1131
292 1697
860 1025 1588 1590
35 792
211 596 1703 1752
373 594 1705
71 374 488 1229 1347 1546
41 299 1458
843 1137 1729
294 640
369 428 1074
346 1244
59 397 426
462 1303
253 623 783
126 597 1677
71 1360
993 1625
95 767 1301
78 389 1190 1410
177 1128 1303 1398
981 1169 1727
32 259 794
452 1398
1459 1482
946 1672
88 120 160 1545
1047 1132
625 738
63 1098
962 1448
52 187 719 1289 1512 1645
346 578 1753
702 852 1572
797 1278 1756
675 831 951 1269
137 1662
243 611 1108 1272
66 431 1621
799 975 1179 1198 1395
370 1028
175 871
194 417 1767
26 803
459 702
195 1483
499 887 1344
548 782 1258 1605
647 860 905
895 1670
57 142
72 517 664 815 1500
118 641 687 1578
210 1014 1614
482 1110 1240
512 790 1549
1195 1366
830 1066 1476
905 1339 1385
1100 1135
1346 1594
161 954
45 1697
949 1164 1238
242 1274
771 1488
727 1698
359 1269
578 1607 1704
362 1473 1592 1650
416 484 625 740 850
49 1542
643 1328
1053 1512
1352 1684 1722 1748
368 606 794 1009 1740
102 833
396 451 573 1347 1680
202 362 390
156 258 1040 1478 1524
1047 1183
1099 1208 1692
184 311 762 993 1111
318 647
606 1528 1742
318 545 733 774 1755
170 1180
184 228 1025
367 468 1121
41 455 518 602 1335 1420
1087 1357 1387
467 896
509 652
7 1141
1660 1718
379 1172 1689
5 405 582
445 874 1626 1670
666 1205
1205 1631
472 655
1003 1730
65 142 324 1735
222 941
306 1541 1612
899 1196
659 1388 1425
881 900
78 1537
482 900 1357
602 1308
192 367
329 1748
286 688 1491
418 1578
868 1094
1138 1627 1764
604 1147
118 666
1011 1330
1280 1487 1767
189 1508 1599
372 1327
1063 1739
701 1027
1 203 528
649 1413
220 981 1107
264 518 1607
34 1477 1483
2 960 1153 1356 1366 1390 1584
212 962
313 791
1136 1604
151 216 340 573
269 368 516 963
1142 1346
799 1102
37 88 797 1569
97 1333
691 928 1240
92 95 747 878
39 187 211 1007
536 1412
141 1305
962 1222 1365 1677
315 816
25 219 535 626 942 1000
715 800 1598
20 365
287 1334
193 503 699 1058 1171
174 901
149 1189
563 741
1306 1359 1752
610 1010 1149
204 398 776 1242
611 1156 1651
4 511 597
527 1059 1229 1621
851 1567 1583
555 739 1021
244 922 1672
65 440 519
297 392
76 1736
418 1531
310 728
518 1647
378 987 1193 1487
65 87 896
497 1760
485 1050
452 633 832 925 1086 1572 1579
1114 1366 1672
876 955 971 1097
82 986 1010 1275
961 1366
409 1279 1723
379 1176
185 488 622
551 1535
618 1261 1604
1121 1147
1377 1511
1415 1565
1199 1348 1432 1489 1725
212 896 1637
407 1503 1579
618 1757
119 1085 1649 1759
895 1018 1409 1501
284 1076 1520
959 1200 1246
170 1111 1246 1260
421 499 983 1285
436 787 906 955 1376
583 1747 1748
564 1585
286 1178
26 77 420 789 1168
714 1282 1492
108 1241 1437 1746
259 871 1001
283 890 1566
434 703
1439 1460
729 1615
399 1585
344 795 1008
98 244 606
178 1126
464 910
916 1023
335 430 1150 1736
206 1086 1598
258 667 1061 1618
221 388 399 646
485 975 1154
377 1640
129 1627
26 616 1261 1278
250 1443 1591
837 1145 1433
37 607 1019 1358 1374
667 788 1073
628 661 1724
588 1361
38 1503
130 278 1435
567 1029 1339
526 751
38 1190 1388
8 371
153 166 231 668 1433 1644
943 1429 1537
982 1119
517 1428
688 776 900
918 1744
371 1607
72 586 591 647
1227 1235
133 799 1341
159 1076
730 1385 1392
183 222 262 792 1450
436 1198 1349 1680
25 780 1378 1569
257 474 546 1221 1332
1349 1363 1639
172 444
75 125 225 245 682 741 811 1076
165 1690
1131 1172 1753
146 501 612 1662
388 415 519
345 358 902
794 1226 1648
160 783 1500 1602
612 865 1419
611 1162 1207
231 657
374 1049
371 552 972 1496
503 1618
239 637 838 1738
132 178
96 199
473 698 1561
1326 1503
460 535 714 1474
774 1246 1247 1355
776 1629
99 209
955 969 1574
10 801 1632
81 98 1227
637 1043 1096
539 1225
493 665 1256 1452 1555 1589
970 1566
303 604
151 957 1179
392 870 1213
900 1409
337 457
850 1065
444 1024 1343
1529 1687
140 581 606 1579 1633 1676 1727
774 1334 1489 1599
704 986
294 872 951 1054 1172
16 156
1333 1422
317 429 846 1078 1174 1655
937 1700
63 324
404 733 1400
461 877
895 924
1147 1314 1476
780 1097
984 1234 1357 1409 1607
174 588 865 1031
361 704 775 1290
69 421 638 1011 1096
52 487 1109 1378
497 720
52 447 461 502 690
241 1581
209 587 956
530 548 1016 1101 1256 1292
1060 1415
139 243
496 915 1072 1218 1637
1020 1749
216 317 523 543 1159
258 770
37 708
1045 1066
1087 1684
80 577 1274
198 1339
121 1675
900 1673
736 881 1118 1423
853 870 1460 1644
143 715 850 1201 1372 1513
266 1113 1374
206 1426 1733
146 186 625
205 1377
371 389 1012
505 783
32 737 1264 1447
519 1109 1302 1749
604 1156
1341 1599
234 1354
290 1630
199 769 1733
48 921 979
112 565
333 1404
343 1151 1231 1749
648 973
590 946 1344
976 1088 1218
71 1089
798 1469 1541
280 321
239 381 1197 1727
2 628 716 1666
49 417 1461 1727
750 1589 1736
254 554 587 1646
231 1348 1737
250 431
69 1214 1587 1658
976 1018 1439 1567
385 625 1424
32 188 1635
6 990 1103
30 872 1148
653 1291 1582
399 879
257 855 1011 1563
487 1203
78 1049 1402
818 1285 1716
787 1708
35 206 634
217 844 912 1760
398 1743
125 1106
104 347
406 1111
3 547 826
70 1509
1094 1556
1621 1764
59 152 269 1605 1707
190 922 1252 1319
69 206 1162
293 765 921 1465
69 623 668 1672
369 768 1747
240 781
1026 1176 1626
259 1328
291 817 835
85 606 664
970 1608
605 824 1751
92 1000 1218
499 1312
887 1133 1294
4 59 743
111 123 693 1190 1577 1729
13 644 1171 1746
202 227 485
391 634 769
133 318 1020 1440
905 932 1428 1477
922 1757
868 1000 1542 1549
446 840 1346
456 857
439 837
133 726 1111
1355 1447 1519 1584 1660
260 418 923 1172 1453
3 219 322 578 592
104 763 1018 1221
623 686 1432 1695
836 1397
1101 1283
385 1073 1295
161 1194
619 747 1256
617 644 1095
478 1234
488 716
541 703 1217 1410
330 424 1226
1287 1376 1387 1530
748 755 1701
236 517 558 830 1323
176 549 1050 1273 1698
96 116 1412
918 1099
855 1244 1344
475 825 1043 1159 1386
996 1102
273 1707
212 507
312 465 734 1110 1313 1371
291 689
331 1271
540 606 1024 1225
10 568 581 1361
155 687 726 757 1363
1369 1628
82 89
1216 1470 1592
331 946 1227
48 746
109 1259 1280
228 385 403 1411 1452 1631
94 665 782 850 1146 1318 1596
57 158 1133
187 515 1490
224 463 1501
705 1109
220 705 1323
603 1514
1137 1353
121 193
72 547
1212 1290
996 999
189 483
72 203 906
802 926 1452
1152 1339 1546 1696
496 850 1609
879 1432 1487
768 1174
199 1725
549 801 862 946 1172 1399 1603
654 1546
439 1265
1098 1117
891 1730
354 597 784 980 1430 1621 1631
222 705 760 1065 1457
199 1026 1251
366 670 948
77 536 821 1153
1000 1001 1123 1454
374 1599
76 697 1059 1102
421 990 1316
33 1107
145 684 810 1311
40 177 725 742 981 1743
1544 1696
644 1165
107 368 812 1422 1583
128 857
165 341 418
14 547 559 627 1308 1697
279 596 1344
286 342 573
233 584 1017 1254
511 1089
37 163 345 835 1129 1400
756 987 1655
337 438 642 723 1749
149 997
758 1435
186 1522 1708
424 509 1102 1171
76 305 1243 1269 1678
865 1113 1492
781 926 1143 1181 1294 1561
250 833 1488 1650
45 1572
460 590 738
689 867
10 613 670
602 857
142 988 1001 1077 1448
364 408 606 1514
714 1717 1753
947 1757
189 391 908 1654
896 1241
107 273 692 1413
242 392 477 802 974 1026 1356 1399 1420
512 744 987 1067 1293 1559 1610
178 1172 1749
788 942 1688
27 161 558
185 305 850 978
900 1181 1233
1061 1725
1086 1347 1491
40 1706
916 1643
689 1481
752 1174 1269
569 1013 1445 1765
60 398 829 1345
1509 1643
737 1012
41 1488
1331 1579
1101 1185
478 1141 1428 1589 1688
240 1090
227 1544 1729
367 604 792 1666
287 406 1253
294 721 1270
360 508 839
269 347 1011 1410
182 668 711 752 857
19 435 935 1060
904 1449
249 1011
540 1104 1199 1246 1668
511 649 980 1307 1484
265 956
57 1313
25 1361 1398 1618
54 422 1350
57 219 495
76 122
497 583 1398
995 1447
1346 1446
358 383 814 1281
543 1460
10 662 990
583 1155
189 938
91 467 894
137 906 1383 1649
1392 1619
515 1717
762 805
3 274 697
864 1137
251 325 440 677 1077
27 823
227 269 315 319 1028
610 898 1606
114 838 956 1577
42 91 592
310 1528
539 718 1668
382 444
189 1013 1543 1579
284 292 669 736 1256 1333
234 1123 1356
847 1313
91 349 705
780 1087
910 1071 1492
27 1544
226 1197 1218
413 828
84 1594
318 754 1312 1451
209 814 1138 1652
21 106 520
701 797 1412 1572 1662
250 619
619 936 1220
572 1674
784 1342
452 555 924 1147 1762
28 1739
930 1033 1285 1353
885 1117
49 749 1356
678 812
137 806 1415 1631
483 866 1263
335 1141 1565
163 168 677 1732
244 314 1484
805 1152 1371
838 1600 1621
299 537 1153
191 1536 1558
705 1686
229 727 1436
1101 1207 1346
781 896 1336
279 1425
189 1583
779 1018
235 523 548 1417
623 1298 1652
153 1534
567 1399
1039 1435
16 537 586 1723
288 716
116 1602
781 1062
801 916
225 308 1107
549 899 957
695 738
710 1440
77 327 1098 1242 1738
693 1049 1715
341 1272
342 1418
388 969 1413 1741
831 1133 1732
45 266 694
94 224 412
310 514
7 342
770 1115
373 619 693
69 1508
231 528 637 1440 1497 1627 1718
839 1516 1542
757 771 1476
5 86 179 639 1612
371 1292 1360 1429 1438
1059 1195 1320
868 1607
826 1076 1668
790 1159
196 929 1208 1233
100 707 889
212 557
1314 1726 1742
282 1072
335 932
10 579 1723
312 719 1359
46 56 335 445
1361 1506
398 471 890 1305
39 119 1621 1622
259 483 801
733 1131
195 556
707 845 1202
876 1653
282 577 698 805 1706
221 1112
674 1104 1700
490 1540
966 1035 1133 1358
276 844 1462
13 228 915
181 642 1236
1740 1764
180 493 1668 1763
599 852 949 1168 1563
143 229
400 682 1467
146 193 205 1400
598 1090 1236
347 775 1012
864 1233
1101 1338 1524
382 1139 1262 1411 1603 1735
849 1032 1072
163 644 1574
777 1084
29 137 1001 1355 1711
537 1507
909 981
389 528 1323 1662
823 1721
356 1660
1507 1614
664 1202
135 652 1491 1651 1712
821 1272
907 1242
461 903
355 558 808
785 1581
850 1270
362 428 463 522 552 662 702 1131 1203
174 1443
966 1257 1447
659 882
503 780 983 1676
943 1707
126 632 1237
385 1105
1165 1490 1639
920 1180 1373
168 887 963 1349
774 1551
454 1733
341 643 966
184 688
78 399
840 1089
414 1046
993 1291
381 398
105 156 246 672 1184
205 978
534 1453
1021 1119
151 1391
428 472 1077 1748
153 562
1161 1374
436 905 1192
47 64 1407
742 756 1490
375 673 738 1103 1108
127 688 1447 1760
445 719
229 398 1537
574 597
880 1397
670 902 1330
10 133 267
314 1090 1159 1451 1620
939 1696
369 497 915 1313 1477 1531 1692
56 206 708
969 997
147 1199
612 1129 1190
87 138 602 1379
47 795
1009 1259
47 307 1059 1299
426 1000 1078 1484
688 916
987 1664
133 264 1131 1205
178 578 646 1120
97 448
1395 1567
491 1020
217 233 1405
481 1588
146 1247 1689
430 628 894 1461
507 1550
1324 1363
332 1166 1260
94 493 1667
147 541 1379 1529
1389 1623
467 1352 1482 1531 1674
1482 1517
90 594 1456
132 1341 1690
172 562 975
1069 1126
814 1042 1229 1658
687 1257 1672
806 1380
41 1402 1669
398 437 818 1096
173 940 962
186 318 875 1363 1651
76 925 1013 1640
83 991 1314 1323
37 44
736 1053 1261
116 1381
205 899 1726
806 1569
375 1548 1633 1685
482 508 646 1566
607 1364
886 1033 1268 1685
562 1044 1156 1563 1733
1007 1487 1496
1463 1533
530 624
556 1244 1706 1727
777 1298
845 1344
308 1047 1074 1197 1284
647 721 1081
1171 1606
283 757 876 1404
551 733 775 1095 1310
592 1389
224 1020 1482
1139 1217
72 143 1175
336 1087
713 1037 1504 1689
875 989 1081
1026 1402
1024 1625
88 625
1440 1615 1625
153 1035
815 1017 1149 1328
7 68 1492
133 306 451 1691
838 1230
147 1093 1561
305 1378
37 40
737 890
355 1130 1405 1501 1672
44 239 1517
530 754
199 550
114 592
705 1305
992 1325
248 1026
155 230
330 1460 1695
824 1666
274 994 1147
302 501 1089 1111
375 447 1062
346 423 863 1253
1009 1067 1102 1592
114 206 231 1294 1461 1576
400 1644
302 1333
552 1009
128 883
508 1286
20 143 492 543
1527 1761
675 1392 1723 1751
986 1381
156 506 1238 1283
385 537 664 906
473 482 1335 1371
552 1201
107 214
89 308 391 472 778 1040
699 872
492 584 810 886 897 1230
334 538 1169 1307
239 261
369 827 1532 1679
363 453 973
312 732 752 1196 1594
199 213
522 1593 1744
30 155 1218 1687
224 753 1652
241 1279 1465
222 659 1554
900 1319 1420
1407 1605
238 1084 1223
148 1530
358 464
100 534 806 927 1071
161 833 1314 1628
912 975 1571
545 711 915
98 1327 1476
816 1331
210 1166
579 797 1272 1561 1612
18 94 274
10 1651
79 953
162 633
982 1693
484 489 1055
1040 1072 1472
641 889 1223
165 748
162 286 1546
1470 1472
6 404 582
155 748
136 840 1701
259 1142 1400
3 506 1067 1194
999 1178
158 929 1623 1704
1200 1216 1617
788 797 1106 1315
522 528 1525
269 728 743 1115 1570
567 1319
941 1690
745 1345
835 886 946
317 341 1015 1737
6 305 857 962
62 1119 1341 1625
973 1355
70 764
241 345 1172
1013 1230 1655
917 1561
423 668 1450 1653
712 1475
347 727
440 490
526 1512
134 1710
71 87 227
72 74 92 188 481 970 1547
694 856
403 1404
679 982 1220 1227
166 337 463 662 1592
295 1724
224 1031
408 670 746 796 812 1353 1372 1379
588 639 673
1216 1422
8 710
268 600 1333 1436
638 691 979 1073 1112 1566
425 891 1073
940 1417
69 1497
299 321 734
1392 1586 1761
74 143 358 1182 1496
1031 1746
9 336 572 711
785 1131 1369
186 857 1520
150 1726
92 359 795 1758
1305 1507
58 1170 1299
215 382 390 713 1052 1053
89 132 215 755 768 993
37 915 1234
580 935
3 359
110 419 939 1337
576 788 921 1149 1706
457 1209 1627 1766
916 1755
726 744
177 407 1275 1467
37 720 854 1102 1113
564 921 1024
2 1218 1257 1319
180 1272 1487 1716
669 1430
490 1048
44 393 1275
618 740 1636
308 746 1499
487 1416
49 411 1015
785 1750
178 1171 1425 1459
361 671 979 1559
62 147 242 404 1261 1457
1201 1535
148 973
189 377 1154 1597
292 693 728
233 256 1271
63 666 790 919 1491
706 1508
141 357 525 1751
1262 1270 1507
872 1114 1425 1619
3 25 298
65 420 591 1469
281 427 1267
96 775 1252
297 1553
451 614 1256
959 1383 1623
274 439 1589
10 180 934 982
173 335 759 943
989 1461
260 298 691 783
602 615 1133 1603
