2677 3962
691 786
1481 1504
454 556 1376 2591 2623
769 1031 1604
262 2280
1447 1757 2490
465 1063 1408
521 1606 2148 2331 2376
252 2045
556 752 1449
316 1202
88 1393 1569 2489
215 1563 1601 1724
652 2091
1389 1629 1695 1946
383 638 2342
403 451 834 1067 2068 2270 2468
500 1495 2545
1267 1377
117 541 2414
1333 1578 1769 1819 1855 2201
368 2149
343 839
47 1163
27 955 1266 2032 2677
14 361 503 570 817 923
267 815 1751
752 2290
825 2378 2620
103 162 1527 1950 2117 2302
160 860
1191 1477
1550 1877
32 809 1940 2229
397 566 1693
1206 2079
632 1024
114 119 866 1348 1360 1510
1312 1736
583 1135 1190 2407
800 984 1715
550 855 2062
551 598
35 394 492 908
1107 1736 2435
740 1750 1846
227 723 993 1260 1476
125 364 964 2626
703 1301 1922
1851 2140 2292
1759 2184 2471 2630
53 165 313 740 1388 1413 1581
114 1226 1892 1981
514 781 1005
381 573 1037
568 1211
1824 2301
1513 1853
122 1979
143 1081 1223
1151 1864
2359 2550
1712 2183
1429 1940 2104
928 1283 1472
1305 1664
747 1305 2182 2576
336 1076 1293 1778 2203 2497 2583
89 1070 1892
98 1014 2552
761 1311 1672
1913 1976 2095
174 1504 2411
231 933 1441
1300 1619
780 875 1049
306 845 1913
1006 1383
1099 2041
236 681 823 1659
1651 2121 2449
27 197 1004
125 860 2522 2576
214 426 516
1433 2364
339 1645
130 143 1054 1232 1437 2105
112 1331 1332 1623 2604
43 491 1227
690 716 740 942 1032 1080 1576 2027
517 1510 1683 1704
74 1043 1188
335 523 1195 2574 2602
898 945 2358 2638
889 1083
448 831 967 2518
392 1882
469 1380
162 2432
35 798
589 2514
103 283 1115 1280 2081
259 1166 1273
764 1308 1720
196 519 698 2509 2557
256 663 2006
795 865 1320 1597
528 977 1343
610 1059 1334
1223 1865 2444
978 1802 1957 2516 2665
1205 2135
84 1617 1933
912 2004 2011
936 956
338 2159
738 1621 1926
911 1817 2311 2523
1220 2144
344 699
256 2024
3 1157 1885
414 1023 2434 2474
82 364
203 1941 2612 2658
823 1831 1988
1838 2510
956 1141 2135
15 714 2461 2467
771 841 2047
311 454 804 2174 2669
171 2489
464 619 664 957 2039
2362 2587
929 1616 2461 2538 2618
1129 1917
442 854 1658 2016 2138
721 1553
159 482 603 1110 1156 1268 2524
304 953 2461
409 608 919 1747
1882 2015
94 1057
1577 1611 1988 2668
489 822
566 1620
1323 1911
335 635
957 1278 1475
111 1061
1703 2142 2270 2575
43 279 1639 2117
222 440 2195
213 304 1788 2018
579 1290 2239
805 1514
1686 1734 2336
844 1013 1143 1632 2102 2617
279 560 1880
2229 2602
620 743 1766
975 1998 2240
321 782 1141 1562 2102
92 628 1023 1237 1903
338 1545
426 727
1667 2628
1644 2221 2232 2631
43 762 1381
1209 1648
231 716
1715 2395
357 387
579 737 1002 1724
1305 1820 2130
1009 1279 1973
1897 2605
109 395 1806
131 316 411 1305 2381 2548
1065 1168
182 1216
784 1014 1225 2231
913 1044 1190 1308
1427 2227
1520 1742 2217
86 2182
874 2407
40 572 1102 1477
361 695 2434
851 916 944 1119 1436 1836 1854
1204 2567
559 2049 2612
929 1293 2110
814 1074 1900
1398 2035
434 1100 1214 1632 2413 2530
673 686 1212
1120 1260 1795
43 2627
408 1466 2326
911 967 1553 2508
6 388 2067
386 473
340 1839 2557
819 1261 1648
893 1032 1213 1556
4 956 1605 1689
236 389
53 488
1090 2616
1059 2508
420 1401
844 1927
385 2012 2127
319 843 1095
1467 2346
289 1683
921 1836
451 537 2099
541 1250
853 912 941 945
455 657
601 955 1289 1448
529 2117
12 101 979 1520 1626 2174 2670
939 1433 1618 2195 2544
1016 1594
210 377 2124 2152 2373
257 1803
1265 2174 2268
1253 2529
609 1113 1478
2300 2506
1301 1624 2470
73 1583 1919
834 1497
734 851 2029 2647
1424 2157 2512
52 127 784 1589
1293 1479 1524
1157 2131 2409
1893 1897 1905 2103
258 924 1576
1021 1461 1570 1608
795 858 1000 2453
2458 2536
2570 2625
312 845 1310 2485
115 147 1940 2190 2413
1289 1345 2303 2600
571 1934 2024
297 327
1761 1812 2213
885 1509 2181
1055 2121 2513
704 957 1329 1490 1680
1054 2137
1714 1921 1995
540 1272
538 728 1568 1602 1992
992 1396
528 604
101 783 1044 1650 1923
407 1953 2134
718 1960
9 1117 1680 2451
213 569 607 2081
1485 2533
138 1331 2475
598 1431 1826
859 2192 2398
633 1112 2158
341 2032 2403 2565
1020 2114 2562
1590 2505
201 1798
179 643 1209
1008 1643
255 2373 2383
1958 2524
474 1752
1431 1487
86 261 1019
888 1819
1644 2001 2002 2302 2672
1741 1896
1592 1737
300 652 700 2274
557 1287 2447
60 1903
101 170 591
1113 1601
820 1233 1799
138 347 466 1162
115 710 1149 1692
179 399 664 705 760
739 1105 1492 1866
815 1872
2220 2270
388 497
313 710 934
434 2395
1457 2056
1063 1813
529 562 571 1935 2370
419 1862 2308
1266 1341
823 1150 1463 1583
1621 1721
670 2181 2282 2526
1382 1424 1517 1736 1792 2103
818 1319 2210 2473
471 1204 1971
362 2007 2142
600 932 1336 1842
17 701
155 197 1571
174 1077
832 1113 2132 2524
344 946 1821 2123
235 389 1741 2547
242 345 423
32 796 1700
125 1170
126 994
618 1849
832 962 2279
1256 1754 2525
282 759 1225 1476
1532 2389
168 2022 2136
270 1686
2033 2125
647 2031 2472
1329 1907
494 993
595 2063 2247
336 1994 2548 2635
679 686 1108 2306 2527
1221 1496 1988
1350 2009
933 1546 1778
827 2002 2026
69 2134
114 779 816
1581 1717 1720 2149
425 579 2256
950 1639 2280
55 1165 1355 1612
1073 1481 2281 2295 2412 2431
282 783 1082
1944 2081 2515
187 1516 1972
736 2011
1417 1423 2099
768 859 997
285 1926
248 1620
1562 2054 2549
1301 1971 2526
359 1365 1852 1945
18 816 866 1940 2317 2479
1413 1492 1857
987 1303
91 271 743 1742 1924 2526
180 442 849
658 1122
215 710 1371 1868
276 2639
72 168
759 812 1279
1578 2028
1086 2496
617 827 2174
660 2493 2523
233 1167
82 1257 1823
38 217 892 1589 2025
138 1686
1231 2489
125 282 862 910 1631 2047
163 1811
741 2358
1104 2549
709 955 1081 1270 1855
210 2431
53 2488
486 1028 1256 1411 2324
1693 1708
420 571
1142 1609 1742 2360
20 1129
109 830 1580
450 1501 1779 1970 2574
171 625 971 1886
190 340 1408 1596
114 1599 1730 2240
2056 2472
400 1889
279 1458
666 1251 1844
405 1371 1387 2412
597 1362 1378
404 1741
232 2607
19 175 951 2539
79 256 553 1958 2054
52 345 692 827 1135 1258 2056
994 2235
439 2013
727 1856
56 617 2379
1417 1570 2277
118 283 1093 1373 2114
1384 2225
252 2598
8 1418 2661
1422 2249 2417
1180 1798 1966
659 2547
603 2400
83 1541 1872
1150 1290 2265
748 2534
743 962
68 1937 2254 2328
198 918 1498 2395 2401
207 1388 1420 2220 2593
1334 1691
70 695 912 2232
243 1149 1324
835 905
801 2494
156 1618
2213 2285 2466
1688 2447
311 696
525 2386
1751 2212
590 931
324 561 1184 1700 2250
557 1112
66 159 734
557 2297
2245 2320
435 769 1474
530 1370 1481
576 1545
831 1891
1020 1288 1550
143 433
396 1021 2276
36 402
79 374 756 798 1795 1798
2382 2610
309 1556 2357
325 440 903
801 1005 1844 2495
857 933 2426
609 1589 2046 2469
1510 2230 2471 2497
300 846 863
3 419 1778
124 1922
647 659 1901 2082 2110
866 1086 2235 2618
685 1939
78 1243 2130
17 462
453 688
636 971
1888 2379 2538
1316 1496 1503 1696
242 727 756 1836 2583
83 777 1418
569 936 1654 1994 2183 2548
1494 1657 2468
197 405 2283
541 2577
592 1592
279 598 1559 1881
701 1385 1703 2645
349 1059
819 1059
975 2406
689 1643 1998
557 1305 1410 2008
1053 1155 1842
2043 2367
120 2579
2414 2494
465 670 2655
47 1267
611 1806 2395
2204 2513
1223 1617 1733 2611
168 954 2205
1043 1477
565 1997 2508
661 1583 1994 2183 2195
164 733 1131 1909 1993
765 1315 2173 2427
1539 1545 2251
327 1038 1120 2542
1169 1265 1504
596 737 1072 2340
269 983 1196 1819 2224 2587
1099 1766 2296
499 1211 2103 2132
1359 1710
1503 2177
68 1740
413 2314 2374 2459
238 290 1120 1888 2058
29 778 1710 1870
883 2021
1158 1194 1745
1043 1639 2166 2351 2593 2647
280 888
288 2305
435 1856 2211 2488
46 86 458 1010 1436 2591
498 824 1194 1429 2233
817 1189 1651 1970 2147
1479 1826 1889 2444
1152 1177 2041
817 1458 2456
282 711 1467
1403 1814 2443
85 1326
1808 2415
1367 2179 2428
875 1156 1425 1732
23 107 1985 2030
1328 1717
865 1658
2485 2615
263 496
315 884
1093 1609
527 654
14 2580
204 912 1310 2039 2076 2291 2435
799 1073 1251 2411
671 1008
209 269 1322
663 2654
1118 2247
438 2579
802 1177 1330 2434
161 2219
636 1115 1778 2461
818 983
52 71 1393
174 826 2093
271 2118 2240
1522 1754 2214 2502 2645
303 636 1236 1491
453 916 2025
268 1901 2378
678 2413
442 448 2652
304 744 1328 1695 1874 2149 2152 2516
91 878 1090 1191 1727
936 2636
115 1807
29 533 1867
695 1735
1586 2600
1166 1603
214 1328 1756 2454 2676
32 188
1992 2315 2587
407 817 1263 2063 2309
1812 1974
1000 1296 2161
619 927 942 1226 2298
1112 2047 2456
859 1025 1377
313 758
1298 2284
635 1255
1852 1954 2017 2388 2442
584 1092
2151 2506
874 1357 2517 2561 2577
1041 1303 2351
1296 2414
547 803 984 1283 2380
960 1311 2365
50 322 1604
562 908 2313
764 808 938 2107
744 1443 1835 2532
169 289 1858 2373
72 1562 2636
414 864 1410
370 1328 1547
55 842
918 1306 1698 2371
644 1174 1201 1292 1325 1935 2305 2431
19 262 1951 2177
135 308 806
671 1782 2043
51 658 974
2018 2326 2635
1111 1221 1243 1500
452 1014
486 858 1015 1161
851 1560 2494
139 1587 1751 2056
1138 1436 2398
301 1313 1591 2649
1659 2303
1463 2162 2418
47 75 306 438 606 1971 2262
1231 2489
565 909 1675 2185
233 565 1818 2670
307 1150
13 264 443 2279
2028 2146
797 955 1212 2100
1461 2366
555 1285 1945
2 2132
464 1004 1290 2051 2113
1019 1260 2400 2647
701 2096
705 1416 2472 2674
204 1314 2099 2183
95 1205 1876 2098
550 901
695 1092 1872
981 2323
134 1750 2144 2453
40 406 2287 2615
241 272
390 651 1106 1878
1574 1645
54 609 1437 1571
921 1550 2391 2572
290 569 794 1073 1283 1336 1952
789 981 1660 2557
138 531 1671 2330
560 770 773
51 203
153 2015
266 1348 1756 2582
1156 1700 2316 2567
1181 1859 1922 1964
551 2293
996 1298 1673
1166 1832 2546
574 1509
1495 2411
229 1995
1070 2350
1213 2667
965 1049
1137 1336 1480
695 828 882 1085
772 1469 2192 2262
954 1960 2459
2001 2560
700 1041 2438
910 1471 2406
1171 2465
983 1485
140 2368 2611 2631
25 321 1140
254 1126 1226
1203 2612
178 1316 1578
136 360 840 1639
239 1246 1782
1083 1669 2554
793 1584
911 1579
1405 1802
389 403 1701
470 1105 1817 2194
212 1413
294 469 687 1203 1954 2017
306 2592
281 793 903 1619
508 1559 2482
2138 2277
344 923 1648
154 2596
1619 2588
469 702 1218 2151
310 1949 2516
1076 1973 2230 2533
421 1257
561 2009 2606
469 904 2321
702 1805 2168
396 666 667 978 2284
1399 1772
197 1972
106 149 2642
455 1273 1385 2092
187 643
679 779
1130 1358 1623 1740
1446 1471 2144 2581
1082 1169 1210
479 904 2057
66 591
146 228
166 560
281 397 1034 1491 1859 2335 2563
316 1122 1990
1488 2370
677 2554
284 1013 1166 1273
1071 1301
828 2317
701 1170 2047 2529 2633
247 581 2042 2057
302 1019
2014 2273
432 2374
406 1544
1007 1531 1816 2242
398 2461
928 1587 1923 2547
337 498 1462 1868
1774 2025
453 1536 2201 2515
606 1698 1901 2432 2662
218 1621 2312
282 2391
1746 2379 2626
526 1024 2627
1241 1397 1923 2358 2360
446 561 563 865 1295 1757 1864 1978
205 1520
1016 2536
801 1142 1571 1957 2429
795 1422
1357 2194 2518
315 485 729 1204 1645
541 993 2099
525 777 1101 2489
243 1587 1847 2106
1645 2237 2638
423 941 1558 2643
360 380 1025 1976 2500
380 1538
10 642 784 2017
1551 2674
204 2194 2235
564 1059 1314 1772 2286 2632
1158 1958
844 2174 2653
990 1209 2621
146 1411 2288
324 1374
1218 1470 1528 2309
842 2289
2272 2483
718 1510 2303
737 849
181 711 1093 1106 1132 1269
226 373 1372 1699 2089 2296
370 1140
1441 1806 2185
5 1042 1160
223 457 1860 2088 2150
400 1431 2047
519 759 1472 2433
598 609 932
1009 1824 2088 2611
91 169 2141
1430 2560
108 136 873
1877 2535
100 1216
832 1942
38 1582 1850 2056
221 2399
1610 1822
324 1332 2130
503 2099
420 861 1264 1650 1652
688 707 1487 1504 1800 1868 2638
57 835 2274
227 509 718 1414 1524 2082
1821 2503
1257 1294
1631 1835
1091 1119
108 375
908 990 1373
939 2199
176 588 2612
617 1976
1454 1772 2357
715 1307 1543
874 1012 2045
367 2622
1011 1198
408 2100
1048 1565
205 320 1657 1899
274 849 936
391 1498
217 1497 2475
1401 2238
848 881 1610
1466 1910 2281
34 1490
573 2539
260 780
846 1550 1988 2446
74 796 2000
25 1945 2656
1037 1388
482 2429
997 1951
695 913 2467 2495
171 354 1854
1085 2026
925 2317
241 391 472 2321
83 188 1370
347 2187
1563 2142 2195
296 1824
363 709
592 610 793 1444 2124
2089 2138
1560 1955 2631
727 1033 1113
599 1533
577 906
1342 1706
562 2497
821 899
306 560
820 846 1196 1341
482 2342
173 321 1226 1463
1021 1342 2662
1780 1930
179 1698
63 669
493 1346
1446 1912
7 16 2360
104 569 1525 1865
618 2418
854 2383 2516
1020 1856
821 1743 1953 2039 2542
674 686 953 1183 1831 1911 2523 2621 2662
1137 1398 1477
77 2246
255 743 2247
1275 1383 2016
679 1227 1575 2012 2597
448 463 1425 2510 2539
609 2406
980 2385
547 1937 2089 2672
277 297 1610
410 548 1647 1722
460 1546 1639 2006 2599
716 1193 2531
429 592 726 1600 2056
886 985 1012 1228 1291 1924
132 744 1231 1561 1743 2592
1517 1548
251 681 1771 2209
1795 2649
196 1419 2436 2508
36 133 269 939 1711
2338 2525
188 1886 2173
807 1495 1576
329 400 1243 1773 2527
339 2156
596 1185 2419
760 1435 1559
294 651 2276
807 1025
1271 1476
582 1432 1854
895 1096
991 1106
672 1898
130 384 1615
452 1346 1418 1579 1980 2238 2316
841 1543
1365 1945
9 2497 2571
412 1241 1259 1472 1679 1682 2650
977 1174 1729
588 1569 1600 1684 1866 2048
14 143 424
695 808
164 345 906 2158
332 540 1488 2374
15 362 1518 2576
550 1097
1338 1991
1404 2350 2482
571 1995
780 1105 1332
1299 1707
470 896
861 895 1311 2342
1127 1499
638 686 1190 1652
715 1050 1834 1878 2182 2671
398 1169 1237 1908
200 1107 1236
345 913 2467
147 436 879 1458 2481
1826 2577
218 1476 2606
1684 2174
879 1531 1631
2 47 871
118 490 1584
398 440 927 1324 1893
1832 2261
1054 1246 1474 1949 2190 2493 2536 2671
97 503 1309 2090
285 316 1070 1260 1846 2398
113 464 1522 1647 2024
403 569 2312 2324
225 1497 1832 2579
679 965 1871
238 1922
265 375 873 1747
1473 1762
1603 1799
723 1646 2323
314 1312
1191 1836
667 1438 2239 2646
99 780 2304
516 1365 1595
65 759
471 739 974 1525 1720 1943 2090 2119 2550
620 959 1634
122 435 2324
360 1346 1779
936 1544 2015
946 1687 1847 1911 2642
392 1806 1860
50 1174 2502
720 1162 1747
62 948
408 1105 1222
830 1512
433 1153 1467
1013 1793
950 1016
632 1422
690 1962 2662
963 1633 2405
1384 2513
1032 1261 1405
1423 1962 2055
68 1081 1106 1375 2304
209 2077 2314 2512
828 1766 2409
1403 2487
515 1442
633 711
1320 2045
985 2107
1034 1511 2002 2141
400 1413 1599 1617 1663 2380
285 2622
1499 2512
2409 2603 2676
231 562 997 1323
1286 2132
248 603 1949
250 899 1238 1253 1288 1867
11 241 903 1053 1351 1353 1961
565 1136
140 320 883 945
50 956 1278 1411 1791
2245 2352
101 2577
118 437 1208
316 1902
84 794 1195 2525
431 844
1346 1609
530 708 1243
315 394 1427 1815 1858
644 1131 2501
1356 1463 2001 2172
1489 1674
1351 1511 2343
137 1970
242 615 735 803 1100
824 1064 1238 2625
667 1345 1620 2592
78 1223 2193
825 2065 2074
388 749 954 1215 2358
31 302 2362
535 1975
579 720 782 1363 2288
1412 1508 1685
743 1212
123 343 864 1646
64 370 885 1228 2305 2455 2562
588 899 1053 1704
1314 1650 2209
289 895 1591
984 1101 1290 1334 1605 2065 2396
1091 1203 2306
1546 2324
339 1563 2438
1100 1481 1694
204 251 717
747 1148 1285
624 984 2337 2527
2416 2477
2312 2567
223 972 1209 1580 1710
29 1468 2234 2504 2506
249 538 2173
645 1414 2655
1039 1786
654 1245 1628 2246 2487
928 1025 1881 2193 2285
388 2389
131 1257
396 466 2098
392 816 1005 1792
908 1147 1673 2362
886 2557
1095 1198
40 400 1664 2247 2510 2612
577 1556
573 611 1291 1360
157 769 1888
631 2509
892 994 1290 1394 2426
3 239 665 2200
329 769
904 1099 2320
39 2312
778 986
443 686 1821 2449 2622
1002 2144
1997 2019
191 203 1057 1299 1371 2616
547 1268 1954
1038 1963
522 815
55 484 2175
1281 1662 1799
635 1139
927 937
86 2012 2245
401 988
1334 1407
839 896 2102
718 895 1340
965 2261
1517 2055 2583
1954 2628
252 1611
1523 1637 1717 2079
609 2661
808 950 2378
818 940 998 1086 1223 1334 1648 2616
560 683
1076 2153 2200 2217 2224
754 1964 2511
1561 1836 2205 2598
571 1875
163 343 1046 1822
570 1859
1152 1413 2144 2644
559 1535 1722
106 1832
95 981
719 2091
705 1333
83 1345 1620
248 1495
1169 1257 2086
1361 1740
505 2195
1672 1992 2093
74 254 1795 1813
125 245 2078
1415 2383
356 538 964
350 1210
1685 2616
742 1049 1525 2289 2577
1104 1566 2652
183 460
204 1141 1927 2211
1108 1625
1421 2019 2553 2576
1230 1947
1051 2368
2242 2526 2555
1534 2195
486 932 1509 1606 2258
751 1354
1 38 1457
154 1486
2095 2608
1777 2041
346 1007 1467 1540 1772 2021 2055
1593 2411
418 1441 1442
689 722 844 996 1546
500 1027 1129
1077 1263
1903 2522
1725 2131
592 998 1987 2014 2254
65 249 1887 1899
284 519 1948
1798 2302
517 2151 2495
1123 1302
503 991 2653
246 940 1885
516 677 2394
613 1192 2652
131 1632
27 349 364 656 1880
146 1306
399 2280
263 371 2257
302 348 399 1761 2643
120 424 1083 1756 1908
367 689
1795 2346
288 1274 1712
186 321 894 1232 1823 2606
1582 1886 2677
18 827 872 1273
1202 2139 2561
377 2427
204 1319 2044
2065 2548
1987 2286
1058 1784 2271 2623
278 1672 1938 2095
845 1257 1954 2368 2528
590 908 1296
162 1653
1135 1691 2487
318 2271
124 673
611 1436
50 859
95 1648
1058 1314 1920 1958 2186 2256
434 1215 1536
518 1736 2368 2546 2548
599 888
668 861
1649 2242
1275 2213
1012 2567
269 1420
1073 1576
91 643
1059 1923
1103 2453
375 1531
1466 1778
807 2253
34 251 1604 2430
174 209 696 1295 1838
581 1882 2397 2543
1666 1900 1956
64 1119 1349 1490 2022 2559
975 2521
313 1628 2481
636 726 1141
619 1144
1495 1559 2002
823 2144 2409
60 638 789 1487 1863
854 1398 1655
1746 2285
147 259
669 782
442 1948 1964
94 1554
19 174 252 456 1531 1689
7 987 2239 2644
476 965 1982
2078 2532 2619
226 743
53 904 1026
712 1462 1706 2094 2278 2385
267 596 1353 2283 2284
1416 2521
587 2240 2339 2501
338 2209 2488
73 1290 1441
1470 1767 2072
566 1755 2269
564 977 1726
849 2262
175 1865 2262
1265 2226
102 939 2316 2475
1228 1570 2360 2523
1141 1511
522 1575
1552 2536
170 361 975 1128
213 1022 2198
876 1272
541 1940 2199
318 381 1926 2313 2557
783 803 1815
511 1630 2018 2179 2330 2407 2568
1381 2187
196 2591
240 865 2051
1363 1646 2523 2536
136 1383 2410
572 768
202 2118
26 517 556 573
1326 1814
1219 2103 2144 2546
168 1052 1169 1488 2414
442 2429
624 1502 2469
662 1684 2620
67 1100
1224 1497
1400 2035
362 1669 1875 2478
225 503 1457 1757 2150
628 971 1603 2255 2514
7 1226
658 891 1271 1274 2159 2193 2219
2433 2553
94 162 722
51 259 1727 2341 2356
670 970 2161 2168 2249
351 520 725 1917
506 1173 2198 2408
763 800 1567 2516
624 1569 1746 2559
614 2314
768 1233
502 1425 2045
491 676 1500 2498
1495 1850
828 1361
453 601 1728
181 697 1112
575 1743 1778 1902
286 1234
1171 1451 2419
48 195 436 1148 1517 1827 1839
2457 2673
1115 1705 2057
422 1400 1733
1357 1931 2288
998 1580 1958
166 1964
1190 2055
1106 1365
349 1204 1636 1740 2090 2190 2511
477 2384
309 1221 1705
603 1331
1036 2283
47 1760 1845 2595
1781 2504
1047 1543 1664
183 488 1004 1056
700 1168 1222
271 1449 2377
189 423 2626
876 2652
132 570 749 1120
1515 1926 2510
1196 1823
687 944 1925
668 1275
204 296 474 890
1362 1850 1888 1935 2228
830 1357
703 2048
655 1770
99 1664 2259
117 1102
223 1079 1313 2177
65 376 487 1664
406 693 1218 1577 1625 2182
947 1428
349 831 1406
439 804
1085 1650 2090 2357
1437 1616
1552 2098
744 761 871 1058 1796 2259
415 432 542 1862
759 2576
141 958 2057 2183
1343 2200 2465
127 1574 1775
614 1030 2091
208 763 1225
166 1395 2165
1072 1288 1456 1948 2248
325 1742
319 2027
489 1982
17 298 1248
308 1932 2265
1388 2032 2548
1773 2184
656 1129 1350 2008
97 2189
265 291 1171 2115
829 1322 1954 2022
48 1247 1647 2478
538 1868 2617
917 1387 2287
446 899 2528
1181 2177 2559 2575
622 1402 2355 2503
569 2251 2594
978 1068 1832 2215 2673
164 2585
467 894 2245
615 723 858
535 2580
510 1767
1055 1501 2422
91 196 1253 2100
72 74 1812 2116 2206
156 656
1373 1647
643 1697 2466
1284 1561
310 793 1333
1356 2124
279 512 1116 1767 2479
1086 1193 1334 2345
202 530 795 875 1238 1796 1855 2035 2245
429 1996
813 1496
986 2512 2517
1131 1706 1792
1176 2146
1314 1376 2016 2245 2296
1184 1477
502 773 1796
561 1209 2499
820 1501 1625
1600 2373
808 1111 1534 2462
110 194 249 601 1279 2639
1048 1399 2215
881 1223 1885
535 622 1391 1502 1965 1998
403 1021 1852 2638
1560 1667 2352 2483
1621 1726 2230
1161 1429 2127 2475 2500
475 2431
1356 1394 2347
120 1004 1250
1040 1225 1945 2675
1976 2377
443 897 962 1806 2011
371 1726 2433 2516
250 1307 1742 2406
41 1327 1350 2167
1149 1894 2538
1871 2396
829 2410
532 1142 1923
425 1126
474 1496 1854
708 2071 2194
798 2177
257 1375 1725 2039
1204 1472 2404
1551 1685 2442
107 658 974 2558
64 833 1326 2594
558 1006 2592
174 1055
211 1475 2027
801 1308 2329
202 906 1191
60 731 1198 1364 2661
1056 2379
868 1457 2294
1211 1663
540 1513 2568 2602
181 738 1815 2003 2035
110 430 559 2411
778 2219 2429
51 322
1013 1245 1542
240 1977 2030
2094 2111 2395
1727 2348 2382
647 1458 1643 2135 2673
1852 2425
318 1052 1829 1970 2201
466 2009
13 605 792 1989 2032
1638 1853 2664
1313 1877 2155
445 1751 2570
831 1386
75 1746
221 1165 2391
2025 2572
294 1868
2224 2478
414 2029
726 1393
1913 1966 2408
504 535 2562
582 1416 2239
99 1173 1656 2115 2604
525 815 1121 1122 2274
1346 1972 2089
205 421
70 394 1311
814 2149 2454
279 599
497 798 885
682 1325
1089 2300
786 1014 1794 2594
867 1975
1294 2621
1092 2354 2583
174 190 2625
125 148
244 429 2474 2561
539 685 1077 2049 2667
29 133 394 886 1248
249 560 2145 2498
129 1291 1369 2561
120 2487
1277 2105
1130 1136
82 246 431 445 1780 2200
690 1246
19 972 1328 2505
380 2416
112 952 953 1850
1056 1320 1783 1809
621 793
732 2214
253 335 1044
741 1068
758 1049 1303 1484
544 1845
166 1722 2176
60 1348 2197
536 550 2623
84 263 1523
33 2139
468 1608 2555
1509 2018
1487 1816
280 1772 2157 2593 2621
77 234 1710
579 1144 1624
306 2283
489 862 1062 1098 1735
373 858 1363
24 1075
2142 2312
925 1448
115 403 1957
1987 2568
178 353
155 1431 2135 2322 2381
777 1930 2022 2419
233 301 1203 1677 2444
1388 1768 2583
1165 1184 2398
164 226 856
135 673 847
369 901 1872
1325 1687 1998
998 1184
2429 2645
440 1124 1353
1044 1263
339 842 1012 1994
1417 1690
886 1193 2322 2416
1599 1727
1787 2659
425 1817 2179
260 338 625 1544 1754
590 2564
1195 2380 2498
557 1123
137 666 1141 1732
168 273 666 986
466 1105 1862
453 637 1205 1232
1280 1477 1497 1526 2035
577 816 1613 1931 2497
293 983 2490
828 847 2292
616 1461
528 1158 1215
742 1406
375 453 2286 2612
1819 1861 1990
292 554 1083
944 2641
573 2009
559 1981
1356 1740 1979
61 722 2626
794 2480
698 1456 1849 2606
397 1493 1639
651 1578 2137
51 575 1759 1828
851 1571
220 1544
21 954
568 1011
1126 1335 1463
66 1079 1450 2064
563 2577
880 2426
518 594 1431 1512
428 560 1537 2657
448 832
436 2333 2497
8 347 653
526 978 1101 2258
790 2440
1638 2395
707 1650
184 688
226 1916 2309
780 1059 1567 1951 2316
1456 1729 2344
1196 2459
972 1566 1796 2457
19 1513 1855
504 1756 1913
46 702 1318
95 581
258 1220 1526
95 1221 1665 2027
529 876 1188
283 1926 2548
556 890 1511 1584
799 832 2176
55 452 1195
323 1041 1516
320 1488 1677 2457 2669
60 145 1674 2506
440 1854 1987 2199
639 1009 1807
1283 1668 2427
315 853 2391
345 537 1422 1991 2251 2502
1974 2156
1320 1858 2588
159 1541 2059 2444
740 943 1497 2444
366 446 541 1366 1441 1823
419 1566 1695 2188
116 1932
1166 1693
23 835 1832
124 330 474 658 1402 2498
213 750 1320
367 445 881 2331
27 986 1145 1427
358 1166
298 833
1535 2374
441 1432
368 1222 1439
293 1232 1973
47 761 1108
512 702
412 600 2670
615 739
116 625 1500
630 777 1834 2141
526 1720 2095
112 1059 2408
321 2059
158 189 1237 1726 1819 1820 2241 2623
587 2118 2609
541 2674
776 1246 2406
456 961 1371
149 348 917 1637 2650
964 2458
654 1775
666 1632
1627 1900
701 964 1821
615 618
971 2187
1732 2565
288 1000 2018 2159 2242
80 301 721 1973 2052
144 553 1493 1657
1494 2522
1165 2616
133 718 2017 2047 2137
1776 2435 2550
690 1213 1626
153 628 1170 2497
1161 1381 2030 2132 2501
1892 2317
579 2487
155 272 1048 1990
986 1163 1933 2316
37 592 1802 2436
497 557 2239
1298 2672
1584 2166 2434
68 645 1390 1400 1884 2025
617 1519 1996 2298
245 338
375 1399
668 1834
1237 1838 2086
1153 1444
171 2362 2597
1287 2206
465 1789
1263 2008
407 419 1591 1599 2199
927 2165
1798 2399
651 1659 2052
105 1033 2136 2159
72 2084 2404 2671
140 332 1616 1892 2173 2177 2297
456 1606 2357
663 1113
1949 2563
798 1381
928 1221 1818 1878
1091 1291 1485 2039 2182
189 968 1774
738 1091 1424 2322
940 1270 1453 2337
1111 1376
795 857 1847 1864
830 1717
364 1360 2250 2485
843 1357 2391
573 765 1258 1722 1824
33 104 1724
68 2126
637 685 808 1657 2075
243 1012 2078
171 392
473 1911 2158
256 307 1383
512 2148
136 2120 2353 2535 2604
911 1129
985 1666 1791 2104
538 1014 1624 2230 2624
407 1444
360 935 1046 1384 2130 2421
853 2159
301 691 1139 1290
578 2608
1270 2231
219 629 1090 1092 1420 1938
65 1780 1991
586 744 1408 1774
1199 2064 2195 2314
363 1245 2370
697 998 1590
456 741
189 221 648
993 1593
721 925
346 594 1028
1025 1028 2132
1412 1656 2476
23 1129 1256 1521
1181 1536 2201
528 781 1908
1136 1243 2299
400 2455
425 2462
1698 2104
247 1531 1619 2608
1356 1780
1432 1814
1396 1648 2078 2216
974 1117 2630
2098 2381
40 636 1446 2505
103 983
109 479
345 1193
202 2083
1207 1341 1486
1539 2572
305 622 1658
109 1398
275 792 879 1589 1822 2161 2568 2643
494 937 1286 1541 1582
27 389 914 1485
909 2304
38 1379
859 900 1276 1499 2535
1092 2577
1814 1994
1242 1490 1930 2350
170 1278
274 1223 1494 1866 2114
954 1514
1768 2568
1041 1748
73 1257 1714 2235
679 1206 2367
567 1757 2181
364 839 1005
724 1469 2516
1206 1950
536 710
308 1284 1422 1784
962 2052
1071 2215 2276
757 2636
324 888 1375
664 1218 1866 2446
1947 2024 2375
576 1324 2137
912 1972
2 1285 2436
199 1236 1427
261 438 1442 2160 2253
91 575 1504
1726 2196
502 1470 2095 2161
499 693 1028 2650
28 2343
1095 1330 2022
120 1960 2645
180 233 1499
26 76 890 1370
354 1523 1677 2406 2579
411 1844 1884 2570
480 1980
2 954
777 1583
267 1187 2411
414 1216 1673
536 896
66 238 906 2115
1319 1657 1803
1175 2198 2229
6 1887
804 2674
398 2279
127 998
1087 1444 2602
1263 1541
315 578 1288 2163 2505
77 477 1866 2484 2515
671 2129 2351
324 590 1439 1516
1299 2480
138 1433
494 933 1360 1437
2 49 578 1124 1700
1508 2067 2118
1311 1506
1724 2068
162 182
249 516 1026 1447 2252
1595 1912 2121
32 713 1107
675 695
337 1365 2527
36 691
216 352 1266 1313
408 1258 1921
306 814 1325 2392
1780 2532
294 1214 1400 2211 2408
994 2265
322 1425 2238 2624
990 1852
781 917 2514 2573
381 636 1167 1543 1616
1148 1228 2152 2482
876 1314 1855 2637
976 1477
250 642 2069 2321 2467
1427 1515
614 621 1560 2127
904 1478
1351 1905
1683 2087 2568
1506 1722 2242 2538
633 769 1511
849 949 1040
1338 1570
302 918 974 1479 1931
423 440 1008
2008 2087
1053 2327
589 1734 1903
330 536 631 1063 2141 2185
2013 2391
153 757 1637
1463 1486 1942 2338 2636
171 577
876 2645
1381 1635
285 2331
371 501 969 1289 1513 2394
797 1503 2136 2276
192 2138 2324
1742 2039
881 1210 2576
562 1990
868 1006
54 266 740 1586 1990
472 1170
504 711 972 1721
298 1939 2269 2293
1361 1804
429 1187
191 603 1683 2311
1008 2100
600 1132 1389 1428 1948 2035 2429
305 437 2574
471 2246
250 1245 2016
716 1251 1746
6 490 1805 2019 2168 2172
1317 1595
323 2155
290 1917
101 641 998
1909 1947 1974
99 1651
234 925 1902
568 589 2265
43 2028 2058
39 539 1535 1683 2642
556 1762
1381 1873
1977 2027 2229
534 1621 2248 2669
213 1564 2410
1406 1835 2513
2490 2567
754 769
796 2286
435 2040
47 2485
338 1703 1892
2611 2668
1912 2244
2033 2215
497 919 951 1040 1274 2132 2372
207 799 804 2088
271 378 1889 2159 2364 2608
1572 1683 2057 2125 2647
1866 1897
404 1325 1530
1623 1804 2268
54 941 1999
158 1985 2194 2295
1656 1997
144 623 1308 2294
1166 2199
287 1279 1996
198 252 1539 2665
226 787 1628
967 1557
476 1474
1187 2305
561 1789 1898
79 392 1867 2395
950 1642 1681
733 743 1191 1350 1863
391 2116
1282 1626
117 915 1606 2596
619 731 1760 2409
882 2379
773 1309 2273
357 646 1961
2560 2659
563 1331 2367
192 910 1323 1816 2004
385 1056
345 357 1699 2102 2343
76 679 1307 2184 2212
810 1392 1738
556 1394
264 1891 2650
1479 2116
1111 1276
1357 2631
760 2248
515 529 758
469 1122 1722
225 449
717 2462
85 2194
873 1011
1838 2068 2377
1361 2169
654 1968 2296
232 1017 1216 2360
338 1824 2120
105 1700 2112
905 2608
442 807 1086 2230 2418 2447
1057 2223
204 1924 2399
518 1744
291 696 967 1400 1956 2272
495 629 1803
331 402
207 1230 1355
1216 1835
775 1076
178 1512 2007 2591
272 1769 2588
776 2110
711 1579 1714 1738 2075
2001 2062
127 991 1153 1891
1344 1756
2156 2243 2308 2664
710 1301
919 1996
198 609 627 1804
514 837
470 1855
421 1294
52 367 1055 1814
1037 2274
1083 1506 2502
1372 2125 2209
1285 2044
284 288 477 861 1037 2442
1008 1294 1660 2175
803 1243 1751 2312
581 710
545 753
1140 2286
1215 1348
165 1443 2249
1068 2431
889 2047 2403
397 607 1854 2020
199 1781
791 1222 2503
2056 2556
2075 2536
1275 2294
650 1656
2367 2412
690 702
385 503 1276 2284
1380 2328
421 653 1949
1776 2255
1137 1622 1736 2288
827 1297 2006
627 808 1153 1499 2453
145 1220 1371 2137 2547
84 655
1998 2091
106 803 1567
149 1307 2248 2551
471 910
103 1250 2041
956 1704 1949 2421
119 180 317
565 779
1606 2058
511 590 889
1006 1073 1606 2670
995 2024 2519 2646
1073 1182 2598
132 759 2238
25 962 1158 2677
1858 2286 2292
571 1106
953 2018 2268 2308
51 1077 2288
1510 1622 1748
316 2324
1893 2250
931 1336
46 887
413 486
533 1409
195 528 2040
144 563 1440
410 881 1113 1268 1285 1654 2091
132 674
466 1738
493 1504 1536 2479
646 1222 2019
437 652 846 906 1777
1032 1660
1141 1910 2400 2498
883 953 1310
712 1490 1582
73 756 2077 2454
21 1135 1787
291 404 437 1316 1850
957 1082 1543
527 1620
905 2268
264 1553 2330
218 2277
990 1413
889 2236
144 976
360 1945
392 660 2674
332 1561 2577 2579
1944 2606
265 2048
460 1124
741 1340 2496
1274 1296 1589 1727
231 1545 2411 2599
101 556
97 2351
566 655
1476 2426
569 1168 1235 1361 2357
673 1909 2171
262 793 2524 2595
892 2142
335 1319 2505
1365 1813 1872 2189 2221
527 1714 1834
710 1013
122 357 442 1105 1417
163 2549
53 2407
471 1056 2251
456 2030 2596
264 1786 1870 1900
223 1555 2492 2533
1234 2077
921 2663
847 2369 2408 2457
289 1372 1902
213 1369
720 1777 2609
55 1086
470 1254
744 1173
1088 1645
775 896 1232
1136 1187
64 949
443 1010 1335
684 1115 2474
11 820 834
1671 2110 2259 2600
370 2609
503 885 1487
1305 2331 2358
627 1095 1487
7 301 564 1522 2250 2584
340 1042 1360 1653 1673
666 2099
1715 1900
78 952 1615 2541 2633
2283 2334
185 443 454 477 1071
241 302 1585 1894 1921
799 1566 2102 2367
200 460 1955
642 1632 2591
1105 1542
1208 1521 1652 1727 1791
377 1795
235 2482
241 1271 1313 1383 2453 2621
354 2470
1235 1242
1217 1724 1893 2088
1018 2296
1171 1645
890 1132 1790
300 357 2581
630 1549
286 546 889
1478 1745 1873
928 2154
868 1072
500 839 1187 1935 2155
67 1784
625 2328
2212 2430
2046 2308
593 876
1473 2463
1264 1284
681 1958 2283
1910 2004
737 1294 2436
1170 1288
6 1374 2403
596 2655
303 1164 2060 2094
268 911 942
1109 1528 2281 2407
192 1198 1442 1924 2071
1970 2332 2359
3 733
1367 2200 2208
206 563 1926 2222
112 1131 1343
255 998
606 2174 2666
342 371 873 1167 1465
203 392 1811 2181
827 1041 2252
591 1123 1307 1344 1962
1330 2220 2559
303 976 1760
917 1431
1266 2654
147 386 544 776 2148 2612
1338 2054 2548
343 1566 2347
662 2590 2676
1396 1463 2419 2592
357 711 2618
134 2592
209 1061 1371 2547
801 1571
33 328 377 766 1216 1515 2279
1274 1817
1376 1598 2526
360 776 1275 1294 2395
693 2487
1474 1940
782 1611 1852
637 957 2677
349 516 1535
581 1083
159 1070 2605
978 2402
378 1238 1489 2188 2314 2617
1500 1845
505 1924 2179
630 2007
663 1836
842 1080 1376 2246
1038 1860
332 639 1114
814 1700
1792 2354
578 870 1356
1107 2097
485 2262
239 2628
199 1423 1453
460 863 1099 1134
1363 1776 2132
29 1034 1657 1680
815 1725
962 1616
1412 1736 2592
223 713 1006
235 1085 1661
382 768 2041
702 1345 1931 2642
7 632 655 921 935
273 836 888 1634 1974
1285 2442
133 1208 1399 2018 2279
123 1264 1567
1179 1207 1231 1337 1804 1884 1931 2282 2334
367 1865
66 615 1162
50 986 2031
132 196
991 2044
216 933 1412
430 999 1258
311 1542 1918 2249 2292 2323
81 2281 2648
2159 2199 2307 2506
961 996 1505
288 687 812
990 2321
680 881 2182
146 656 703 2512 2631
154 1479
438 1394 1951 2199
994 1142 1623 1894
168 2431 2451
1605 1929
90 1028
757 1998
186 1235 1488 2382
1160 1700 2522
1004 1352
1020 1979 2519
1547 1729 2488
1223 2452
2173 2338
424 2138
7 1537
110 298 500 825 2541 2627
88 526 1969 2121
461 951 1662
102 301 1223 2142
1019 2249
1113 1330 2489
13 443 713 1508 1632
1924 2363
384 1487 2188
39 409
2024 2448
744 864 1611 1957
144 292 1103
1324 1372 1587 1930
17 29 73
1158 2185 2280
405 2047 2083 2198
27 916
566 2376
646 1977 2417
1384 1541
1551 1552 2097
530 665 1082
809 1662 2364 2583
1063 2046 2313 2499
1291 1321
786 823 1407 2198
1351 1529 1822
1762 2538
257 2032
1450 1886 2169
1186 1524 1906 2559
916 1705 2375
414 2182
1360 2085
405 1225 1228
204 1261 1671
1821 2172
242 1073 1819
813 2521
933 1694 2060 2063
1129 1869
146 324 597 1503
2253 2363
624 985
2180 2397
194 343 539 814 2490 2639
402 616
1836 1927 2443
729 779 1761 1865 2393
490 1263 1720 1820
820 1433
108 1393 1714
1504 1707
1547 1877
149 1190
41 893
298 1733 2251
536 809 1172
917 1004 2126 2335
55 339 2674
138 991 1217 1428 2316
840 1758
279 1139 2125
696 1052 2325
334 336 484 1953 2130
604 1154 1933 2622
426 933 1342 2527
1504 1691
600 738
48 2428 2584
32 121 893 2224
664 2033
403 1204
155 1289 2220
264 1106 1404
170 907 1377 1404
216 479
640 756 893 1953 2528
700 1509 1769 2657
1178 1218 1417 2232 2551
673 1976 2645
1188 1192
1359 1452
884 1213 2142
949 1566 2524
193 1574
1667 1926 2211
789 2456
676 2483
1951 2211
1103 1399 2292 2537 2611
816 1099 1171 1584
263 396
34 67 1877 2594
261 556 1092
14 1329 1767
686 1159
729 1125 1567 2382
1431 2285 2511
1007 1579
16 306 451
219 2413
479 1346 1353 2631
894 2377
325 829
271 2107 2304
1461 1860
1332 1775 1935 2235
26 854
562 2057
782 2620
1266 2193 2580
392 2392 2458
1629 1967 1984 2408
1361 2176 2555
707 1669
1069 1950 1960
59 1236 1427 1476 2290
436 470 1520 2190 2260
969 2334
75 2425
650 1685 1834
805 1079 2304 2535
37 1499 2487
137 167 1341
76 132 837 927 1053 1947 2400
156 690 1129
566 1055
103 200 1959
1861 2248
497 1670 2190
463 1446 2587
1676 2241 2640
2151 2232
1660 1797
365 1518
579 2564
1123 2463 2598 2623
1992 2098 2425 2444 2602
1174 1283
300 428 1099 1722
72 1132
194 225 1251 1434
730 1887 2412
1293 1543 2305
838 1236
1184 1589 2634
617 1416 1815
991 2352
1307 1578 2162 2462
1289 1972 2148
1350 2083
164 1235
684 2539
1671 1875 2044
1148 1677 2008 2015
306 2126
588 1232 1829 1944 2140
555 588 910
1664 2359
465 2669
1147 1760 1955
438 2166 2346 2545
435 2129 2138
908 1034
33 708 1123 1364
1633 2323
448 952 1908 2109
651 1191 1204 1557 2005
425 1016 1230 1706
452 2157 2323
447 475
134 143 1656
70 1367 2021 2101
727 1864
1871 2549
1674 2139
288 762
319 629 2143 2192 2322
248 475 2646
589 1779 2055
1520 1815 2488
140 177 1271 1491 1674
638 1199 1523 2346
376 2155
455 1106
72 1341 2556
410 1545 2430
1182 1803 2405
842 1494 2670
921 1009
338 1290 1574 2052
652 894 1184 2615
908 2467
1358 2220
821 1777 2127
335 723 812 2541
837 1035
594 2425 2646
115 465 1187 1304 2126
1974 2562 2652 2658
85 559 974 1874 1909 2464
377 1696 2114 2664
120 575 850 2065 2163 2183 2584
1169 2407
213 456 972 2041
1544 2274 2525
104 435 559 2422
658 1671
487 1256
480 1508 2078
679 798 1082 1743
237 637 1590
1555 2412
23 2062 2516 2570
2093 2415
451 648 1492 2109
634 2342
248 1208 1812 2431
263 2430
1574 1602 1818
1292 1934
295 984
595 1262 1364 1887 2422 2658
36 430 1510 1904
418 2647
2322 2547
1330 1367 1887 2546
832 891 2358
1104 1137 1251
734 909
155 1771 1790 1945 2200
2106 2423
592 1443
697 1388 1751
1368 1808 2105
2131 2270 2500
115 425 1932 2136
14 282 431 738
1336 1456 1490 2136 2653
44 862 2413
181 675 849 1083
2570 2572
792 2341
454 580 1221
86 2238
56 1423 1598 2428
555 2353
2049 2610
1798 2488
180 1070 1403
511 861 2375 2668
421 471
794 1348 1483
647 912
925 1394
278 1563 2474 2525
1114 1619
1318 1604 2250 2290
1520 2110 2399
1179 1938 1995 2067
1212 1971 1988
86 442 707 1934 2531
671 1652 2184
815 886 2187 2281
1271 1944 1945 2409
1848 2045
383 967 2355
341 1990
271 280 2673
240 575 825 2015 2385
1605 2210
1662 2389
740 1851
838 1372
2279 2281
199 1005 1245 1382 2621
829 2231 2422
718 2619
1188 1739 1788 1938
205 1126 2296
316 1838
361 1004 1715
293 665 1556
2117 2131
1336 2120 2491
584 743 2033 2233 2551
2103 2331 2497
412 1738 2534
425 487 1448 2498
139 612 1497
1718 1725 2367 2636
1076 1446 1727 2415
35 1408 1680
1185 2094 2394
1723 2418 2525
1573 2338
147 476 1213 1567 1819 2328
564 664
113 792 864 1576 1590
146 235 604 768 785 1052 1444
805 2540
1574 1669
619 1457 2498
309 1108 1213
550 1615
339 2630
29 133 1862
1350 1467
1191 2315
1712 1728 2328
381 1903 2466
162 2585
348 1010
224 2288 2410
2383 2559
125 1677
212 757
988 1683
875 1435 1595
2110 2353
1391 1605
1009 1426 1932 1983 2231
1069 2166 2393 2573
128 1393 1751 2288 2486
684 1769 1893 1997 2085
372 931 1164 1909 2377
1971 2308 2524
430 1145 1957
473 675
150 1778 2494 2507
653 888 1318 1408 1460 1799
828 1654 2328 2421
1004 1052 2123
875 1478 1901 2593
862 981 1303 1552
265 1343 2233 2294
1053 2100
415 1595
717 1567 2292 2363
312 1144
43 345 434 849 1270 1506
1356 1437
665 825 2600
324 475 628 922
426 1168 1197 2352
2273 2331
999 1207
1399 1575
128 1038 1318 1419 2055
1108 2465 2656
83 202 1109 1707
1025 1481 1910
568 1505 1607
1285 2675
1799 2245
115 1899 2186 2528
2051 2266
396 777 938 2091
23 24 1320
1011 1569
167 1092
1502 1842 2029
49 1726 2274
470 1496
394 405 518 1416 1464
271 652 1273
820 928 1237 2201 2321
1023 2505
17 297 1112 2131
2353 2630
74 1530
1413 2048 2317
1808 1869
1254 1332 1512 2513
465 1992 2480
233 890 1187 1538 2457
1018 1886 2422
1399 2669
866 1141 1869 2218
127 791 1240
1034 1211 2199
1292 1858 2285
677 1458 1533
161 2272
98 701
303 394 563
2185 2501
274 773 1068 1620 2013 2141
1694 1872
483 627 664 832 877 2061 2208 2565
380 2027 2398
178 625 2523
732 765
367 489 685 1231 1834 2393
128 649 996 1596
70 276 1589 1885
1043 2333
23 1746
1104 1651
1213 1475
1132 2446
1048 1693 2630
636 818 2454
1540 1815 1817
549 1877 2040
1541 2279 2426
261 589 2275
38 100 1810 1936 2051 2566
1157 1621 1636 2124
294 675
1717 1772 2410
241 648 928 2032 2284
1132 2081
396 1493
119 412 583 921 1082 1412 1928 2024
456 1562
199 1431
883 2079 2416
1107 2023
2297 2504
303 875 1279 1747 2520
1714 1940 2256
176 299 1914
110 1192
54 1044 1492
1142 1709 2176 2523
291 607 1811 2059 2151
1573 2086 2088 2418
400 1643
966 2396
113 2383
407 1529 1873
1218 1220 1711 1945
85 1939 2495
1203 2063
182 1332
1621 1656
63 2154
2181 2673
125 301 673 1674
1122 1508 2372 2525
1353 1819
693 1870 2434
847 911
481 782 1518 2005 2342
1446 2053 2059
207 708 932 1952 2018 2407
267 1868
463 1114 1501 1540 1543 1612 2486
1240 2221
512 1861 2328 2545
92 571 1245
835 1150 1770
482 1791 2418 2609
34 967 1334 2132 2523 2658
638 1794 2099
43 615 2422 2548
173 693
172 784 1286 2210
142 1654
499 1026 1580
164 737 1960 2495
820 2604
134 1353 1500 1578
912 2137
789 1249 2525 2639
162 597 923
900 1067 1152 1565 1763 2670
101 475 479 2510
503 656 667
1806 2521
411 945 1186 1208
910 1534 1583 2230
1788 2201
78 982
2094 2645
344 1080 2057
572 597 1953 2282
1316 2140 2279
1546 1667
430 921 1581 2304
666 975 1412
37 640 701 1228
800 1145
2326 2443
552 716 1442 2450
339 686 1656 1763
351 1599 2067
1193 1211 1501 2243
3 603 2460
668 1793
1666 1742
201 346 923 1884
311 1480 1488
1109 1953
624 2017 2168
1100 2086 2285
1378 1819
1195 2652
208 2194
109 298 1821
807 965 1666
643 2536
58 408 1054 2485
24 811 2033
1206 1228
119 739 1525 1602
185 2356 2516 2610
136 479
160 228 294 1574 2659
174 844
1522 2133 2586
539 796 1351 1948 2612
738 1271
311 541
486 534 909 1219 1310 2374
377 788 2371
1160 2668
1381 1886
656 1040
668 841 1827
552 587 754
237 280 568 1618 1908 2513
463 741 1046 1194
500 1257
351 1008 1337
86 945
356 603 2460 2623
2285 2501
131 2363
1212 1963 1964
187 991
148 429 583 1178 1403 1762 2191
282 337
2111 2125
513 770 2262
674 854 1646
821 974
159 200 1161 2006
668 1003 2513
323 532 1365 2572 2606
133 1401 2510
96 992
1590 2380
760 2133 2338
2350 2439 2453
1137 1353 1643 1668 1694 2489
372 752 1044 1616 2229 2372
983 1071 1951 2313
736 965
1265 1442 1768 2063 2299
52 963
663 1728 1840
595 1901 2340
310 537 1037 2373
165 1207 2356 2486 2646
313 2034
525 911 1122 1445 2164 2380 2528
103 700 848 926 1278 1485 2033
1645 1656
74 203 1362 1688
1291 1641
653 803 1173 1646
827 1066 1275
140 189 1285 1491 2059
826 2241 2383
1246 1889
1247 1390
575 1511
984 1322 2335
334 1975
262 944 950 1924 1971 2478
144 718 1513 1637
431 2329
840 1232 2405 2510
868 1122 2135
1164 1747 1924
2609 2638
1583 1780
271 454
811 1298 1811
266 325 496 977
122 1607
1409 2593
492 2514
341 1071 1374
217 1947 2502
452 739 1969 2044 2384
538 1511 1575 2378
708 1407
458 1568 2151
382 985 1155 1536
1225 2529
1510 1761
631 1356
911 1569
341 414 2155
1556 1661 1834
1010 1245 2144 2327 2551
61 598 917
64 437 967
289 1377
1094 1754
261 1332
278 415 1011 1420
293 996 1443 2108
248 799 2258 2664
259 343
156 682 1714
2015 2487
1196 1678 2233 2234 2455
776 1248 1873 1941 2001
816 1795 2158
1093 2028
1070 2033
1432 1510
1086 1232 2243 2446
77 1556
1421 1790
362 1614 1677
624 1107 2573
1864 1875
269 1783 1862 1901 2187
777 978
1067 2053
1155 1406
77 1695
832 937 1812 2390 2620
1422 1770 2552
307 1972
163 1167 1557 2391
344 1441 1481 2220
155 1222 1727
84 1045 1926
708 2632
156 767 1276 1313
76 1613 2294
770 864 1615 1930 2140
775 2417
170 1953
282 938 2188
660 2135 2336
107 778 1417
1534 2547
1418 2567
2000 2488
192 1552 1934
17 333 2674
859 1372
816 1549 1586 2068 2182 2403
1997 2421
1634 2331 2592
1320 1534
172 1358
285 689 1243
1478 1745
303 716
1318 2012
452 1903
464 1798
397 525 1102
658 678 1420 1654
180 212 2340 2398
564 1093 1872 2418
423 569 993 2219
277 1733 1935
620 890
86 411 1432
193 859
62 550
317 438
272 1399 2549
1545 2170
1476 2547
1209 1826 2107
26 193 2139 2534
1041 1333 1821 2235 2587
1612 1887 2280 2403
235 1418
2620 2660
1182 2574
235 1103
1217 2453
430 892 2610
1722 1827
446 489 664 2168
370 931 2262
1872 2646
1515 1630
140 823
624 696 2098
56 2662
31 1240
946 1193
497 1359 1584 1778
288 803 1215 2032 2174
447 1275
668 1738
700 757 1450 1647 2262
103 1316 1551 1607 2168
264 1991 2470 2659
622 1252 1549
1016 1338 1543 2517
529 832
1578 1710 2326
326 673 1311
503 1334 1434 2639
238 940 1385 1901 2663
866 1355 2437
1146 1648 2433
912 1068 1151
679 2447
357 401
697 1020 2456
121 447
863 981 1126 1992
1248 2652 2658
1188 1814
846 1126 2185
230 1521 1871
41 130 2363
1194 1280 1705 2282
117 292 2461
469 861 1444 1885
422 1209 1666 1812 2318
817 1387 2187
518 786 1325 2365
638 1603 1654
1686 1766
1762 2036 2058 2273
1144 1662 1698
901 1588
2129 2321
927 1408 1935 2078 2399 2421
1384 1851 2445
54 2089
1403 1690 1904 2022
1014 2170
1101 2342
356 508 2075
72 137 1521
323 1447 2379 2542
306 700 1113 2149
68 293 311 1165
248 1586 2221
628 1371 2052 2637
1795 2305
171 648 833 1867 2012
706 1555 2387 2677
535 1478 1517 2416
652 2526 2633
517 1202 1949 2443
714 1228 1971 2601
1191 2354
404 1367 1472 1865
965 1089 1253 1777 2644
3 32 1826 2030 2349 2653
83 530 1193 2330
997 2400
575 1439 1520
147 627 1400
908 1441
827 1037 1441 2659
2381 2560
434 1466 1538 1639 2140
203 404 1219 2150 2207 2425
140 1955
492 893 1147 1779
887 1763
6 1934 2266
892 1541 1709 2043 2205
1471 1662 2275
572 987 1735
1470 2272
5 333 853 2499
335 517 1382 2205 2591
2572 2669
16 38 51
477 893 1650
2376 2478 2601
932 2243
71 1427 1444
1037 1617
146 637 2410
1314 2454
426 582
1502 2325
885 1006
296 1382
412 1941
83 1477 1987
149 678 792
558 1828 2506
2024 2089
360 801 1060 1139 1219
464 697 1845
390 2149 2412
447 2001 2478
173 869
2097 2593
370 2048
852 1982 2086
201 1261
251 1284
79 1001 1521 1674
210 2189
1657 1875
2125 2297
529 1957 2499 2526
559 662
660 841 1035 1562
623 2110 2279
712 2307
501 778 1208
819 1473 2308
805 844 2097 2181
1859 2512
1077 1732
336 1684 2006 2022 2251
1441 1928
427 754 1180 1948
654 1581 1741 2018
1111 2415 2653
111 917
731 829 1870
50 1270 1579
1892 2507
1163 1527
739 828
1208 1895 2356
30 566 1992
22 36 1708
391 550 2528
1484 2281 2455
21 42 54 1721 2012
706 1871 2223
121 1185 2280
585 2039 2435
1319 2062
2033 2227
2143 2243
868 1447
1606 2597
156 426 742 2584
665 1470 1911
258 637 1387 2214 2527
255 970 1153 1535 2068
518 564 984 1928 2219 2502
876 2414
2130 2542
160 2493
927 954 1668 1864 2052
722 766 1183 1452 1513
749 1552 1849
400 1846 2598
250 512
1279 1599 1830
713 2588
285 958 1350
36 1849 2170
50 215 2014
320 1694 1792
1067 1361
506 969
525 943
459 1153 2336
1249 1310 1429
2142 2327
558 825 2078
629 759 1427 2606
612 742 930
989 2515
485 1433
8 526 2444
87 334 1578
1656 2409
1068 1298 1863 2376 2570
140 861 922 1918 2412
163 2209
259 1551 2051
808 845 2277
245 1064 2643
304 367
2021 2494
1577 1861 2025 2297 2525
342 2609
1198 2634
791 1109
1640 2676
697 787 1058
323 853 2163 2282
465 658 1833
482 662 2480
450 504 872 1377 2134
1471 2055
434 1852
419 2021
1654 2125
1729 2241 2613
271 797 1245 1659 1673 1780 2217 2498
1111 1827
1717 1918
1592 1674
1174 1293 1525 1724
256 629 866
231 1886 2334 2565
623 1107 1448 1697 1875 2177
650 1632
684 772 1266
403 1934 2219
1582 1660 1816 2431
767 797 1740
664 1680 1890 2153 2201
746 2383
1869 2286 2351
1684 1884
295 959
203 252 1458
103 678 1605 2312
1381 2664
51 1521
1525 1552
1085 2041 2189
420 564 639 675 1739 2560
1123 1269 2220 2470
150 1044 1850
440 803 1336
529 660 2379
389 573 1158 2307
1408 1569 2531
1169 2425
1734 2090
1565 1986 2297 2557
401 1618 2346 2537
205 341 563 944
133 443 1361 1947
1527 2019
105 1010 1995
1206 1314 1635 2283
1838 1904 2007
1252 1550 2330 2537
807 2596
1931 2019
992 1107 1248
200 804 846 2052 2506
34 565 1599 2282 2587
119 355 436 1984 2014 2559
272 721 1817
584 1324
1162 1780 2044 2504
371 1109 2161 2593
791 1254
745 1349 2315
359 1412 2342
1495 2148
76 1359 2235
535 2579
721 1192 1930 2589
1464 1846
787 2472
833 1887
513 1364
1077 1856 2067
2372 2503
1178 1298
239 625 678
172 620 1478 1726 1769 2029 2047
112 760
774 2292 2427 2542
1562 1891 2068 2183 2561 2600
821 1333 2331
734 1660 1977
633 683 1011 1664
1347 1750
1115 2093
13 1499 1673 2478
412 851 1471 2010 2256
667 1164 2419
356 1165 2265 2283 2312
895 1249 1276 1516 2510
282 1695
451 1772
583 864 1434 2495
1312 1652
629 851
853 1293 2317
564 711 1870 2416
73 822 1020 2609
955 1874
674 1809
7 274 1561
2180 2184 2200 2373
1703 1775 1957 2373
985 1749 2256
255 1348 1362
2300 2668
223 2040 2059
168 1692 2147 2620
23 2063
625 1793 1980
345 1116 1960 2498
436 1287 2309 2481
498 1036 1320 1354 1961 2045
222 246 1508
622 753 1344 1583 2555
102 649 914 1652
506 511 1515
1376 1691 2214
1261 1381 2360
242 372 1676
1457 1677
265 455 1152 1200 2408
62 234 257 2150
734 976 2086 2093
73 849 1822 2046 2393
99 150 468 1683 2138
860 864 2420
370 626 937 1560 1798 1851
310 703 985 1139 1579 2655
1085 1584 1955
257 769
143 2373
1157 2073 2360 2610
983 1325
670 1155
482 1869
257 504 674 1597
194 2150 2564
451 2231 2305
1248 1507 1976 2048 2618
1627 1690
351 2623
95 1644
1074 1175 2551 2570
1325 1531 2152 2356 2468
591 841 2589
397 1713 1995
2176 2221
80 1174 1725 2162 2642
558 1054 1402
1543 1928 2401
133 2481
152 496
2037 2581
83 259 2517
2391 2436
816 971
528 1479 1741 2247
422 1384 1786 1997 2388 2655
383 969
1200 1274
429 1395 1497
1283 1731
586 1557 1667
587 1733
870 1320 1416 2584
1866 1899 2620
201 278 2575
209 823 1102
223 1717 2051 2577
222 1133 1349 1591 2184
1236 2594
1250 2427 2510
111 313 2051
215 556 702 872 2429
789 1555 2523
2354 2531 2557
60 307 538 1525 1756 2380
645 1419 1823 2284
762 1433 2115
118 474 550 1545
1854 2180
432 496 2310
338 754 917 1568
100 992 2428
1284 1574 1792
336 1973
415 2223
1126 1642 2165
784 1099 2205 2555
348 394
302 903 997 1803 2429
591 1206 1951
252 1516 1593
76 1039
84 2114
347 434 911 955 1174 1372 2168 2249
201 1272 2602
1108 1635 2360
769 1781 2410 2456
1516 1837 2115 2371 2643
203 670
310 583 1459 2647
222 1336
585 1022 1417 1777 2527
50 729 1073 1419
1203 1256 1590
302 1333
452 856 1805
411 2021
13 1054 1398
1691 2414
2030 2128 2428
410 1244
258 1877 2569
122 1221
1542 1977
993 1056
201 2499
977 1471 2241
872 1424 1561
27 651 2242 2668
1570 2449
590 1996 2207
194 1032
397 1949
377 940 1730 2271
321 874 1326 1663
2045 2676
518 1689
910 948 1339 2092
464 722 823 2264
395 1471
939 983 1202 1509 1825 1881
196 547 1085
428 502 1461 1563 1653
187 491 649 830 2624
34 429 710 1494 2582
632 1171
1630 1880 2483 2505
190 652
627 675 2512 2617
1023 1922 2090 2644
162 1484
437 2428
1468 2598 2617
1338 1450 2050
1113 2363 2665
333 2324
465 1815
1149 1844
60 585 1746
1303 1673
55 1658 1797
1166 2266
367 1484
1101 1804
950 1684 2534
1452 1534 1867 2358 2532 2603
120 1046 1905 2086
841 1301
176 970 1752 2247
1370 1922
439 932
395 685 864
385 2252
920 993 1182 2303
1167 1730 1867 2633
370 1643 1971
1652 2308
377 667 1052 1476 2259 2425
431 722 838 913 1278
839 1996 2098 2536
1372 2082
74 491 837
1091 1856
996 2302 2524
275 808
893 1137 1726
91 853 943
58 197 856 1660 2085
676 2215 2328
1495 1742
409 809 1397
516 561 1024 1708
1147 2450
56 262
2371 2513
265 412 768 2028 2062 2332
754 971 1485 2303 2624
717 1362
1160 1419 1725 2580
596 1182
68 191 813
888 1025 2260 2403
180 1974 2503
62 1878 2006
1643 2400 2581
841 1417
252 1581 2346 2531
620 2075 2419 2458
336 1115 1582 1628
640 728 1091 2021 2351 2410 2514
361 769
964 1052
1169 2399 2621
512 1179 1499 1506
164 1517 1950
788 1135 1179 1861
957 1619
641 683
181 380 881
1789 2081
1313 1404 2488
113 1199 1784
389 1271 1718 2324 2444
1301 1703 1751
551 1561 1935
1301 1648 1724
478 2243
414 2061
1084 1750
1659 2156 2663 2676
1172 1384 1761 2560
49 1584 1621
753 1396 1581 1942 2409
507 1502
674 2195
274 307
231 2063 2285
1661 2299
581 2391
830 944 1915
996 1026 2201
932 1420 1980
841 1234
1595 2643
1394 2543
1485 1541 2614
711 1278 1298
220 1448 2001
910 2195
226 1149 1580
151 541
317 2411 2586
166 463 1433 1628
901 1636 1803 2673
94 411 1091
588 866 1267 1920 1939
798 1646
483 828 1080 1286
632 992 2187 2275
360 775 1351
200 568 582 2337
73 1112 1914
671 758 1871
1856 2650
527 1976
1500 2325
1025 2264
155 1596
926 2114
2480 2580
168 1099 2209
1719 2113
150 339 1994 2478
1055 1103
733 978 1055 1286 2382 2616
610 2330 2508
1323 1686 2088 2141
870 2134
380 1023 1364
577 993 2212 2483 2625
255 2307 2338
691 1058 2269
426 873 1457 2152 2214
383 2578
1442 2215
1663 2294
420 729 1214
102 744 940 1932
446 1822 2114
693 1612
165 731
125 1367 1625 2107
597 895
653 722 743
300 340 480
195 691 1571 1644
1342 1626 1754 2059
188 1033 1922
472 1080 1146
350 962 1429
762 922 1219
77 1335 2039
85 417
742 1029 1238 1487 1823
469 1283 1648
562 1091
180 660 737 1899
777 985 1211 1293
1605 2643
1235 2362
183 1199
526 1049 1343
425 721 759
1213 2546
23 2173
855 1733 2361
215 730 796 994
273 734 908
376 830 1105
169 1976
2362 2376
68 558 2188 2249
351 386 521 1101 2606
119 648 1080 1168 1659 1772
877 957 2669
1125 1974
298 1271 1603 1949 2353 2567
499 1052
77 781 1946
364 992
593 1021 1142
171 1300 1937
902 2670
876 1155
1331 2272 2282
1763 1824
424 726 817 2662
446 562 1970
21 276 893 993 1168 1496
408 2068
468 654 1562 2091
379 776
54 992 2598
7 1839 2254 2524
1506 1873
1551 2518
261 266 318 2140
1012 2582
412 1016 2038 2237
221 1338 2283
592 2517
1376 1724 2141 2472
1212 1869
305 1177 2000 2040
320 1092 1802 2539
1544 1763 2423
512 2382 2533
189 605 1014 1300 1616 2107
1184 1675 2017
9 1153 1475 1932 2080
249 1049
411 664 674
88 1083 2669
93 1137 1632
1415 2430
576 1058 1472 1788 2168 2433 2602
1652 1960 2527 2539
1380 2456
39 479 654 2134 2430
107 120
181 1801
653 659 970
1367 1471 1586 1671 1731 2314
393 1212
403 994 1142 2000
122 629 913
43 255 1667
545 1080
1593 2059 2532
54 239 677 1843 2063
301 1405 1647 1875 2501 2592
942 2584
117 1325 2428
496 2531
518 2060
954 1515 2413
1116 2297
992 1342 1535 1817
466 1394
267 830 1984
594 1856 1955
973 1611
215 656
602 1136
804 865 899 2296
242 617
838 2363
250 2426
477 2457
1410 1603
29 1204 2325
1627 2332
487 671 2052 2103
1293 1839 2054 2339
435 838 1235 1862 2098 2486 2539 2565
324 633 1940 2651
686 2330
263 1997
1603 1849
193 1078 1589 1823
1721 2352
205 679 2067 2495
311 1239 2642
113 943 1835 2371
476 1637 2677
1219 1997
324 998 1445
149 1288 2141
222 416 1237 1902 2542
886 1160 1553 1820 2363
747 2178 2210 2323
250 335
147 278
158 159 789 1440
731 933 1736
531 781 1234 2074
1174 2032
598 1056
1016 1263 1300
1360 1666 2522
1145 1198 1398 2438
285 629 1279 1504 1612 2352
2358 2646
1016 1039
616 952
455 1958
127 433
809 926 1274 1645
2061 2437
2419 2458
600 789 2122
423 1464
1040 2055 2102
117 652 1288
576 2438
604 1165 2120
1146 1147 1421 1702
186 544 808 1749 2061 2659
1645 1722
979 2061
259 1678 2247
591 689 867 961 1198 1437 1601
171 1793
1439 2149
1372 1948 1998
1470 2437
374 1837 2110 2330
572 1455 1674
261 393 485
173 2015 2480
409 939 1669 2149
1611 1803 2077
63 1180 1760
1583 2584
444 1423 1914
205 619 648 1774
189 593 651
651 1914 2319
971 1995
737 1342 2591
1881 2381 2426
1072 2032
564 637 1551
196 812 1341 2405
1195 1835 1879
734 1525 2497
971 1784
1152 2353 2505
1736 2543
140 274 752
642 913 1132 1619
440 622
799 1140 2569
487 676 2566
106 242
117 233 1186 1901 2472
94 1012 1772
613 1654 1822 1944 2642
1433 1803
442 1111
329 1790 1853
529 695 739
369 1806 2321
2101 2148 2502
725 1368
773 1858
1255 2212 2441
1770 2455
397 1979
1109 1436 1763 1886
222 593 1010 1513
1495 2581
481 2017 2062 2535
452 1741
1618 2007 2581
1363 2295 2351
485 658
584 2249
193 1551 2220
1475 1553 1591 1662 1709 1857 1924
557 1960 2565 2582
464 2482
462 707 1103 2413
251 725 818 2134 2373 2428
1339 1408 1972 2564
248 468 1743
944 1305
691 861 2519
159 436 1897 1974
307 2532
628 694 963 2368
1318 1682 1824
63 76 1093
51 784 1142
443 826 2102
1161 2629
315 1667 2140 2599
815 901 1650 1700 1789
260 665 1069 1613
313 550 575 909 946 2151
437 1501 1607 2115 2161 2575
815 1249
675 1288 2238
651 925 1536 2267 2658
516 2114 2292
85 826 1197 1902
589 2647
34 105 161 301 1244 1359 1739 1765 1903
725 1478
1445 2584 2677
582 1061 2086 2124 2259
1041 2512 2629
510 865 1541
574 1566 2507 2652 2673
1821 2167 2406 2449
953 1930 2157
221 956 1929
502 1085 1132 1574 1764 2066
311 1424 1657
1146 2058
970 1053 1766 2546
412 2205
1683 1907 2653
1020 1416 1485
97 1296 1710 1774
811 1841
467 771 1602 1615 1960
1313 2610
130 1873
164 1180 2416
756 1873
231 438 987 1188 1623 2194
474 890 1855 2054
942 1747 2107 2183 2382
1116 2045
499 1274 1991
854 1229 1292 2307
218 711
63 779 1432 1751
49 2127 2268 2270 2521
209 1351 1804
144 1053 2189
163 739 964 2020 2349
953 1482 2202
2226 2276
285 332 931 1669 1934
182 236 775 1387 1422 1993
1249 2310
1432 1516
1246 2485
783 791 1071 1244 1342 2021 2315 2424 2528
1266 2103 2418
325 1111 1166 1627 1733 2504
1296 1360 1378 1957
190 2541
369 1437 1817
671 755 1443 2422
40 137 686 2353
91 757 1152
1073 1716
2243 2347
922 1619
315 628 1748 1847 1873 1908 2002 2150 2654
45 724 1856
690 1464 2154 2521
557 1184 1287 1629 2044
239 333
917 969 2335
1400 1709 2483
607 663 2501
1179 1305 2093
1837 1992 2670
1226 2407
1846 2347
847 1246 2285
760 1589 1805
940 2379
784 2178
482 1403 1509 2061
590 1737
475 727 1247
244 977 1124 2347
156 750 1311
471 1112
194 1966
1642 1883
524 2109 2170
237 496 1067 2576
1287 1330 1536 2265
434 571 1710
91 1668
490 617 2099 2474
1579 2646
216 332 2542 2578
1488 1933
52 219 878 1934 2359
62 2135 2353
656 1235 1814 2120
100 489 1200 1253 1439 1639
94 274 1634 2557
447 1040 1461
197 709
118 687 1608
628 2484
150 460 496 1953
702 1903 2054
446 471
1581 2184
178 2239
825 928 1281
489 1561
250 1170 1761 2271
1234 2475
153 200
341 1598 1726 1956 2019
1264 2598
477 1086 1774 2172
485 717 1452 1770 1970 2610
493 1410 1977
707 881 1190 1889
264 1008 2328
1284 1544 1632
880 955 1279 1712
1330 1533 1627 1742
16 194 1480
20 275 716 977 2269
763 1884 2430
885 995
1307 1802
1307 2079
1358 1412 1865
155 2184
1612 2242
714 1539 2501
362 1098
2325 2350
183 1103 1283 2381
170 320 2494
566 945 1217
760 1278
786 1615 2606
67 521 1969
597 1310 1700
853 1077 1298
1476 1628 1753 1988
101 154 961
1179 1646 2026
68 1122 1425 1728 2674
1650 1850 2543
259 678 1070 2539
102 318 582 1285 2312
48 1528 1739
208 517
127 1309 1335
274 714 1760
468 1576 1903 2272
224 2053 2157
1057 1071 1880
1997 2040 2183
871 1177 1897 2194 2240
705 851 2327
36 455 848 1861
298 2137
647 665
409 2634
108 1219 1730 2559
199 2543
1144 2019
304 572 1811 2070 2672
707 1747 2088
244 649 1477 2672
1177 2168 2539
205 943 1778 2542
4 967 1787 1954
635 1746 2331 2658
309 419
1039 1179
26 2400
606 1175
689 837 858
765 876 886 1798 2205 2415
2234 2511
257 696
116 1464
1080 2502 2506
1471 1719 2263
684 1246 2033
264 971 1066 1684 2487
55 407 975 1277
543 1613
1010 2533
1431 1563 2371
599 1475 1537 1597
1705 1728 2054
240 1126 1139 1295 1472 1756 1837
535 1176
23 69 238 834 2247
1170 2134
106 326 1670 1850 2547
401 1509 1614
826 955 1695 1785 2486
1770 2485
183 1091 1886
56 1163 2210 2492
