4467 6563
1715 1942 1993 2339 2422 3613
680 744 1273 3914
285 2164 2764 3471
281 2966
844 1692 1834 4326
1108 1766 2227
1370 1924 4347
2376 2645 4326
4139 4329
1037 2698 3955 4297
2195 2589 4203 4383
2733 3308 4241
2088 2544 2572 2672 2927
3 120 567 2307
1909 2127 2897
1652 2582
762 3231
942 1073 3947
752 2629
453 2192
684 1436 2978
1396 3097
1349 2670
3027 4448
3150 3817
3001 4139
2096 2254 2384
374 3775 4164
2750 3079 4256
457 3985
1119 2205 3614
1940 2810
934 2556 3461
2768 2988
60 632 937 3706 3737 4431
494 1433 3993
1954 2115
90 3072 4315
1113 3853 4317
789 1583 4170
89 2528 4233 4353
993 1071 4300
670 2140 2226 2526 3627
671 1213 1757
12 3208
1610 2936
125 1711 2767
797 3016
1463 3632
1118 2842 2964
317 2397 2587 4401
67 3888
1992 3244 3503
2219 3521 3606
3446 3629
712 865 3000 3266
123 2483 2774 4244
2006 4466
1968 2330
2231 2327
429 1439 2412
2362 4109
1803 4188
2796 3838
918 985 1268 1406 3249 3330 3339 4364
230 748 915 1568 2835 2862
716 1238 1742
630 3397
200 343 2130
924 3172
607 4297
1724 1883 2413 3189 3601
862 1335 2050
838 2303 4310 4323 4388
2334 3592
2000 2520 3727
24 2611 4467
437 1133 2835 3557 3992
680 3760
2822 4288
2278 2594 3166 3317 4256
472 3794
259 1033 1697
2917 3884
1471 3895
556 1699 4236
349 522 4142
1501 2248 2334
2275 3339
1897 2010 2181
891 1776 2060
2218 4257
963 1525 3227
74 1316 1401 2312 2410 3950
84 1471 4259
1918 2412 4132
1444 1791
1101 2710
2898 2981 3339
917 1959 2561 4403 4421
830 1739 3085
3701 3937
1383 1544
1972 4437
3361 4170
1002 3511
777 3135
393 1416 1660
803 1544 2036 3356 4401
493 583 2062 2629 2791 3075 3600 4047
907 1022 2490 2512 3243 4145
405 940 2835 2888 3987
194 4024
1253 3008 3262
1175 1531
830 2662 2802
274 1311 1506
3050 4018 4100
206 3524 3948
219 606 642 1749
2623 2638 3825
3280 4192
73 664 1015 4356
390 1293 1761
198 3953 4299
639 4172
641 1017 1218 2491 2663
153 2491
375 1810 2676 2865
2979 4298 4431
300 1760
667 1371 3346
3472 4233 4253
1381 3344
836 1698 2247 2901 3205 3986
1701 3748
2123 2472 3763
1842 4085
1439 2207
1507 1538
795 1873
1159 1230 2836 2902 4152
185 274 1319 1584 3272
733 3366
330 1384 2218 3583 4016
1451 1521 2841
465 1413 1612 2305 2895 3124
2576 2879 2896
425 1431
3214 3612
1033 4132
55 544
451 2702 3212
2588 3966 4255
570 1010
811 1912 3721
154 597 2159
390 1238 1772 3539
542 2136
2357 3276
2229 3089 4119
545 3324 3549
201 1692 2539
317 3564
1823 3364 4416
568 1771 4002
770 2545 3817
3302 3514
464 2248 4038
117 3017 4315
521 2030
466 2084 4005
94 1612 3474
958 2743 3284 4346
2642 3051 3113
1576 4288
2258 4088
573 850 1292 3030 3216 3886
165 2658
1143 1990 2973
74 1566
1026 1070 1427 1804 3711 4099
512 2290 4391
109 3645 4458
2279 2282 3614 3869
902 2375
420 1568 2061 2260 3274 3480
211 4464
3625 4422
1040 1065 1517 1527 1974 4147
1061 2132 2232 2658
1755 2788 4210
667 795
542 574 654 3533 3671
384 979
5 719
829 1133 2638 3160
2955 3058 3172
2776 4453
1562 2102 2159 2377 3675
926 4172
606 4443
607 1259 2875 3013 3285 3611
1179 1386 2310 3707
1443 2285 3641 3719
1265 2440
3101 3273 4398
1485 2334
1190 3106 4097
2051 3369
2739 3394 4112 4385
1226 3143
735 1406 4403
2338 4420
168 899
2919 2938
1184 2404 3629
3992 4328
1099 2081 4080
689 2855 3440
2309 3391
227 3748 4113 4456
2482 4215
532 2480 4358
1242 3143 4172
990 3317
133 2126 3059 3119 3156 3755
1477 2592 3959 4273
3880 4446
168 2562
1218 1582
451 1635
2700 4036
650 2444 2519
145 1050 3288
402 412 1579 3329
1459 1508 2180 2256 3685
751 1445 1930
1488 3338
1963 3038 3374
630 1763 3205
433 3552
468 552 577 705
44 538
476 3370
498 838 1717 3473
102 990 1893 3104
137 929 1349 1844 4109 4430
1355 2737
1728 2140 2513 2534 4261
861 1322 1649 1751
339 1353
241 1637
26 3858
2575 4433
1411 1469 3520
2058 2677 3439
3480 3922
433 2357 4253
1228 1824 2166 3827 4358
864 1452 3349
289 2936 4218
524 565 2228 2299
552 2434 4435
948 2000
3360 3449
1710 2377 2832
2246 2797 4341
2769 4095
1291 1949 4433
283 3810
1124 1621 2059 4097
404 1596 3622
320 1830
510 1443 1690 3920
1040 1671
322 1485 3518
403 1243 1565 3693
1036 1123 1953 2248 2908 3504 3541
1122 1595 2339
1941 3092 4043
2442 2676
372 2720 4156
1009 1155
241 1210
2363 3413
456 1058
589 595 1128 1451 4042
2566 3621
2105 2787 2872
334 3429
2472 4080
1608 2063 2468 2553
17 1248
592 2586 3326 3911
2061 4414
769 1994 2233
346 2710
2607 2902 4013
586 1015 1023 1913
38 2547 2923 4318 4462
482 3417
248 4226
939 1532
29 685 3121
2268 2620
745 2146 3537
648 1956 2658
2153 3193 4391
114 2227 3119
2313 2621 3936 4450
1505 4025
2388 3320 3376
2082 2307
39 91 1623
481 1705
371 2002 2527 3617
869 2875
165 1168 1412
2691 3452
364 3053 3124 3356
223 1762 3796 4184
250 4125
1548 4248
2806 3521
120 229 678 3124
147 678 3673 3930 4329
168 2151
2368 3269 4206
99 3483
550 683 1235
1228 2846 3317
1950 2153 2425 3301
361 404 1370 1752
1682 2743 3050 3288
891 1215 2490 3926
316 400 3513 3900 4391 4466
926 2078 2647
395 1833 2590
1533 3328
485 2128 3253 3517
644 2369 3771 4209
59 2817 3921
146 818 2786
47 638 3933
437 493 3671
2537 4037
170 512 2315
1086 2821
1129 4271
395 2543 3602
134 1076 1447 2986 3056 3331
242 1009
2236 2565 3397 4379
397 4113
13 284 636
572 1017 1293 2191 2310 3694 3860
391 922 2327 4061
224 680 3791 3975
949 1032
782 3990
1802 2768
2345 3138 3770
567 1149
198 931 1413 1819
2790 2950
1091 3131 3922
139 641 1172 1300 1476 1586
998 3511
498 905 1101 1748 4284
263 4172
342 1795 2012
10 2917
337 2567 3716
2033 2969
972 2679 2755 3811
1311 2109
1507 2415 3931 4393
1525 1737 2638 2691
1254 1739 2101
337 1031 1658 2943
655 780 1525 2891 3911
1117 1343
3191 3641
1281 1610 2494
888 2628
306 2319 2516 2939
553 1736 1977 3796
3392 3801
457 1999 4369 4435
2422 3312 3851 3960
38 1260 1673 2940
364 437
1046 4317 4371
832 1596
2340 2527 2884 3364
1043 2072
1015 3493 4179
53 2647 3251 3350 4203
570 831 1710 1924 2570
910 944 4389
488 2477 3900
570 681 1502 3442 4239
248 1030 1261 3710 3891 3987
487 1400 4250
882 1202 3049 3677
1434 2725 3264
597 1715 2761 3236
327 1895 2020
658 1445 2794
708 1493
2185 3534 3702 4456
2767 4304
888 1421
390 1526 2589
65 1624 1846
1079 3011 3867 3912
44 542 1978
1801 2541
90 3152
39 306 3309
1196 1602
644 4140
1186 3445
1589 2170
544 3206 3972
488 1053
165 2219 3010
548 1600 2477 3235 3739 4097
364 3756
2316 3611 3675 3929
1841 2375
496 3115
2400 3869 4170
1446 4465
1725 4314
832 2356
63 824 3330 3790
238 1340 1846 4312
1516 2306
1483 1499 3777 4408
2095 2478 3161 3508
883 3721 4304
1900 3844
52 4037
967 1409 4287
373 1050
1018 3275 3828
3505 3825
120 416 624
2213 4314
550 1380 4232
2303 2443
490 3853
1270 2202 3077
562 3727
198 2149 2695
350 2299 2879 3119 4236
3379 4230
940 4027
1274 1419 4073
701 2676 2993 3843
2394 4072 4298
972 1652 2125 3335
1536 2134 2833 3925
2268 3104
821 894 1844 2126 2171
1225 2420 3074 3608
1106 1288
1077 2856
40 974 2747 3045
869 1979 2771 3315
665 1841 2306 4244
614 1968 2717 3419 3440 3774
2296 3355
3516 3849 4316
637 1677 3078 3729
587 1040 2012 2032 2243 2687 3450
255 754 853 2048 3226 3468
650 1149 2881
1905 2221 3514
92 1584 2620
551 642 1181 1487
523 1206 2513 3069
904 1234 3999
3525 3966
580 2576
1526 1794 1853 3933
768 2153
1793 2254
2 14 836 3964
2042 2120 2199 2251 2651 3213
122 669 2304 3760 4020
2308 3424
2323 4410
2102 2269 4081
646 900 1073 3172 4084
1271 1880 3929
382 1973 2080
1662 2462 3174 3580
2239 4409
270 1148 1289
240 404
63 1861 2974
641 1115 2684 3041
1107 2254 4261
371 3062
1215 1961 4295
1169 1269 1450 1904
114 183
4215 4355
395 2296
3856 4124
92 1069 2949
117 153 2706 3662
2609 2876 4105
2001 3593
933 2768 4459
1006 1690 3360 3940
2860 3741 3955
1282 1959 2109
2638 4280
1600 1627 2069
3522 4000
2141 4414
681 3030
1810 2715
279 1005 1036 1805 3784
774 2277 4006
1710 4230
2798 3126
698 2336
1117 3104
2696 2816 3981
1059 1365 2661 3273
261 1173
908 1062 2666 3037
172 843 3110
3760 3925
391 430 4353
990 2541
3761 4238 4416
1624 3931
1267 4406
657 1757
1951 2206 2311 2686 3280 3693
767 2624 2874 3110
1888 2429 2683
1169 1864
72 2971 3571 3870
1892 2944 3235 3665 4189
2828 3034
209 678 3223
659 2151 2417 4264
2120 4074
82 1987 2861 3956
3534 4106
312 2791 3717
3488 4460
2197 2253
829 1220 1311 2918 3309
1291 1422 1948 3397
2566 2736 2911 3389 4245
2349 2835 3560 4164
533 2868
287 756 1738 2679
2756 2939 3802
91 95 99
3179 3444
1550 2777
3139 3826
578 700 1015 4219
702 1745 3087
1733 1757 2402
734 3003 3867
577 2162 3052 3713 3730 4091
318 1560 1810
2334 2781
2587 2842
576 1337 2780 4297
1025 1467 2284
1326 1672 2547
666 3732 3908 4008
2186 2981 3703 3850
502 751 3018 4066
1463 3316 3882
667 3125 4014
732 1796 3174
368 1292 2966
553 1237 1888 2431
2975 3931
697 1810 2743 2807 3822
1086 2299 2795
1072 2345
253 3800
295 3838
1695 3914
1950 2229
78 781 958
3056 3882 3955
292 1429 1912 4033
576 720 1940 2724 3157
491 2003 2521 3423
238 408 3054 3654
687 2199 2937
82 432 2460
845 4254 4355
1109 1848 3081 3721
905 1074 1897 2333
1352 3100 4154
2790 3921 4268
1234 1968 2651 3708
1679 1985 2548 3049 3152 4034 4200
841 2106 3422 3653 4236
1417 3092 3984 4348
1612 1747
793 1393
819 1239 1256 2072
17 504
1060 1465 1496 1779
1778 2478 3015
61 2591 2917
506 1593 2991
857 2422 3855
1221 1993 2838 2948
1221 3711
685 744 1071 4326 4362
119 603 1535 3895
1097 2362 2443 3460 3685
1113 1119 2952 3380
23 1154 2102 3657 4129
261 3196 3353 4224
153 1862
1579 1623 2910
1140 3185 3337 4407
288 1451 2203
767 3219 3313
1079 2901 4250
1198 4084 4097 4304
905 2838
765 2337 3983
368 1205
2728 4418
217 1726 2418 4376
137 1379 2015 3168 4064
2615 4357
586 1852 2758
690 851
3879 3995
950 3276
246 779
2411 3731 3811
190 1021
623 966
803 2032 2939
85 4343 4455
227 1542 1853
971 2310 3166 3752 3863
962 1275 1989 2005
558 1960 3346
868 2982
102 2613 3893
79 673 1941
20 921 3290
70 173 2048 2783 3319
374 529 1025 2282 3435
1428 2311 2796 3467
1568 2862 3158
3218 3707 3901 4049
364 1376 3433 3643
2300 2955 4463
40 3644 3645
1793 2098 3741
1112 3328
1178 2744 3986
29 1348 1638 2007 3630
684 3308 3905 4188
38 1110
595 991
876 3983
823 3280
212 691
550 1495 2017 3566
253 344 955 2875 3236 3573
3809 4018
232 2336 3138 3624
448 2744
253 604
28 604 745 2360 4101
345 3323 3531
159 1369 2098 3630
4174 4219
1848 2505
921 1751 2285
242 950 2990 3208 3671 3701
259 1794 3542 4031 4231
591 2613 3401 3580
330 1202 1344 3996
227 907
2018 2233
3576 3968
1751 3377 3899
2027 2819 3984
46 1642
629 1318
844 2830
77 1436 2456
2330 3860
121 974
869 2236 2296 2705 3276 4415
3404 3421 3585 3834 4063 4343
109 843 2131 3963 4046
15 1320 2206 3036
2425 3446
1882 4349
116 1441
902 1743
152 2677
1257 1289 4319
1233 1355 4127
1353 3903
1253 1660 3421
3155 3787 4237
8 847 4069 4298
1414 2445 2659
1760 2125
2611 2792
212 1137 3563 4414
1250 4362
2832 4023 4260
1717 1996
733 2862
274 4099
4131 4194
355 2797 2856
869 2202 3227
155 1138 2667 3078 3848
123 1159 3057 3619 4089
536 2965
451 2319 3704
191 310 391 2600 2860
982 1623 4265 4364
2558 3350
767 1006 3416
366 3719 4323
2541 3129 3358 3581 3593
276 1489
2165 3196 4402 4456
928 1056 1181
761 3348 3513
542 2556 3644
604 1671 2053 2386 3799
1712 3606
2505 3370 4292
401 2697
160 221 309 1855 2895
14 1988
109 2076
2123 3094 3110
10 1204 3535
159 1333 1998 2447 2925 2982 3387 3920
477 2717 3446 3695 4291
3120 3519
1290 1337 1696 2198 3949 3988
331 591
544 1222
297 1635 2023
919 1918 1955 4309 4344
1197 2663
652 845 1276 1941 2171 4238
1336 2383 3303 3784
69 2201 4346
1012 4276
2505 3103 3182 4431
1685 1780 2711 2962
734 1940 3956
1358 2404
2790 2970 3537 4188 4372
1030 1711
708 1560 2026
1414 2357 3912 4212
620 4387
178 802 2927
533 1015 2777
1880 2633 3416
1424 3569
225 882 1357 4395
1595 2094
3634 3665 3886
939 1087 1562 3220 3237
1490 4100
2870 4162
123 1117
295 915 3110
2196 3228 3976
1716 2096 3798
1190 1357
1955 4307
718 2936 3164
1638 1810
277 2095 3329
929 2520
1081 3847
214 2444 3584
271 999 1926 3441
1348 2621 2636
501 1160 2743
810 1627 2608 4441
1405 2095
1965 2466 3338 3627
469 3277 4023 4220
476 1119 1166 1348 3001 3551
989 1345 2687
3440 3877 4126
2266 2325 3516 3895
1524 3630 4051
1789 1819
463 1630 1749
566 2363 3865
23 1571 1891 4309
2264 3603
536 3429
191 1405 3337 3860
667 1189
648 1166 2046
2557 2937
740 2611 3496
5 3404 4034
854 2067 2322
2836 3400 3415 3759 4373
1574 2126 2563 3080 3558
1726 3274 4293
192 1044
380 1730 3130 3580
595 695 1198 1203 2118
485 3903
1336 4022
94 1351
705 1460
2169 4265
1077 1918 2270
1348 2346 2567 3379 4292
2287 3526
527 1501 4117 4121 4130
134 532 2980
1873 2360 3508 3594 4106
950 1903
947 1128 2942 4113
1202 1909
765 4428
2182 2383
116 2755 4278
356 2405 2729 3044 3426
606 672 1251 2267
1764 1849
1664 3495
172 2738 4110
2080 2789 4239
544 3503
164 1377 2899
2489 2793 2900 3008
213 1099 1540 2513
666 767 1308 1867 2263 3152
1111 1481 3777
55 978 2865
128 3981
885 3032
2487 2514 3245
58 2229 3653
2694 3764 4206
708 1674
1457 2840
793 2092 3391 3621
2700 2905 4136
343 1717 1973 3701
2226 2770 2921
1141 1746 3258 4179
71 3649
187 499 2596 4206
788 1838
338 2917
991 2656 3352 4445
1951 3702
239 2418 3016
3325 3941
721 1385 1833
344 3430
3461 3613
1787 2046 3713
1568 3083
1182 1508 1650 1653 1842 3040 4435
583 2435
948 3044
894 2426 4274
705 3467
1773 4343
1638 3081 3824
258 1573 3739
706 709 2106
1315 3877
1052 3566 4156
2526 2830 3113
986 2312 3113 3350
2548 3613
3666 3811
273 1589 1683 1989
934 3749 3832
2253 3300 4405
894 1136 1661 2759 3599
865 2095 2231 2707 4091
328 1195
374 1220 1723
363 2375
246 3916 4310
208 2957 3524
158 669 1705 2307
381 953
170 771
2304 2424 3869
3504 4243
1673 3633
271 1950 2351
1767 3277
2147 2860
621 1976 2087
3841 4297
2310 3569
703 2689 3502
2005 2096
229 1643 2552 3218
100 2685
2320 2751 3187
1484 1800 1849 2025
628 1095 3020 3233
822 1842 4281
764 1148 2096 2836 3070 4201
2277 2867
2671 4032
988 1635 3767
1104 4184
1304 1442 2854
253 1695 2420 3138
129 1096
1400 2359
704 3925
1916 3251 4135
531 586 2009 3031
1974 2625
886 2111
1786 2030 3139 3958
404 2626 3058
1101 2940 2982 3336 3839 4254
948 1009 3898 3947
823 826 3060
996 3378 3933
3845 4129
332 4169
480 4184
581 950 2064 3334
1659 1931 2209 3118
124 2246 2876 4133
618 1679 3290 3825
683 830 4108 4159
3592 4458
1274 2312
1825 2215
2421 2899 3894
1726 3432 3662
510 1240 1338 1975 3542
1489 2562
369 2856
1225 1982 2993 3760
528 1409 2109 2366 3041 3686
1957 2574 3713 4190 4417
163 1603 2829
3285 4038
1351 3760
679 980 1001 4092
452 2025
912 1082
894 2076
1046 3168
1156 1924 3795
886 1571 1849
1101 1933
3056 4415
1698 2239
1333 1339 2639
2537 2748 3853
3003 3343
932 2917 3719
217 1364 1703 2177 3871
306 739 2035 3164
1862 3041
10 1062 1079 2357 2575 3073
564 1709 1972 3005 3608
267 3297 3426 3487
2729 3437
1361 1548 1771 2456 2457
1826 2878 3834
2709 3111
547 3643
119 2466
1961 2576
2 4337
3448 3542 3704
592 2310 2798
163 1149 1172 1305 2680 3871 4395
1929 1964 2257 3550
530 1142 3331 4223 4325
70 591 777 2040 3242
1436 2025
1207 1466 1944 2205 2893 3871
398 2806
1053 3753
925 1091
1872 2243
2460 3079 3794
70 904 1938 3887
432 4445
1637 2329
3464 4439
2512 2786
432 3868
2199 2380
587 2295
858 2398 3828
607 1847 1997 2058 3521
31 1553 1924 2355 2431
1834 2459
1796 4250
2122 2299 2338
1434 2391 3519
1442 2192 2329 2772
1949 2828
2964 3578
1701 3420 3957
111 958 2159
1058 2350 2885 3806
1595 3386
1326 3106
851 2867
275 2842
731 738 4459
741 1075 1319 1774 3498
1019 2263
749 3316 4341
1345 1783 3591
1260 2026 2298
1197 1511 2654
52 910 1146 1285 3095
104 922
525 3253 3943
711 2955
529 1610
643 2833 3432 4252
400 2112 3680
2160 2421 3514 3651 4344
1058 3062
1591 2270 3885 4346
270 904 1279 1721 3281
7 1377 3223 3293 3475
154 3973
1949 4081
483 510 4156
2630 2665 2882 3460 3537 3639 4136
1756 1828 2558 3784 3992 4020
2012 4364
1722 3790
612 1188 2681
711 2706
929 1427 1934 2116
302 1111 1681
460 1562
3536 4372
291 1720 1809 3744 4203
670 1496 1789 2946 3018
1135 3224
2756 4441
2523 3135
153 505 1974 3316
717 3273
125 427 2349 3330
344 1227 3317
47 1034
660 945 1645 4132 4227 4445
2010 2519 3376
1097 1886
43 262 3991
2233 3020 3362 4393
2470 3292 3861
2255 2340
257 1967
2545 3909
1776 3330
3853 3866
2458 3011
2364 2683 4223
482 1342 2341 2441 2998
717 2613 2862
1002 1417 2128 3426
1330 1436 2025 3647
373 1730 2007
3633 4447
3275 3303
594 3668 4437
482 1331 2888
844 3518 3700 3709
3281 4362
529 854 1190 2129
443 4111
1994 2202 3182
1633 1658 2255
425 3184
2990 4366
377 1359 2846 3511
676 1083 1516 2470 2534
622 1458 2455 4277
537 3502 4220
1233 2019 3825
183 1165 3089 3372
1407 1934 2830 4446
2359 2416
209 2013 2622 3287
2823 3848
129 608 1982 3052 3675 3992
523 2257
1912 2251
1778 2069 2185 2541 2752 2838
1115 3447 3690 4161
222 1084 3255 3867
728 1278 1292 1700
2612 3000 3730
1401 3220
2081 2362
915 2416
274 2641 2722 2914
74 537
1815 3760
2547 4204
264 1145
3400 4239
477 547 2221
318 3312
173 1786 2979
381 839 4302 4339
421 686 1491 1656 1747
2351 3049 4263
1148 1653
2651 2652 2882
1243 2686 3584
1708 3993
1152 1394
66 1037 1468 2683 2713 3050
1116 1742 2363
1468 2105 2342
2251 3066 4137
331 1874 2360 4329
48 1612 1896 2893 3199 4009
930 3341
933 4069
10 2251 4355
584 3700 4170
3162 3688 4093
316 541 791 3336 4185
3166 3779
1892 2298
150 550 2785
135 4460
2598 3191 4049
413 1715 2149 3467
692 853 3060 3621
296 4001
769 1601 4451
2315 2970
576 3235 3272
689 2057 2214
3292 3461 3602 3697
562 1853
1371 3616
1439 2142
2848 3469
1887 2116 2962 4183
49 1541 3501 4301
219 327 1220 2050
1936 2756 3398
1441 2261 2689 3574
3106 3578
283 3772
2033 3241
1877 2396 4142
1947 3416
3471 3863
1884 2555
1692 4190
170 4446
1347 1435 3467 3520 3548
261 1264 2966 3108
999 4035
113 2167 2380
411 1688 2009 4315
2304 3408
71 258 1927 4122
608 3534 4350
2503 2805 4434
889 3564 3609
1468 1607
998 1740
2034 3606
513 546 4169
1118 3724 4179
431 3701
1255 1809
1058 1241 4108
362 2430 2891 3016
702 3301
601 2123 2207 2301 2482
1280 3612
2256 3988
960 2573 3159 4066 4304
3672 3854
538 566 2061 3612
2258 3686
408 4432
1433 1507 1897 2945 3765
2465 2610
1207 1713 3888
926 1022
1069 3352
212 511 820 3866
29 405 578 1782 1843 3297 3663
480 554 2477 4112 4323
382 511 2486
1079 1507
112 488 1162
2233 2666 3567 4372
477 1568
3915 4197
1249 2119
1631 2835
1246 2330
498 2711 4323
1467 2730 3160
291 4232
96 156 2399 2681
161 4123
1149 3927
1081 1773
598 2267 2746
842 2797 2907
2127 4382
385 514 1300 2256
124 1321 4077
231 2966 4027 4139
1080 1501 1828
337 1721 2166 2288
1841 4248 4319
92 1050
810 3689
3035 3748
239 2213 2950
136 2507 4220
2819 3004 4149
1100 3060
1238 2089 2191
1706 2507 2769
2468 3662
78 3829 4124
1247 1554 2080
448 958 1270 2251 2928 2943 3159 3826
1250 1432 1962 3914
378 3219
1266 4277
2608 2796
939 3922
211 1229 3930
1898 2618 3209 4392
269 1566
119 1637 2045 4156
1612 2873 4172
572 757 842 1912 4384 4391
132 3048
1580 1850
310 3557 4320
1770 2516 4044 4104
454 1419 1957 3909
275 370 1140 1386 2239
1637 2885 3429 4327
3158 3944
1326 1378 1971
562 3565
1511 1832 1987 3244 3650
1470 2477 3013 3716 3923
2539 2540 3044
43 700 1844 2058 3384
411 551 1291 1740
222 2350 4115
1043 2202 4362
3163 4315
153 2225 3715
81 398
2518 3987
2738 3369
1531 2949 3675
503 1172 1524 1835 2386 3698
490 987 3874
2057 2937 3009 4246
65 1292 1412 2758 3095 3330 4297
20 1368 2276
2308 2371 2512 3477 4248
600 766 1678
164 2022
1091 2005 2739 3235
1330 2589 2748
884 2742 4271
310 727
915 2234
1315 3995
1249 1657
1556 3040
65 2362 2599
1641 3890
447 499
97 464 1788 1853
484 1280 1814
26 775 3457 3954
181 654 4371
854 1459
2100 2402
2699 3327
2579 4182
3500 3591
1761 2239
608 4440
590 2676 3542 3700
662 4299
1435 2534 3244
192 2440
1828 3339 4155
887 1316 1385 1465
562 1632 1856 2186 3631
650 700 2491 3017
163 654 1926 2442
2009 4191
1350 2845
1524 2096
1643 2190
2488 3432 4071
1599 2555 4056
2196 2277 2316
391 1682
209 672 2321 3432 3647
1777 2914 3778
4032 4157 4421
1538 4157
936 1991
2573 2623
1169 1453 3207 4236
3078 4124
75 221 1712 2245 2314 4165
3489 3622
773 1205 2219 2313 2462
547 3708
2651 3282 3796 4221
1384 1436 3734 4068
2886 2973 2979 3801 4464
488 1267 2972
474 2879
1737 2167 4192
217 555 1533 2457
485 804 3768
357 1441
55 157 4440
215 2414 4062
1953 2829 3701 4367
410 3866 4205
1537 3677
1396 2689 3802
431 1072 3100 4401
734 3291 3876
2403 3311
2768 4022
1753 2341 2707 3519
3891 4180
189 1364
57 2338 3290
359 2507 4031
382 488 2885
2349 2676
687 714 2458 3325
1313 1457 3102
805 864 1186 1353
881 999 1067 2972 3533 4467
546 1100
1438 2272 2668
347 2276 2628
3037 4458
1563 2242
406 852 1431
133 2874 3870 3885
2136 3054 3951
153 2100
254 1162
1526 1942 4434
536 826 2770 3336
2308 4451
604 2310 2767
320 1600 1906 3153
974 2254
477 4043 4187
2005 2335 2808 4200
2989 3337
3474 4459
428 3331
80 1649 3505 4255
44 77 1126 2336 4319
2188 3973
2213 2296
1408 2005
586 960 1701 2469 2774 2955 4344
250 1568 3544
3013 3672
157 1573 2145 3268 4319
211 392 651 2690 2729 3839 4000 4389
231 2451 2802 3534
1541 3162 3361
723 2074
2211 3248 4035
1930 2391
1449 2706
2538 2589 3023
389 1108 3360
871 2278 4259 4293
2241 3621
2083 3081
2506 3992
1427 3691
1434 1668 3146
543 1009 1348
1525 2092
2518 3777
1355 2612
868 1288
2036 3067
476 539 1513
2547 2754 3819
356 1925 3699
2370 2571 3543
276 1031 3539 3717
2637 2876
3112 3946 3949 4109
808 1569 3330 3698
607 4189
1443 2357
1571 4094
126 634 4394
1054 3823 4419
40 1111 3998
478 2137
680 2917 3184
1937 3122
463 624 2428 2555
1125 3208
677 2485 2855 3195 4261
378 922 1985 4225
2488 3317 3348
446 1448 3177 4149
3072 3157 3556 4012
429 3804 3990
2133 2520
1214 4210
282 750 2677 3372
475 1111 3802
384 1257 2431 2600 2741 3513
530 2953
3070 4081
190 499 1462
2337 2821 3727
2648 3790
540 2568 3226
1534 3105
157 1740
29 1071 1821 3535
2549 3187
1885 3127
829 1738
314 1640 1930 3588 4005 4274
2195 2533 3607 3884
141 197 927 2887 3806 4277
830 2760
823 2010 3470
1432 3945
2245 2644 2865
517 738
869 1533 1923 2819 3020 3144 3908
83 870 2296 4117
2200 2926
943 3344
1305 2174 4220
21 878 1115 3110
2337 2460
1010 3868
3607 4401
2455 3682 4318
2384 2420 3341
576 2784 3212
105 170
879 1863
1425 3330 3891
592 1792 1850
2484 3276
1008 1068 1448
3043 3497 3867
693 877 2033 2906 3376 4080
859 1685 2989 3412
2038 2429 2512 2915 3774 4002
1635 1883 1985 2788
3637 4161
2063 3452
2230 2275 4440
1725 1843 2048 3909
1164 1770 2222 3429 4016
546 2744 2978 3071 3817
1146 1155 3696
2186 2671 3197
485 1622 1848 3813
649 977 2998
1263 1703
149 823 990 992 3643
1748 3175
15 2092 3210 3390
1151 1585 1952 2249 3895 4127
21 1205 3404 4241
1324 2967 3581
1824 2757
2105 3334
319 1008
1398 2910 3640
790 860 1884
378 1169 2083
489 2245 3387
2317 4420
299 1197
3069 3120
3191 3729
1092 2342 2543
1035 3027 3118
1765 3940
199 734 2039 3377 3588
909 2870
149 342 845 1198
1190 1550 2766
194 2556
2537 3266 4137
1516 4190
990 1609 4330
1101 2319
493 4425
1479 3037
899 1013 3183 3876
474 1404 3347
1399 2576
1308 2917
432 2521
1236 2559 3494
3015 3341
518 3049 3277 3443 3926 3946
584 1136
1041 1564 2311 2680
1 454 478 2870 4026 4128
1047 3277 4324
1446 2597
2686 3796
576 3667 4177
837 1640 4068
106 1155 2867 3866
354 557 1119 1687
1037 1678 3208
2311 2742
1512 1532 3747
1920 2141
1044 1241 1618 3898
1624 2248 2910 4279
2136 3273
1111 3532
1326 1562 4466
723 1561 2697 3807
1183 1562 2063 2093 2696
509 4082
2229 2477
1581 2057 2913 4083
367 2392 3473
95 1109 3925
1567 2224
216 4184
159 933 1572 3452 4121
32 702 2186
1219 2555 3145 3947
1181 2288 2429 3100 3591
10 1334 2270 3541
2219 4164 4325
59 3406 3452
1307 3400 3875 4027
1738 2829
1605 3153
197 1643 1956
1863 2790
856 2062 4390
2173 4009
1198 1414
22 1445
2808 2902 3249
1366 3803 4371
2545 3143
3646 4419
521 2510 3641
754 768
476 3944
1139 1645
2118 3394 3522 4229
129 985 2698
1218 1483 2873 3671
246 478 1705 3392
3281 3300
373 1546 2081
1331 2639
2040 3549
2701 2828 3330 4186 4453
1900 2156 2711 3022
407 462
3494 3558 4391
1235 1947 2581
1490 2488 3236 4338
594 1733 2068
1439 1674 2258 3393
2432 2846 3870
1131 3581 4377
434 1263 2981
967 3036 3090 3943
869 1760 2109 4266
1029 2687 3584
393 3382 3522
2006 2936
1269 2090
2074 2705 4254
1227 3983
372 2491
3967 4190
174 582 1306 3949
185 1089 1267 1445 1742 4062
3934 4455
381 1267 2036 3033 3145
486 721 4444
654 1119 3635
222 945 1275 3640 3660 3866 4024
303 726 3562
1675 4400
3213 3631
2564 2921 3676
605 3982 4433
1348 2141 2900 3814
1414 2604 2741
2342 2857 4234 4351
2511 3022
972 3988
2191 3340 4448
1158 1643 1813 1897 4126
402 3584 4390
2053 3427
28 1156 2400 3551 3635 4165
2634 3722
518 1794 2290
2755 4381
3474 3619 4237
555 3128 3338 3761 4433
1016 3549
1658 2235 3657
1783 1918
1632 3162
1277 1408 3023 3993
3176 4147
83 880 1943 3811
547 2062 3143 4394
442 3412 3770
3343 3546 4005
271 435 2086
557 2667
1416 3553
1568 2199 3705 4299
217 279 708 1518 2579 3014
405 4181
1549 2317 2481 4312
1537 1877 3144
517 3606
2948 3976 4457
4233 4324
1504 3288
1088 1610 2254
420 3318
557 2976 3478 4011
2367 3993
2380 3639 4147
1054 1546 3773
546 2887 3684
1596 1626
826 1211 2173
1286 3047 3337 4100
335 2230 3425
2263 4211
421 1603 2304 2755 3702
1715 3503
2241 2743
1034 3839
1891 2308 2346 4199
152 746 1517
376 2589 3890
1198 2110
2960 3627 4323
1807 2704
1047 2580 4117
84 234 1985 3530 4417
712 1808 3156 3871
1490 2765
2384 2616 2691 3106
833 4230 4235
957 1401 3592
3031 4389
3022 3887
2805 3525 4167
1197 2593
237 446 2194
2380 2809
704 1088 2809 3538
805 1712 4296
630 785 2008
1727 2267 4197 4366
2211 2725
2616 3266 3300
1075 2132
766 3150 3431 3920
140 370 2492 4332
231 1675 3364 4289
3388 3698
766 2763 4189
169 2864 3010 3648 3661
2437 3011
65 4107
2453 2934
789 3237 4204
2202 3778
1336 2236
804 1071 4399
3285 3350 3489 3847
1421 2733
1896 1992 3863
445 1136 1472 3899
79 3495
585 1258 2728 3561 4108
1507 1622
96 226 1343 1746 2845 3433
935 2857 3880
894 1362 1632 2149 3810
307 1269 3352 4420
2211 3228
467 2012
877 3704
3266 3430 4050
114 738 949 2835 4307
275 2804 3879 4113 4176 4251
1765 3364 3678
144 1517 2957 3470
419 756 3946
2349 3511
501 1906 4329
346 1142 1712 4270
3625 3889 4313
15 824 2887 3857 4361
521 948 1177 1638 2121
124 463 3204 4381
310 541
1325 1475 1919 3492 4434
1337 2592 2947
1075 2771
2782 4226
1828 2691
2040 2159 2195 3261 3757
3020 3128
1282 2206 3271 4040
204 683 2605
1441 1904
1296 3242
1521 1734 1802
502 4166
285 3120
2578 3658
547 2099
2411 3703
565 682 1974 2831 3989
2125 2699 3394
2030 2690 2877 3894
201 1127 4154
2723 2927 3739
390 1307 2112 3411
721 1823 4005
1355 3419 4040 4136
236 2897 3206
406 2922 3411
2242 3493
3027 3070
437 2080 2985 3244 3669
1844 2285
327 3436
2005 3949
156 3397
1321 3125
197 1803
1144 1317 1748 3118
81 1332 1376 1510 4444
2842 3000 3712
835 2297 3129
1136 3366
113 3343
520 1315 2131 2647
136 2872 3711
136 274 1549
819 1248
2499 3058
295 1957 2283
344 631
1053 2017 2829 4163
730 2614 4395
87 2944 3127 3402 3757
1571 1642 3651
512 1973
478 745
53 663 1505 3486 3518
1263 1333 2691
1217 4200
1052 1911 2234 2346 4354 4453
454 1409 1581 2194 3346
1880 2195 2993
2899 3087 3655 4318
30 4139 4168
333 1919
3653 4228
1013 4405
1764 3362 3989
289 3827
1650 2707
1252 3146
1465 2949 3168
3101 3346
2358 3069
1046 1388
94 522 587 882
101 2040
453 830 1888 2206
376 644
2644 3687
42 114 3459
1053 1484
475 3189
255 2412 3400 4460
287 311 487 2030 2362 2991
1230 1377 3908
1733 3369 3761
1903 2437 2713
343 4092
193 3537
1678 2911 4120
410 2242 3860
100 1910
3443 3636
1716 1960
641 2039 2141 2246 3427
1926 2077 2305 3276 3398
341 1140 3740
227 3964 4126
503 711 3003 3529 4154
2591 4349
1122 2518 4176
1073 2775
849 2799 2958 3377 3764
1056 2064 3051 4256
2466 2780
569 903
1881 2785
366 2498
260 2062 3219 3357
1382 4014
1442 2024 2129 2151
851 3756 4046
3851 4079
79 855
516 3529 3589
1128 1382 3495
76 479 1405 2428
1734 2040 2060 2875 4296
982 1095 2307 3850
795 1259 1975
736 3317
1023 2611
2077 2923 3451
704 1472 1757
428 2791 3694 3852
3378 3932
1814 2404 2530 3027 3269
2576 2996 4125
1282 2129 2190
159 1087 2226
1511 2422 3755
186 312 2198
1106 3888
1026 3102 3191 3290
611 3742
874 2087 2214 4284
1465 2198 2781
1078 2418 2698 3353 3936
124 3677 4408
529 1000
339 808 3610
1554 1599 2197 3574 4169
1082 2150
1109 2065
17 1113 2427 2472 3269 3364
540 1023
1542 1817 2144 3389
226 3607
201 1802 3565 3839
1945 2826 4083
1676 2598 3432 4087
804 1079 1466 1474 2467
2205 2693 4059
1090 2638
1430 1995 2107 3246
762 1340 3955
1786 3332
1667 1673
594 855 936 2155
3284 3966
853 1730 2794
48 3171 3255
1718 1875
391 2593
854 931
1188 4198 4215 4315
2198 2512 3055
525 3370 3849 3863
941 2718
3127 4292
2565 3426 4233 4392
1171 3565
2822 3680 3946
319 750
209 211 3098 3263
2648 3426
560 964 2664 3850 4321
123 1523
846 1152 3522
1571 3562 4258
2645 2752 3634
1485 3611
100 1013 2310 2803
156 165 403 1583 3122
1309 3207
1549 2626 2952 3568 4012
2854 4254
1 3611 3963
362 3713 4298 4410
99 432 554 589 862 3376 3445
198 1676 4331
199 2747 3057
2178 3054 4026
346 762
346 1547 2206
409 1214 2277
743 1431 2488 4358
2516 4093 4395
3563 3682
737 1544 2400 2455 2780 2787 4225
1751 2201 2418 2618
2838 3837
63 3165 3338
29 756 1793
437 4278
2584 3353
11 1932
927 4019
2443 3696
1600 2949 4344
308 2128
1664 4422
703 2046
64 611
234 2549
798 1362 4185
1769 4315 4344
553 1186 1380 1587
350 2950
109 2306
3100 4229
696 3877
466 2201 2351 3026
1520 1803 2985
88 1234 2138
484 2408 3521
347 2565
1773 2961 3756 3849
1332 2371
1084 1298 2986 3473 4403
505 1516 1548
1723 3822
151 1495 2004 2612
2233 2336
1148 1829
1049 1454 1477 2695 2806
109 2451 2832 3138
1774 3246 3944
911 1592 3458 4329
1700 2961
333 2357 3708 3787 3954 4257
1244 2797
983 2799 4396 4441
1613 2271 2654
590 2189 3064
178 2431
1589 2219 3049
2416 2827 3246
423 776 1427 1655 1834 2514
705 2802 3782
484 1551 3109 3926
163 1003 1187 1357 2919 3300
691 2933
1814 2401 3866
1234 4300
1349 3002 3211
1071 2415
144 1739 2514 3970
1685 3342 4350 4407
285 334 1260
1270 2307
395 3220
1349 3388
425 605 694 1386 2178
1977 2127 3234
817 1087
2869 2974
1942 4286
1103 3303 3450 3967 4147
1956 4345
2526 3186
860 1194 1386 3604
33 4374
1214 1901 3014 3957
882 1531 3323
203 2384
473 538 3164
1487 2484 2988 3308 3479 3983
307 414 3266
852 3293
133 228 1065 2417 3312
38 835 2268 3994
2793 2943
1493 1499
2314 3586 3997 4251
1792 2987 3103
1748 3296
1615 3499
1165 3286
2548 3641 3940
1453 3880
701 1979 2079 3388
1388 4133 4447
939 1042 1516 2302 2607
891 929
490 1237 2006
514 938 4412
295 642 3741
1391 2590
1697 2188
2747 4100
2081 2197 2585 3488 3593
14 160 480 1804 2188 3097 3616 4136
2967 3755
3571 4164
1173 1364 2050 4131
1594 2435
44 4148
2513 3021
2184 2985 3651
482 1654 2308
1107 1487 2449
929 1117 1190 2573 4242
729 2442 2777
898 2311 2499 2599
1939 2062 3058 4206
106 334
614 2112 2263
1761 1809 2699
1174 3110 3753 4132
57 700
121 4300
936 1432 2505 3134
805 4176 4465
159 1481
1 576 1751
1513 1799
219 574 865 2175
630 636 3329 3905 3963
1256 1333
990 1233 1560 4056
2245 3557
111 3385 3390
1205 2172
1519 2110 3276
1951 2212
1286 3927
1062 3533 4253
1532 2812 3680
2174 3007
317 1741 3196 3218 3254
603 2516 2602 4293
1991 3388
766 1759
2482 4000
289 1213 1822 3079
2714 2850
2398 3461
95 854 2150 3697
145 1790 1809 2019 2122 3350
1686 1928 2638 4054 4131 4174
2599 2690
1737 2663 2946 3149 4124
948 2360 3347 4322
956 2334
1160 4194
1369 3332 4240
1926 4142
2291 2650 3662
2030 2572 4298
224 418 912 1706 1717 3160
451 723 3852
320 943 1641
665 1663 2436 4423
3574 3598
904 1574
2246 4306
2893 3565 4074 4110
134 1030 4322
668 2399
144 2198
144 1854 3467 3564
1316 2596 3275
703 1454 3442 3469 3749
1318 3349 3774
2081 2912
113 2834
655 796 1968 2299 2998
1123 2991 4194 4291
192 1596 1903
1217 3671
1680 3710
467 1563
1679 3187 3898
1022 2293 3799
2978 4341
1333 2723
797 1049 1459 4018
431 3096 3117 3842
2086 2582 2623
452 815 1618 3200
1159 1375
1273 2375 4294
1408 1941 2875
1245 2776 3352
202 2796 4072 4143 4236
2424 2653 2982 3641
1 1529 2407 3943
751 1627 4366
2143 3608 3930
997 2598 2897
305 1614 2424
52 303 2292
994 3985
2751 3759
737 2628
158 564 1493 3336 3995
2327 2982
1037 2110
1254 4309
101 3986
1162 2027 3436 3771
114 352 1490 2338 2725 3402
1141 2131
1954 3610
454 3153 3262
3208 3484
321 750 1101 1992 3627
16 407 1647
1015 3522
929 1013 1489 1615 2688
1433 3470 4313
591 3179
2247 2601 3724
1828 2166 2641 2870 3079 3205
1522 2513 2891 3419
2510 4040
2707 2911
238 530 3290
113 699 1945 3758 3949
2864 2972
981 1119 2606 2687 4413
238 3584 3722
2926 3829
2153 2709 3515
842 2344 2541 4325
2948 3142
450 2420
3561 3945
1089 2263 2450 3465 3572
2519 3383 4262
2378 3231
811 1725 1740
804 1176 1780 2798
962 3028 4321
1128 1705 3108
2061 3141
416 837 1890
1891 2786
2374 3480 4447
730 3219
124 337 1934
109 2941
468 642 2288 3572
521 3067
1893 2161 2298 2644 3588
2091 2945 3096
888 1602 3475
8 871 1364
1364 1896 2345 3316
1082 1647 3166 3964
820 1374 1582 2177
1508 2984
1166 1598 2026 3863
1693 1711
342 1469 1730 2346
103 1952
1134 1287 2079 2450 3653 3716
2479 3334
569 3772
1418 2083 3469
1091 2588 3042 4264
1199 1967 2956
1959 3063
1177 2686
1282 1754
1369 2001
191 1701 4024
397 1886 3943
2674 2770 3720
788 3027 3846
1341 2192 2217
385 1505 2753 3506
184 4025
1490 3577 3801
200 2901 3252
2337 2953
4106 4401
32 2014 2032 2962 3338 4127
327 1685 2675
2168 3749 4140
1297 2219 3547
732 3063 3978
223 2601 2622
1987 2411
1081 2125 2874 3312
778 1016 2481 4061 4274 4299
1013 1652 3569
2261 3983 4107
2065 2113
577 805 998 1430
2169 3062
15 2602 3396
347 3955
726 4071
1228 3040
889 2871 3800
375 1011 2712 3358 3645 3859
943 4262
902 1761 3987
362 2562 3568
219 980 2753 4087 4265
1189 1318
1067 1081 2455 2529 3068
1517 2745
1569 3713 3995
1167 3693 3769
2517 3379 3598 4126
1932 3074 4447
3097 4319
2753 3653
687 1120 1209 1987
956 2426 3135
1769 2005 4211
1415 3501
1704 4362 4446
1816 3830 4399
7 3693
1548 2858
922 1442 3205
1256 1969
677 4196
324 884 1912 2245
670 2887 2891 3285
1934 2691
682 1762
372 2815 2910 3278
812 2011 2070 2176 3961
133 829 3271 3707
1656 1824 2611 3111
1473 2126
2441 4370 4387
1473 2242 3380
2064 2805 4101 4285
1322 2247 3196 3211 3429 3684 4282 4294
2206 2713 4295
1031 3298 3931 4214
428 1245 4444
272 2423 3010
2938 4383
248 889 2496
2817 3408
412 3154
976 2140
211 419 2987
1203 3718 3935
87 1027 2424
425 4372
2766 2898
1340 1590 1655 2635 3425
482 940 4281
1357 3569
2438 2762
916 1305 2136 3211 4319
113 3625 4131 4400
2080 4345
655 1696 3886
1788 2133 2819
1698 3207
1376 2991 3642
774 2178 2346
1786 4078
198 2147 2668 2942
2852 4020
2019 3368
895 1771 2411
703 2219 2770 4403
799 988 2689
15 1859
991 3614
382 3323 3632
148 2955 3960 4021
2018 3290 4140
1353 4420
1987 2151 4034 4396
1310 2158 3255
388 1307 2005
2280 2605
343 1275
809 1127 1484 2007
3038 3099
512 1180 3124
4023 4287
113 1158 2638
1330 2378 3178 4058
583 3790 4326
1415 3946
2427 3120 4423
1513 3356 3395
1308 2656 3670
3157 3308
460 1941 2556 4148
1275 1381 2570
2739 2975
918 2958 4198
67 2079 2747
1093 3246
3146 4107 4371
1141 2153 2367
1343 1370 1986 2879
1089 2092 3288
751 2426
2359 2453 3417
1168 1230 1586 1891 2119 2879 3975
272 579 1669 4326
1635 1692 1739 3873
1217 4083
1503 3920
41 132 2345 2455 2960 4383
2660 2897 4285
1553 3040 3205 3615
363 3571
1158 2372
175 674 2039 3057 3643 3986 4292
3122 3573 4139
1302 1442 2874
2635 3301 3553 4233
1583 3059 4129
2839 3086 3588 4341
1599 3527 4342
746 2786
1982 2727
2114 3522
2598 3292
792 1054 1700
1898 2386
147 2900 4447
1262 1982 2451
984 2060 4046
737 3254
2263 3111 3673 4328
2639 3265
1142 2396
8 1942 2537 3853
579 711 728 4040 4431
1092 2836
3752 4017
1032 3161
842 1214
2658 3881 4055
666 3723
376 1160 1950 2267 3051
777 1341 3224
70 402 438
2734 2820 2898
2224 2550 4141
799 902 2996 3399 4048
76 610 1892 2360 3410
1626 1736 4115
1085 1584
392 1909 2788 2804 3189
2207 3856
119 975
433 469 3255 3395
1732 1900
1129 3128
1261 3856 4464
1961 2119 2365 3600
712 3759 3938
1324 3234
610 2045
403 2682 3152
774 1413 4055
924 1441 1589 4290
973 1731 2774 4102
603 1452
995 2107
71 1927 4008
1063 3001
348 1245 1732 3720 3890
2882 3657
162 2378
1252 1804 2654 3729
1268 2410
2298 2576 4322 4368
53 953 2982 3404 4149 4454
1096 3304
390 981 1267 1565
1996 2358 4460
2326 2782 3151 3317 3701
378 668 857 1118 1516 2835 4037
2049 2406 2872
840 2017 2576 3101 4420
73 139 3401
268 1753
2936 3601 3663
2001 3465 4302
2437 2483
801 1340 1364 3960
287 1139 4281
2723 3696
1904 2538 2584
2266 3750
45 591 2319
133 387 1078 4259
2663 3839
651 1566 2159 3159 3822
376 1968
1621 2241 2540
1264 3144
2295 3031 3707 4261
596 722 2603 4012
2147 2487 2826 3738
1646 2429 2879 3278 3560
1807 2447 2704
1050 3700 4050
478 3060 3514
1028 2428 4157
220 2350 2687
146 992 2066 3655
623 2336 2605 3892 4326
44 1774 3783 4233
202 323
2757 3325
2864 3752
1157 1840 3847
823 2963
728 1450
60 2166 3682 4124
3708 3739 4342
3659 3669
2256 2888
3284 4030
80 188
580 1813
486 1519 2646
1691 2204 3913
3962 4418
2013 4073
929 972 1829 2200
359 1606 1608
3763 4077
646 1106 1931 3125 3834 4143
3805 4017 4082 4206
1465 2152 3145 3554 4117
3792 4126
112 194 227 2553
1273 2342 3905 4363
86 4179
497 1404
386 2921 4246
3550 3863
262 718
2185 3214 4285
631 1111 2016 2833
310 962 2462 3121
539 1717
1461 2652 3228
614 1167 3302
787 1308 3510
974 1749 2086 3672
2829 3087
1640 1984 3568
1456 3933
99 2343 4237
1589 3521 3635 3661
875 2007 2767 3614
2064 3178
220 1755 2220
149 1021 3256
1808 2191
205 1045 3888 4387
601 2211 3114
873 1202 2044 2608
854 1683 2137 2658
195 2752 3481
2932 4466
728 1830 2013 2105 2186 4219
170 3053
273 3127 4009
734 2386
3367 3373
68 1338
1773 2753
1884 2194
483 583 1734 2964 3244 4017
3051 3148
427 814 1595
1056 1610 3685
138 903 1143 2395 2854 3242
1952 4113
2211 2448 3680
3234 3469
966 1366 2124 2605 3175 3944
601 901 925 1186 2770 2819
2317 2976
2148 3179 3905
2951 3503
1687 2077 3829 4426
902 3529
774 1230 3911
738 1733 2367
3280 3616
1036 4100
1120 1210
3281 3804 4304
3033 3778 3848
151 2070 2318 3943
1652 4344
2433 3200
1684 2687 3804
1384 1575
1190 1194 1244 2490 2922 3296 3380
1577 4139
1320 2337 3738
670 3374 4129
1446 3727
77 2711 3154
682 2635 2756 3924 4216
740 1991 3328 4185 4460
1046 1542
2498 2819 3434 4090
93 4373
1947 2251 2647
653 1083 1583
200 2633 3074 3878 3893
1456 2149
1815 2488
626 1679 1747 1873 2971 3189
388 1963 2891 3937
875 1929 2749
2055 2495 4164
2367 3322
1083 2223 4045 4232
1103 1244
1883 2989 3899
505 1265 3932
1200 1475
1235 2336 4154
750 2741
991 3420
1207 3944
1469 2808 4164
99 2197 3461 4313
405 814 1866
453 1471 4317
1606 3293 3682
457 1305
3822 4223
319 1678 1955 2339 4034 4140
422 888 1252 1566 2157
2958 3081
1385 1860
318 672 868 992
541 1357 1627 2729 3729
241 980 2808
2478 3426 3859
201 331 3505 3817
561 1471 3828
914 2094 2359
738 1437
52 3198 3811 4251
1631 3046
768 1530 2887
54 1087 1973 2105
219 566 4317
788 2497 3475
499 2389 3275
1589 3784
318 703 3578
575 4316
925 2537 2996 3752 4263
1069 1331
856 3906
965 1798
918 1435 4081
1576 1691 4194
1450 2593 2596 2787
1326 3265 3403
480 3379 3462 3503
127 954
465 4009 4404
907 1655 3641
390 463 1075 1905
707 1264 1753
2313 3767
1430 2073 3155 4173 4239
486 1006 2119
2075 3819 3951
547 1743 3658
1904 2507 2682 2935
275 2262 3374 3861
908 1137 4007
672 758 2445
1065 2423 4037
465 1132 3385
465 1224 1620 2301
1760 3230
251 562 871 1588 2182 4385
316 2381 4277
2468 2490 3333 3552 4106
1067 1531
3729 3876
2830 4193
1811 2177 2594 3114 3885
715 1268 3964
908 2442 3799 4249
1108 1270 3262
2796 2893
2351 4044
1010 4089
502 1186 2123
1001 1807 3126 4296
1001 1074 1117
957 3196
260 2021
672 1445 1643 1783 2675 3248 3691
495 2864 3621
222 2621 2785 3792
1574 3387
1767 4452
105 1768 3465 4445
1183 4307
1547 2962
201 3243 3792
238 3350
2203 2945
112 1714
288 530 2368
4289 4464
847 1567 2033 2566 4332
449 2422
994 1879 2014 2594
117 1420 2245
464 2694 3014 3796
3106 3124 3159 3755 3947 4103
1426 1998
767 1312 2540
2012 3549 4465
92 288 479 3417 4328
372 2368 3818
1213 3126
2304 2512
128 1415 2571 3580
1621 4434
2697 3465
2771 3178 3694
112 1341 1889 2193
1611 1695 2064 2520 3349
2107 4117
523 1419 2035 4015
332 1313 1345
170 735
412 1764 3182
481 1109 2411 3202
8 3956
39 2099
1719 2196 2727 4152
865 2285 4125
954 3188 3850
372 3106 3306 4392
43 2154 4426
3087 3664 3731 3980
145 492 1248 3052
352 2122
219 1716 1939 2163 4321
747 1368 3603
1752 2794
2400 4109
897 4029
582 1372 1577 4381
346 4031
1088 1295 1472 2855
1318 3839
3394 4323
2427 3026 3357
103 1810 2809
2630 4038
1170 3647
411 1808 4009
833 2810 3479 4199
538 1118 1362 1595
339 850 1145 1526
439 444 1564 3535
28 1433
362 515
280 459 2337
541 1807 2103 2754 3031
136 3010
353 3032 3246
126 1426 2382 2571
865 1401 2411
4 1630 2990
2 2153 2566 3937 4275
549 2890
2208 2528 3690 4277
940 2410 4416
3476 3886
858 2332 3168 3523
2144 2678 2932
3098 3804 3844
212 3519
3018 3975 4259
1697 2494
1767 2325
1407 3824 3979
394 846 1479 1573 4262
497 763 1574
1368 2266 2932
1401 4421
1228 3217
2319 2335 2543 4171
859 3390 3835
1053 2127
723 2357 2783 3271
422 1376 2298 3198
281 1381
3609 4031
1376 1741
699 1103 1362 1569 2066
422 3148
1319 2159 3973
2155 3609 3663
1133 1419 1456 3532
416 898 3998 4221
1224 1959
1092 1671
888 2954 3641
2424 2488 4126 4295
2789 3520
1183 4312
72 881 2804
3090 3153 3336
2097 3568 4089
3293 4118
1047 1330 1909
715 2566 3334
270 4193
75 1622 2767
667 2276
1020 1721 2693 3582
2548 4194
3063 3821
295 1827 3442
771 3329 4388
1334 1994 2607 2667 4451
3 214 1971
314 3189 3682
1037 1633 3071 3421 3913
1237 1386 1663 3250 4466
1557 4181
821 1576
945 2074 2744 3483 3847
1194 3172 3605
389 1416 2484 2547 3343 3519
2503 2865 3806
1216 2100 3322
931 2099 3191
181 1621 4264
15 2170 3311
1000 1594 2562
1307 1840
264 719
376 1190 2712 3504 3655 4458
2947 3044 3151
1327 1448 4262
287 1097 1556 2252
33 2896
23 1013 1520
272 982 1663 1786 2647 3310
1728 3313
2768 2899 2976 3908
2100 2285 3033 3849
240 1381 3876
406 697 2907
422 1157 1768 3784
441 728
223 2515
2658 2905
685 1648 1653 3142 3280 3365 4343
1096 4128
342 3848
1216 2228 4219
889 908 1353 2976 4035 4349
1128 1146
1732 1970 2035 3120
3909 4298
114 2863
1226 1381 2551
4201 4203 4204
393 657
197 1469 1842 2312
1288 1862 4327
1369 1448
755 935 2600 3923
1894 2512
1050 1803 2205 4462
1448 1574 2132 2255
2509 3024 3159
886 1821
1099 2875 3058
1237 3758
1530 2962
146 237 4242
440 1511 1979
133 1412 1606 2910 3282 3400 4226
997 2236 3560
1108 3145 3954
878 1263 3452
970 3917
1423 4367
3254 3859
592 1268 2423 3789
1561 2467
836 1025 2504
1158 1734 3635 3869
460 2072 2246 2636
1098 3901 4362
2505 3419 3641
706 3653 3751
2236 2866
2533 3716 4019
232 1124 1331
538 1404
479 2843
176 881 4137
1084 2281
492 3475 3713
63 927 2106
339 2029
153 3826 4192
492 3349 4060 4165
1789 4197
1765 2640 2830
2010 2200 2630 2724
391 1055 3701
1994 4387
3251 3465
2485 2704 3516
181 650
1912 2983
413 1124
1166 1819 3364 4356
1700 1970 2459 3046 3911
384 3101
1332 2805 2845 3413
2932 3068 3094 3169
364 1240 1593 1618 3141 3876 4055 4212
103 3550
1492 1662
1285 2262 2344 2823 3553 4107 4169 4372
65 774 2335 3165
34 1523 2823 3145
1412 4413
38 129 2704
2182 2490 3929
1495 2176 3404 4129
365 1570 1949 3086
2755 2787 2908
1749 4119 4181
120 2312 2622 3429
3931 4271
767 3216 4007
308 813 1604 3365 3591 3790
3265 4396
483 1232 1284
953 970
341 693 2957 2994
2590 3822
247 1283 4129
960 2648
383 3018
764 1427 2707
1559 1567 2840 3096 3990
1134 2871
610 2857
1227 1746 2166 3647 4174
800 2579
169 615 3645
957 4464
2804 3665
628 1489 2848 3106 4250
462 4305
141 2219 2925 3708
655 2049 4294
607 1971 4368
310 1411 2673 3282
380 2285
2652 4130 4374
111 1505 3881
107 124 4202
991 1721 2128
3005 3859 4120
137 531 1898 3775
976 2048 2741 2950 3386
2564 3941
892 1154 2524 2547
417 3956
4246 4459
1188 1935 2448 3120 3374
557 1472 3571 3683
16 1077 1829 2954 4035
1226 3795
1588 1599 2077 2633 3179 4127
1886 3101 3239 4422
132 1381 4227
1350 2403 2441 4346
2882 3497 4050
2115 2283 3918
1101 3081
103 2126 2306
399 2619
1249 1732 4026
132 444 2547 2757
1577 3779 3913
3993 4369
443 2676 2833
287 1513 2650
310 1174 1631 1803 2176
802 2830
986 4399
680 2725 3007 3809
1040 3261 4056
645 849 2086
1892 2004
996 3993
1837 3293 4109
179 1075
799 3718
2619 2633 4359
1172 1668 2809 3413 3601
369 3922 4436
2363 4068
321 326 3251
936 3617
367 1374 2939 4213
1530 2276 2816
67 1036 1450 2011 3581
1708 2361 4348
66 99 351 1137
501 2613
345 1036 2344 4447
1162 1435 3126 3701
2039 2203 2667 3524
1512 3744
2514 3072
1303 1737
202 2079 3158 3741
1850 4069
3048 3051 3767
2716 3264
151 815 891 2234
708 1754 1862
1595 1794 2126 2830
459 2471 2560
568 2767
915 3493
805 2377 2612 3304
901 2671
1888 3474 4264
2757 4163 4358
899 2866 3761
2208 3632
4266 4364
3225 3328
384 4456
1106 1692
945 2445 3761 3998
225 2414
9 1162 2927
648 760 994 2257 4254
1819 2116 3333
430 493 1861
1482 2273 2306 2409
1622 3998
2199 2987 4312
527 921 1449 3277
407 1854
1985 4188
700 3397 4245
115 1247 2009 2050 3304
1648 2816 4440
397 3159 3335
184 349 940 4342
475 901 2155 2391 4057 4360
535 3090 4055
300 577 1078 3919
1144 2161
2124 2720
651 2415 4017
930 2625
2265 2756 3486
18 1100 2722
246 915 3241 3426 3498
620 1221 1336 3302 3670
1194 1836
469 1143 1506 1797 3605
829 1605 1608 2361
2997 3508 3937
1960 2068 4441
59 1148
380 1885
37 1879 1940 3193 4422
90 908 3802 3859
1774 3825
1241 2873 3529
1295 1493 1669 1919 3224 3403 3541 3755 4143
1365 1662
2304 4272
395 396 2731 3689
1566 3998
378 2345
1016 2294 3887
774 4023
267 629 3988
2833 2838 3278
3386 3537 3654
457 1249 2391 3576
1525 2275
586 983 2358 3551
2675 3450 4389
454 1209 2078 2659 3452 3896
2218 4252
958 1709 2766
601 1855 2451
2116 4466
2368 2422 2454 2880 3085
1257 3562
2392 3843
407 3473 3768
33 325 1372 2380 3403
1789 2345
1700 2896
2505 3945
1501 1756 2967 3168 3805
280 633 2392 2946
1320 1648 2357 3792
2472 3422
624 1894 2357 3030
2869 4160
371 712 1290 3549
2208 2658 2701 3987
2691 4382
2001 2151 3175
1010 3142
927 3144
236 549
2452 3334
1662 4209 4243
406 1188 1746 1924 2161 4205
82 671 843 949 1322 2808
1599 3855 3961
560 2921
2958 3664
1677 2283
418 2086 2631
492 683 3543
685 1065
1058 2797 3651
646 2813 3984
3392 3702 4142
354 1027 1043 2136 3435
1662 2349 3399
2046 2278
2340 3043
736 1520
1128 1375 2253 3968
3989 4314
1995 2443
242 1881 3770
1640 2686
2311 4296
2024 2792
446 918
790 948 1187 2233
316 514 776 2113 2354 3732
2031 2339
283 1342 1593
836 1542 3207
1133 2169 2787 3788 4020
1769 2528
432 1334
1435 1830 1894 2851 4161
993 2376 2538 3685 3717 4109
899 1534 2408
490 1344
1120 1937
840 2659
1494 3125 3655 4456
334 495 2207 2431
30 272
169 3211
313 1072 3250 3559
74 1992 3187 3540
2890 3612 4219 4237
1705 3644
1948 3147 3481 4465
1782 2141 2299 3024 3708
2550 3433
224 494 1625
568 1708 3759 4179
14 1848 2250
683 785 4055 4403
67 520
1725 3775 3887
885 1120 1416
517 3669
370 2003 2349
2053 3262
1452 2176 3374 3750
2010 2090 2516
899 1821
3246 3817
1336 1441 1997 3217
991 3527 3976
167 553 2491
291 2756
761 4164
1547 2578 3596
3217 3406
801 2335
1588 2313 2551 3001
1396 2044 2579 2904
1416 3000 3026
1948 2354 2648
221 411 2348
2336 4458
48 712 2033 3933
1500 3226 3536
736 1545 1627 1685 3934
2027 4431
3240 3902
1740 1911 1979 3819
1739 2149 3628
2205 2416 2562
3263 4056
685 2606 3473
2154 2502 3346 3854
760 2513
1208 1726 1953 2410 2450 3799
1104 3140 3276
616 761 1307 4046
418 1166 4013
570 737 1067
1365 3312 3675
787 1414
81 3200
481 2688
1746 1877
2 782
1869 2971
2102 2468
1220 3245 3973
3329 4230
431 1359 1715 3076
438 2659 3826
644 1529
620 1119 3678
1917 2696
3323 4466
360 4237
19 517 1087 1960 2373 2848
595 1974 3034
2664 3767
1059 1928 2242
95 4289
2612 2761
3391 3511 4159
1052 1230
631 3610
678 2205 2360 3123 4154
336 737 3019
651 1361 2596 4039
551 1012 1802 2027
3827 4080
620 2881
1824 2036 2690 2930
240 360 2087 4336
608 1466 1624
2550 3852
821 2888
912 2859
659 2929 2966
493 2975 3270
1007 3250
1108 4086
554 1027 2360 2756
565 2966 3434 3873
902 2323 3600
4322 4440
843 1875 4448
177 378 3424 4233
295 721
801 2425 3332 4413
486 1656
1067 2214
255 1874 3371
2388 3916
1156 2081 2285 2423 4199
427 3872
584 4051 4066 4073
1078 3635
185 2329
2349 2885 3579
858 2308
728 1720 2438 4197
1657 1725
289 589 2792 3258
1018 1911 2881
1343 4135
131 1088 3229 3849
515 1863 2914 3943
111 1049 3293 4048
271 3018
411 1214 1602 2471
1432 2438 3855
1212 2949
198 1873 4112 4139
1574 3463 3476 4105
736 2352
2421 3855
486 600 1340 1493 3896
2501 3302 4025
895 1541 2848
1739 2648
389 3645 3741
1544 2058
421 2424
545 1753 1769 4344
1091 2750
574 3504
794 1752
785 2874
558 2408 4317
1972 3584
1391 3295 4058
602 3153
1645 2330
1113 1369 2133 2738 3713
2975 3892
45 825
845 1903 3579
1348 4106
318 959
1017 1462 3156
1020 1560 2238 2923 3856
3284 3815 4082
3731 3993
983 1858 3619 4193
398 2261 2837 2958 4388
129 1016 1168 1229 2974
1452 1969 2319 2443 2949
1009 3191
159 1438 2181 3011 4170
115 3070
227 2544 3577
2232 3249 3870
160 1322 2105 3209
393 1560 3782 3917
839 851 1650 2052
3043 3273 4320 4407
2408 2646 3909
446 512 1179 1773
2137 3280 4140
1419 1894
2296 2763 2875 3033 3376 3571 3887
1669 2274 2722 2929 3052
645 1098 2147 2915
257 3435
158 304 343 966 1475 1483 4190
1350 1541 3245
1598 2017
1884 1989
350 2782 3393
1562 2044
477 502 3001
993 1321 1497
1571 2641
1110 1362 2710 3113
2315 4390
1549 2616
3200 4367
415 1687 4276
156 3867
1501 1878
66 2200 3205
64 976 1666
2175 2329 4054
4027 4232
205 779
285 846
1631 2790 3601
23 369 752 1608 1697 2976 3112
916 3707
1761 2336 3594
302 2556
103 2495 3669 4340
1570 3706
2166 3764
2425 4172
17 1225 1805
2189 4254
1240 1721 4420
1800 2100 3966
988 2019 2860
919 1019 1663 2948
1184 1817
324 1607 1760 3120 3456 3819
1560 3647 3870
490 1075 2030 2736 3190 4343
837 2275 3513 3843 3901
175 1082 3873
1485 2960 3533 4037
2584 4211
2221 3709
264 418 501 507 3580
2848 4100
2566 3220 3777
2842 2954 3368 4211
922 1510
95 2191
56 2114
385 2410
1240 2032 2438
2478 2935
1252 1743 1908 1959 3161 3972
1176 2967 3647 4336
1455 3326
479 2214
191 1642 3102 3401 3904 3971
2664 4205
1596 4169
395 1906 1960 2312 2820
259 2306 3432
477 3316
1139 1713 2706 3889
2633 3283
1095 2650
45 51
563 1621 2476 2921
470 1524 2167 3693 4339
1184 3141
719 894 1157 2207
2138 3495
1807 4241
165 3247
616 3622
1642 3911 4098
575 926 2032 2276 4003 4189
1319 2181 3585
1754 3219
2642 2976
1626 1783 2361
3481 4297
312 1247 3182
66 198 3220 4128 4204
788 2566
733 1036 1809 4374
3496 4052
858 1237
433 1849 2326 2764
2183 2937 3316 3335
1585 2917
1533 1786 1823 3232 3901
533 3810
221 2998
7 209 214 363 1956 3200
3011 4395
804 4164
803 811
2302 4054
1528 3426
580 1690 2521
1194 1497 2448
713 853
395 3342 4199 4410
2516 3438
2772 3784 4093
1821 3652 4434
1805 1838 3976
1520 4230
2807 3445
590 1658
457 1151 3506 3800
133 1318 1329 1825
104 697 3388 3434
348 1747 1957 3617 4261
508 3838 4026
1087 3685
1331 4022
332 1247 3498 4176
1514 1716 2642 2657
219 1047 1681 2639
2374 2506 4259
1059 2300 3571
1207 2286
1689 1723 3903
359 3028 3861
2564 2611
850 3588 3827 3944
1167 1818 4346
218 2954 3902
17 2384 2925
617 1655 3768 4356 4379
879 931 1104 1471 4390
854 2465
535 908 4118
2731 2773 3814
2186 3460 3506 4194
196 362
400 1823
549 3033
28 1719 3673 4428
1854 2589 2611
1118 1339 1501 2142 3321 3890
769 1549 3845 4071
2591 3622
940 1642 2008 2181 3713
3069 3812
915 2514
2535 3415 3533
4216 4406
3092 4462
253 424 561 1994 2989
335 1048 2912 3118
2668 3025 3753
672 857 2317
251 2858 4119
945 1336
282 1380 3615
2787 3441
293 643 3824 4427
965 2305
200 804
557 3825
1550 4061
2655 3603
1368 1772 2896 3918
664 2209 2960 4180
363 1857
861 3160 3832 3978 4153 4394
501 556 1079 2507 3245
1618 1733
3365 3366
60 2421
271 503 2872
2823 3164 3966
1326 3505 3835
542 1803
1514 3333 3677 4154
327 2475 2846
1767 4196
651 1363 2591
1587 1836 2046 2168
1965 2760
1953 2171 2261
992 2136 3278
2325 3759
1392 2021 3994
2302 3305 4224 4460
1417 1970 1975 3190 3211 3940
988 1829 2231
114 871 1059 2035 3156 3543 3616 3673
558 2457
1293 2236 2926 4112
339 1359
1050 2921 3537 4050 4308
1192 2041
1616 3587 3703
48 1151 2828 4106
1668 3269
861 3149 3418 3750
122 1589 1608 2234
256 1810
426 2043 2767
1825 2577 3952
918 1214 3352
3490 4365
804 3004
1065 1414 3212
1586 3189 3746
1177 2640 3528
73 1451 3249 3609
2351 2406
2016 2254 3744 3843
741 1796 3824
1874 2944
1521 3238 4365
1195 1423 2204
1334 1543 2015 2725
397 1175 3581
174 4445
41 3406 3839
3505 3643
846 948
2036 4314
226 1707 1823 4373
2247 3169
1860 2369
1796 4459
1917 2437 2770 2843
378 3738
1077 2226
3871 4238
1069 3146
1112 1524 1788 1834
877 924 1028 3583
3583 4121 4294 4346
181 1753 2358 4035
967 3895 3932 4076
2518 3082
58 625 2531
1989 3386
232 4038
2641 2922 3669
1944 2454 2854 2966
2962 3058
29 431 3105 3541
3487 3851 4271
103 987 2482 3754
264 3613
3160 3984
810 2356
3165 3959
275 1410 1900 3347
3467 3536 3689
126 2552
558 1003
519 654 3245
2095 4312
450 1013 1451 2205 2509 3662
1307 1321 1910 2675 2680 3057
694 1226 4221
1640 1699 1965 2742 3013 3146
3491 3555
2189 3752
1914 3474
479 1210 1599 1606 2589 3272 3310
537 2727 4366 4392
148 2374 3590
2074 3281
372 1807 2989 3531 4224
551 862
2182 3905
1454 2999
782 2269 2515 3677
462 927 1413 3560
2472 3931
3889 4216
1679 1700 3217 4005
1078 1712 2892 3041
493 2305
1242 2197 2213
1065 2492 4435
635 666 751 1258 3549
1439 3961
76 2774
403 1858 3489 4120 4281
1281 2093
993 4337
795 1148 2147
2604 4374
3045 3757
809 998 1514
251 774 1395 2323 3102
795 2876
1851 2639 3655 3978
1149 1581 2071 4439
1670 2863
513 1106 1214 2990
2177 3325
939 3848
1120 3187
218 460 2243 2351 3908
3496 4267
1956 3009
4075 4284
1548 2783
398 1054 1805
2945 3326
643 2491
715 2842 4072
706 843 1951 2833 2987
164 1889 2663
648 3359
37 255
359 2509 2960 4426
44 2869
2312 2698
290 690 1110
1995 4050
288 3259
682 2891
2113 2800 3760
1597 3977 4425
1894 2469
628 835 2565 3548
810 1072 2558 3009
264 426 1802 3104
656 1588
1405 3398
794 1308 2544
392 2276 3127
1121 3338
1936 1977 2461 2929
2626 3977
377 1514
453 517 1860
1134 1321 2759 4121
584 1471 2903
1382 3196
1812 4338
513 649 1126 1162 2049 2500 3009
3905 4444
1362 2308
160 613 2078
637 1906 2999 3535 3658
1627 3141
1072 1952 3333
1598 1807 2441 2601 3642
1008 3149 4289
258 678 916 1614 4291
911 930 2321
1016 3821
422 2098
1337 2482 2781 4439
587 3074 3150
1263 2819 4107 4148
974 2336 3292
1874 2368 3627
2330 2538 2806 3360 4142 4246
155 1500 4253
2594 3505
1209 1626 1697 3528
2186 2288 2386
2947 3899
696 801 3173
1177 2471 3884
1458 2500
2437 3901
666 965 2758 3532 3849
2626 3267 3273
3949 4147 4212
1751 2794 2996 3035 3055 3842
397 3454
811 2837 3944
450 3086 4032
286 4346
403 547 563 3976
405 4071
1566 2880 3957
883 3534
2528 3162
824 2822
89 1387
80 450 2120
96 728 2382
417 2499 4185
1816 2274
643 990 2580 4037
2197 2510 4236
2509 3213
1415 1706
1577 2724
1429 2863
244 1138 1871 3021 4197 4358
580 4093 4172
44 1333 1894 4341 4466
183 381 1927
675 2528 3990
2866 3401 3936
828 2194 2923 3587
1612 4467
889 1328 1903 3588
796 1687 2554
262 2742 3529
3327 3635
2805 3231
554 1960 3065 3328
2385 3452 4243
1316 1460
296 2498 2768 4245 4459
1699 1843
258 3155
1071 2387 3118 4200 4271
518 2064 2068
10 1293
6 1099
2826 4452
287 1568 3652
287 4132
95 969 1997 3511
1617 2741 2747
1578 2891 2958
1134 1726 2644 3367 3927
557 903 2628 3639
1701 3391
2706 3997
1978 2197
171 545 703 1324
92 4059
36 529 3044 3675 3974
971 1500
214 1516 2255
590 4415
1667 3991
1530 2204 3026
2354 3870 4059
564 2872 3152 3797
13 1342 2772 3965
1046 2013 3144 3840
1145 1396 2182
1349 3060
1593 3977 4357
2392 2400
1315 2167 2826 4386
260 3119 3714 4452
586 1098 1705 2124 2531 2724
3139 3717
156 654 1953 2367
236 2698
132 919 2572
132 740 808 3549
2017 2395 4357
706 2850 3504
1793 4054
100 1508 1556 2225
168 1401 1660 3329
2341 3165
1956 2094 2659
220 600 1381 2723
2289 3249 3942
335 802 2982
847 949 2274
857 3041 4143
1370 2019 2905 3991
866 1746
1475 1776 3072 3369
699 1104 1375 2652
1286 1502 3245 3435
167 2575
249 3890
232 840 3598 4265
1394 1822 4173
167 4255
3779 4385
889 4169 4269
448 2343 2683
1084 2598
249 2706 3324 4320
440 477 1313 1498 2247 2580 4224
857 2687 3919
2086 2987
588 2048 3708
997 2008 2597 2749
398 1805 3756 3934
119 2634
1290 2199 3413 4368
821 3162
670 953
407 2455 4185 4455
2419 3028 4318
622 1983 3541
1886 2255 2270 3652
3994 4025 4242
997 1464
1030 1217
2860 2869
1338 3254
650 4286
615 896 3357 4403
177 3120 4318
1353 1409
464 2050 4387
782 1469 1747 3646
2725 3463 3787
2200 2936
3085 3437 3696
1891 4093
684 884 2305
584 1001 2508 3927
859 1620 2663
1385 2560
2103 2963 4215
3387 3653
1124 3411
287 568 924 1265 2258 2407 3256
1082 1780 2861
976 3299 4051
300 2246 3595 3867
221 579 1102
864 1507 1609
263 574 2511
966 1475
979 1108 1596 3461 3939 4200
925 1286 4395
200 1018
858 2173 2491 3056 3558
542 1723
3275 3706 3722 3768
183 1588 1937
901 1567 1989 2497
79 618 1814 2417 2792 3357
411 1302 2528
2039 3757
2250 2598 2689
1084 1900 2171 2791 3597
1261 1382
1145 3312
642 3475
1155 3067 3550 3842
1466 1705 2955 3735
907 1585 2493 3042
456 4128
329 2424 4199
2791 3977
2200 2445 4272
115 773
1416 3602
2272 3144
844 2468 3766
1040 1136 3096 3341 4430
1328 2468
26 1209 1451 2764 2896 3488
319 3473
278 1262 2431
517 1830
2682 4189
803 2495 3653
766 897
450 1805 2009
1013 1127 1506
84 496
749 2128
1256 1646 4000
515 769 1027
513 2427 3155 3197
1107 3207
670 737 2889
412 2053
1562 4272
305 4260
2214 2226
493 1860 1897
1700 2427
164 1330 1889
967 3220
2700 3789
403 1776
2645 3167
1821 3655 4155
149 1710 3762
318 555 2765
1062 2132 3733
46 2361
441 3494 4267 4450
475 4201
1537 3340
1409 2163 2249
3987 4026
465 4398
157 793 1475 2133 4073
1671 2742 4197
454 3368
260 971 1710 3961
1011 1808
2396 4178 4243
296 641 2815
767 1455 4268
902 2695 3902
161 1051 1886 3700
414 2891 3002 3682 3841
955 2043
3532 3714
271 602 1685
1266 3893
1234 3921
408 3141 4123
2117 3034 3038 3504 4322
2350 3925 4387 4442
312 2188 3113
483 1711
1688 2099 2668 2683
549 990 3021
124 1339 3919
792 1450 1826 3741 4216
2861 3019
1447 2528 2667 3634 3999 4287
110 1765 1934
2701 3574
3415 3453
1040 4354
645 1514 1900 3671
781 2557 2690
2298 4288
344 853 2239 3831
706 1958 3714
100 166 479 2072
1460 2792
884 1541 1793
942 2292
2566 3248
3 1296 1803 3263 3368 3606
1469 2119 2361 4450
1384 3162
1604 4278
269 2374 3677
1 651 1697 2842
1635 2750
369 425 648 2742
355 2579
123 279 984 1918 2714 3072 3655
1880 1911
1645 2132 3152
2082 2168 2650
200 679 2064 2341
444 756 3114
1822 3827 3932
521 1765 3024 3819
3217 3936
2122 3557
2053 3145 4206
2095 2599
204 583 3277
301 1267
689 1035 1810
195 1875 2459
130 470
3802 4004
180 696 2644
417 898 3007
346 1002 2642
469 1666
1160 3149
1218 3305 3858
1161 1927 2629 3216 3776
102 1421 2224
2224 2592
1899 2971 3057
906 3903
306 539 1239 1878 2468 2832
605 2384 3041 4135 4388
1137 2528 3568
260 615 798 2747
886 2811
110 210 2797
459 1461
1319 2836
1504 4068 4318
2116 3930
1385 1774 2467 4143
1430 3570 4060
216 2369 2985
486 2039 2675 4410
204 2182 2642 3031
127 271 1891
562 3689
3492 3950
2151 2814 4041
806 3267
2396 3940
1148 1239 1741 3292
261 792 3934 4014
1624 2697 2772
402 1786 2282
1261 3030 4379
1162 1832
480 2718
42 919 2362 4049
244 2288
981 1566 1886 2905 4442
206 1747 3437 3511 3652 3859 3895 4319 4418
3026 4287
15 1868 1876 2178 3650 4047
1445 3844
641 982 1328 4120 4381
119 3138
62 1295 2038 2086 2388
1100 3201
1224 4239
1831 2446
408 1993 2903 3827
1252 1402 2290 2392
359 1599 3434 4180
2808 3822 3877
410 1493 1847 3157 3529
2456 3370 3686 4320
454 2781 3285
180 888 1569 2079 2979 4179
1026 2660 3800 4263
327 1903
2530 2810
2030 3360
2328 3594
991 1955 2226
108 1384 2620 3743 4210
1840 1843
2662 3129
3367 3533 3904 3936
2341 2698 4051 4334
316 2167
1460 2073 3125 3953
535 2057
116 368 3825
1189 1977
1021 3315
669 1945 4025
608 4048
2424 4221
147 1227 2865
939 3677
685 1895 3076 3553
36 930 3247
222 259 260 1318 3336 3806
160 870 1248 3651
3626 3984
1195 3157
2305 2376 2772 2944
3310 4266
309 702 2339 3734
163 762 2373 2840
114 1127 3173 3212 3282
1734 3128
693 1745 1849 4384
383 953
584 773 1657 2399
3292 4467
1026 4446
3480 3551
1030 2177 3037 3941 4414
274 2214 3334 3686
576 970 2033 3791
1966 3145 3380 4024
604 826 1806 3066 3978
394 431
2041 2451 2559 3715 4399
402 1137 2660
357 1856 2170 2605
1898 2342
20 3587 3749
165 3236 3709
764 1799 3140
1097 1680 4297
130 3588
1382 3068 3773
2462 4433
1913 4418
338 1943 2529 4451
1563 3388 3469
1340 2267
1469 1654 2806
211 1902 2462
296 1416 1845 1993
2541 2902 4021
496 2238 3883 4126 4166
970 1181 2856 3532
1080 2604 3157 3775
369 1195 2358 3433 4066
1493 4008
321 1974
1620 2698 3561
1584 1643 4084
1822 2117 3689
369 371 1791
2055 3834
1927 4018
1112 3353 4091
3273 3303
283 339 3904 4127
2510 3924 4334
3097 3102
2395 2897
2418 2469 2509 2616 3039 3800 3834
507 824
2048 3079
1411 3970
171 3186
644 1274 3474
559 640
29 142 355 1324
179 785 1578 2021 3234
757 3481
1317 3283
2268 2320
1853 4031 4281 4358
129 512 1755 2729
150 3978 4055
261 3308
3005 3423
826 2391 3384
160 878
207 3418 3898
1098 3513 3535
3242 3302 4275
1768 4222
280 578
3216 3603
26 2838
891 1985 2481 4307 4367
1011 1211 4329
144 3870
11 2113 2319 2866
166 1964
3373 3617 3961
160 1056 1268 2372 4162
1739 1777 1957
2976 3087
469 2346
1426 2590 3923
1912 3863 4235
3642 3703
721 2545 3510
359 868
982 1303 2882
609 1942 4060
569 1258 3104
972 1003
356 725 3206
581 3780
2085 3951
607 1129 3015 3957
1387 3466
1244 2593
483 773 2344
1118 1203
799 1832
1450 2915 3062 3450
2143 2977 3036
74 2083
227 769 1126 3716
158 3557
2532 3791
1816 2936 3179 4226
627 2406 2867
213 2327 3275
801 1259
2277 3258 3858 4349
2059 2605
1259 3535
481 2899
806 1039
1643 2710 4432
456 1394 1522 4414
3269 4010
3304 3775
3002 4018
1826 2860
381 1662 4119
758 2711
1186 2302
940 1183 2068 2158 4101 4435
2280 2564
2843 3251 3836
705 3087
368 1202
552 1202 1374 1460 4211
980 2652 3447
594 1680 3012 3170 4277
57 151 1144 2474 2669 3798
433 1711 2462 3055
2131 2422 3673 4179
2557 2660 3392 3695
408 733 2334
425 3717
945 2438 2993 4462
646 1904 2333 3067 3826 3985 4449
129 4347
1286 1895 3376
1173 3231 3315
1955 2317
1023 2591 3421 3481
1504 2750 4165
130 206
949 1848
607 983
380 721 809
426 3538
2436 2446
998 3191
71 1841 3684
577 1431 3258
1863 2060 3564
598 4363
837 2626
2834 2921 3537
489 3054 3621
872 2795
1175 1370 2452 3368
2860 3180 4260
1961 2564
1967 2876
1257 1414 1649 2900 3423 3614
118 403 958 1431 3130 4013
129 933 1364 2130 2717 3278 3566 3884
2024 2695 4243
989 2048 2572 4407
222 553 2958 3356
11 3531
471 1294 2975
858 2892
1637 2176
463 1824 3774
1063 1569 1789 2799 2827
2085 3322
78 667 3498 3728 4097
758 1860
781 1979 2551 2633
98 2032 2857
1771 2102 3857
2307 3494 3921
400 3976
2060 2764 2892 3958
1927 2536 2985
2060 2207 2862
3086 3483
2670 3055 4394
845 3756
595 1439 2588
597 1854 2081 3081
100 2338
368 1242
616 1081 1436 1912
1790 1929 3098 4005
741 812 1381 3079 3658
1637 1874 1900 4085
89 2427 4387
1970 2937 3598
1459 1588 2038 2607
33 1576 4314 4367 4453
1640 2183 3741
1505 4146
871 2799
198 816 3242
2631 4080
248 932 1104 2779
3215 3248
275 580
145 1931
1223 1306 3126 3244
130 870
3300 3844 3920
2009 3750 3770 3919
1538 2969 3155
345 614 2385 2550 2834 3591
1465 3912 4107
226 1248 1863
81 736 785 1221 3986 4253
1778 1901 3417
1167 2251
1695 1823
63 1011 2420 4046
2111 2200 3764 3890 4198
42 2689
2698 3558
430 1215 1669 3354 3835 4060
1961 2569 3614
750 2420 4384
659 1645
20 640 1249 1768 4339
1195 3674
124 794 2056
1313 2834
1618 3473 3536
1512 1517 2767
575 1671 2537 2762
1092 2589 3152 3381
1415 1432
539 914 3450 4390
112 115 1320
1946 3107
336 2194 2643
640 933
1199 2239 3781
541 3598 3803
2101 3736
739 1190
1047 1896 2317
1688 1709 3173 3919
1936 4430
1426 3372
79 302
1002 2060
1002 3816 4433
3248 3640
2207 3703 3835
875 1075 3236 3974
1200 2074 2495
971 2080 3027
872 2183
1507 2041 2859 3913 4031
1384 2440
2870 3862 4095
1149 1340 1667 1742 1822
376 1616 2750
595 1022
165 2127 2780
715 2628
119 876 985 2880 2928 3245 3749
480 891 1579 2526 3291 3559
1415 1971 3953
3160 3930
648 1462 2434 2509
205 1516
1640 4357 4458
262 343 3662
59 278 1967
2092 2403
1233 2028 3779
36 474
2557 3744
1358 2412 2518 3399 4452
78 1227 2645 3967
2229 4147 4285
805 859 1699
507 1217 2419 2967
48 1721 4215
185 3957
835 1429
2647 2953 3711
2892 3985
1948 2324 3463 4119
78 2111 2366 3153
557 803 4135
54 4351
33 578 951 1163 1953
1402 1699 2786 4390
1228 1427 4259
38 2195
736 1343 3421
1578 3608
981 1655 2791 3715
1017 1037
1280 3138 3498
164 718 1450 1712 4157
139 4297
1114 1228 2842
1472 3444
911 2603 4410
1753 1888
738 3041
2686 2850
1215 1773 2558 3749 3914
431 1355 2202 2662
2309 4198
861 2542 3081
35 3010 3809 3882
595 878 2047
395 606 4274
2723 4072
1192 2462 2996 3524
981 3392
834 1562 3455
628 2096
514 1122 4113
870 2518 2642 3175
1959 3012 3938 4278 4322 4369
706 1330
1458 1773 3601
765 786 1554 1795 1930
760 3612
1068 1824 3329 3613
1987 2042 3573
1302 1915 3290
99 540 750 3763
761 3345
165 356 2053 3495 4027
1512 3624
280 437 720
2943 3132
2408 4418
586 2458 3325 4370
2181 4055
349 385 2854
1897 3620 4081
830 2221 3432 3894
869 1098 1926
108 1509 1755
469 728 1878 2116 2519 3909
496 795 859 1091 1454 2608 2644 3145
300 961 1412 2155
1011 1104 1700 2788 3014 3078
2267 4192
1403 2085 2983 3428
2130 3261 4065
1032 2265 2497
331 2255 3216 3672 4409
1220 2196 3810 3856
1008 2669
509 1808
1916 1972
418 2593 3611
1535 2875
948 1075 1195 1838 4451
1775 3602
1514 3339 3716
2 314 748 1867 2249
38 3463
568 1480 3223
220 1169 2774 3143 3375
71 2781
77 869 1546 1887 2808
876 2446 3892
591 2859
3122 3336 3370
3847 3920
2515 3791
122 713 3907
3824 4203
1710 4394
1275 1754 4180
2181 4013
826 2376 3097 3655
81 1978
1024 3598
920 4324
743 3117 3700 3787
1424 1708 3153 3513 4423
1372 2255
185 790
553 1196 1460 1750 2854 4019
2497 3804
2249 3480 3705
146 2479
2151 3183 3960 4262
45 3386 3670
512 748 3435
1490 1648 3542
1100 2268 4039
375 2201
858 2156 2579
325 4140
2202 2752
2315 3018
278 683 3260 3801 4423
13 1703 1761 3029
2400 3164
451 2981 3237 3324
416 2859 4294
584 749 3269
1934 2735
352 2111
316 708 4343
827 948 2302
236 2958 3277 3545
462 1046 1830 3050
3181 4465
1853 2130 2210 2753 4426
1141 1220
3757 3778
1825 2914
600 4189 4385
2321 2371 3013
510 2987
148 2094 2319
531 1917 4422 4461
2617 2729
791 1619
629 1109
1771 3470 3581
202 1140 2490
1009 1663 2020 2388
298 3371 4143
2829 4056 4404
477 878 2925 3418
2823 3339
1326 1779
1468 3296
132 2431 3302
2442 2528 2670 3009
1553 1965 2450
1038 1360 2538 3558
802 2388 2836 3053
67 1552
418 2000 2109 2328
184 1696 2952 3334 3944
709 1575 2882
2155 2417 3386
740 1693 4161
1995 4341
909 1710 1771 4422
535 1230 1416 1537
1875 2823 3209 4186
3044 3870 3951 4351
805 1632 2595 3435
1860 2161 2937
464 1292 3755
930 1298 1307 3938
2161 2345 2606
2008 3805
146 3825
2664 4185
2967 3569
1549 1719 2785
152 562 2402 3997
774 1258 3652
1409 3834
119 2042 3333
282 3853 4368
886 2517
486 1243 3954
465 2113
1138 3986
2293 4445
3032 3885 4446
275 2325 3172
589 4323
1642 1813
92 2429 3778 4154
1038 1860 3108
182 426
356 1524 4017
16 3388
1839 2251 3864
2444 3543
1181 1689 1819 2268 3282
381 4007
419 1563 2583
1077 1503 2807
924 1426 1693
305 422
605 853 3413 3842 4037
1320 2545 3761
1289 4055
756 923
799 2195 4452
226 3038 3885 4042
909 4374 4390
1628 3216
2591 2792 3025 3328 3632 3877
803 2873 2903
3468 4327
332 705 1491 2234
2295 4001
676 2808
610 1302 3752
707 1475 2334 4220
213 964 1409 3040 4313
1859 3019 3739 4404
555 760
70 751 1353 2937 4142 4158
1092 1606
84 504 3205
481 515 873 2662
774 3249 3627
204 1261 1981 2516
284 3551 3775
1301 3352
297 625 1408
1221 2959 3141 3262
1962 4325
218 548 1838 2226
504 1650
2977 3069
702 1401 2338 2663 2885
2650 3467 4418
165 1153
983 1654
233 524 756 1203 2488 3184
646 1685
1269 1718 2325 2664
808 4186
3460 3773
1191 1300
137 1067
2457 2567 3149 3226
1367 2477
837 1156
711 2068
475 1095 2018
359 2127
1006 2700 4278
2802 4036
413 666 3136
195 1606 2017
1380 4182 4264
1220 2178 3651
270 1136 2055
1210 1929 3191
528 1708 4389
2097 4305
1724 1935 2237 3285 3650
412 811 1641 3182 4162
8 558 2946 3875
415 429
314 1243
10 1369
477 3078 4108
808 2094 2358 3116
1020 3004 4253
643 4414
562 3161 3688 4230
3070 3922
1264 1639
1095 3876
1481 2701 2854 3289
2709 3150 4100
2692 3125 3844
984 992 1766
605 1936 2779 3967
1445 2900 4430
1295 1458 3452
206 1280 1975 3100
473 1158 3002 4314
1439 4313
1647 3653
884 2030 4330
55 337 1179 3033
69 4101
1969 3251 3455 4410
2627 3372 4431
584 976 2782
2971 3496
401 4112 4273
1526 2742 4367
2791 3204
2731 4322
1361 1394 3423 3532 3577
234 882 1607 3503
315 3573
1386 1407 3331 3735
993 1379 1616
1206 1527
487 1645 4355
612 3064
69 2211 2876 3033
672 805 3360
282 3467
2451 3503
448 902 2706
2908 3734
1677 4001
1283 3182
2946 3126
303 3557 4264
77 185 2266 3308
51 459 791
594 4027
60 2059
1032 1835 1947 4159
3923 4035
179 1072 1862 2543 3309
1974 3407 3711
507 2080
667 1002 1556 3565
2325 2703
1667 3051
96 3611
461 2542 2747
328 1069
643 2392 3212 3324
1045 4113 4261
819 1918 2118 2620
435 4201
571 1251 2477 3419
1418 1626 1956 3432
913 1311 1664 1984 2274 2859 4376
17 1648 2527
37 2428 2968 4041
2898 3931
873 2391
2065 2386 3082
2872 3846
2872 3656 4456
83 569
486 1756
2563 3665
2979 3392
608 4013
569 1280
226 1109 4382
746 1210 1783
1830 3564
951 1648 2098
465 2526
736 1611 3151 3172
531 2558 3608
1610 1678 1904 2131 2304 3778
264 725 1443 2331 3071 4094
1602 2439 2660
2603 3358
81 1758 1898 2047 3822
337 537 1905 3010 3182 4232
934 3057
1800 1949 2415
2276 3597
1820 2233 2262 3490
2492 4057 4345
144 2494 3308
111 1044 2754 3439
1327 2512
1480 1762
1975 2497 3850
670 982 1917 2884 3814 4400
1941 2601
3854 4191
2679 2787 3537 4292
2478 3248
2502 2910 2954 3241
536 1303 4327
926 1210 3570
1412 1791 3869
2086 2846
1771 3668
2788 4239
1679 3207
1760 2654 2847 3874
2199 2287 2370
646 960 1272
2172 2775
109 374 1463
121 1695
2035 2602 3483 3871
701 2780
308 1208 3029
43 1046 4038
1185 3345
713 970 3471
1145 1543 3895
131 472 1027 3742
218 723 2750
1977 2221
1365 1722 2132 3809 4402
174 1517 2900
714 1380 1946 3834
1851 2270
3274 3909 4316
221 943 4080 4407
80 1236 1983 2511 2825
2667 4210
1030 2666 3184 3995
533 960 4194
893 2593 3827 4130 4282
602 1394
78 4320
966 3453
521 2236 2648
1621 4415
2247 4395
919 3338
162 859 1648 2118 2436
428 3116
558 751 1061
914 3045
460 554 3352 3936
168 2704 4437
687 3271 4097
1442 1469 1727 3313
1760 4103 4356
1872 2130 3019 3027 3559 3683 4139
2067 2263 3260 3609
645 1766 1782 2231 2354 3391 3515 3533
496 1028 1187 3254 4334
803 2406 3143
963 2214 2861 3028 3318
882 1349 1706 3516
917 1975 2990
2095 4018
40 858 2419
1784 2862 3396 4206 4391
28 78 4379
1388 1969 4098
1335 2443 2499
320 2232 2840
92 2529
372 835 1031 1741 1911 2566 3489 3649 4325
513 2653 3663
96 3671 3779 4383
952 2282 3604
714 827 2933 3815 4289
218 1196 3031 3343
314 1468 1843
1209 1742
1767 2250 2963
631 3348 3639
1096 1397 1695 2130 2652
102 483 3777 3861
1961 3116 4078 4216 4434
1170 1774 3777 4347
1958 2384 2596 4180
2856 4038
2370 2399 4326
1002 3780
588 1193 1228 1738 3057
2008 3158
182 1435 1813 2524
1424 3386 4210
623 1630 2520
426 2834 4389
1251 2094 3211
103 456 3034
1512 3960
508 1672 2065 2974
463 901 1227 1832 3556
441 714 3978
441 1592 1953
2463 3068
2545 3484 3923
500 730 4381
3315 3571 3921
502 2025 3696 4169
3333 4013
2494 2722 3346 3496
11 882 3012 3125
1732 3135
2944 3129
2123 3323
672 1389 3649
269 2249
329 1823 4403
931 3272
1692 2822 3890 4386
1385 2313 3818
799 1959
2599 3159 4204
422 1354 3087
1534 3216
1213 1731
2592 3465 3846
154 3114 3430 3600 3880 3914 4162
376 676
462 539
756 1407 4424
603 768 1921
1789 3961
2614 3605
405 1690
1047 2372 2718
327 1644 1858
522 2395
186 1611
2971 4001
2261 2613 3228
669 2354 2630
1431 3937
928 2270 2359
1873 3499 4333
3434 4268
137 440
178 737
274 3251
1840 3816 3941
1826 2548
500 820 3904
152 1975 4407
63 710 738 4444
1560 3744
962 3472
41 1736
717 3010 3689
1773 2129 2179 2981
1524 1962
405 799 1282
1896 3238
210 1650
2061 2193 3182
1698 4118
1658 2699
1168 1705 2507 2985 4368
2225 3074
1472 2007 2200 4059
139 4109 4384
1736 2330 4397
203 1968
1840 2166
1128 4189
1654 3357
3394 4169
52 620 1430 1448
581 2936
2818 3613 3729
532 2791 2981 3487 4058 4252
1647 4236
184 1530
123 2037
360 3946 4072
2779 3469 3577
2250 2443
291 877 3067 3832
1678 1879 2434
323 350 779 1832
531 4072
1134 1199
1993 2207 2240
197 207 2207
753 1108 1765 4190 4283 4291 4315
450 732 939 2047 3785 3799
1636 2711
2967 3143
694 710 3494
1133 1145 2269
38 2915 2982 4192
932 2310 3192
2776 3174
211 498
1611 2817 3431 3886
444 2361 2815
462 1236 2810 3013 3627
970 1889 2063 2578 4170
106 2451
211 1003 3103
450 1015 1220 1874
1672 4429
977 4245
17 1834
3578 3822
513 2011 2550 3357 3492
2206 2595
512 2178 2217 2514
892 2069 4350
466 2384 3016
1832 3742
688 2681 3206 4135
1398 1891 2426 3256
424 1768 2373 3492
1023 3252 3941
2939 3431
1884 3093
3228 3231 4443
96 103 2840
1527 4019
191 1100 4400
2308 2698
2598 2971
3510 3696 4230
1733 2879 3846
1635 3293 3816
483 3556
914 4452
231 1780
284 3704
2017 4314
145 978 2347
1478 3893 3922 4278
1000 1344 3590
646 3377 3554 3927 4347
678 2633 3647
712 1129 1729 4398
1195 1294 2000 2631 4395
242 1124
1608 2792 3511
436 3055
3656 4246
2254 3002 3217 4095
2265 4265
1778 3763 3850
3158 4383
355 3343
2444 4069
1073 1827 2756 3500 4221
26 4046
937 2578 3294
1574 3068 3221
305 903 930 3371
1452 2361
1479 1888 1936 3877
508 2616 3462
55 334 1843
3590 3928 4216
1105 1414 2118
759 2193 3006
281 866 975 3483 3517 3662
2962 4008
1768 2794
2262 2996 3900
241 1665 1889 2093 4096
259 1960
1264 1850 2962
1288 1327
3504 4452
547 1137 1972 3031 3143
1198 2967
9 47 2092
342 3620 4006
55 2292 3356
505 2727 3346 4336
2328 2809
1081 1314 1704 3944
1499 3235 4341
2077 3042
1233 2898
89 821 1447 4225
2548 3096 4131 4398
628 2509
143 3337 3948
1502 1973 2007 2167 3303 3801
766 1440 3483
217 901 1127 1128 1197 2246
350 1969 3970 4102
3370 3624
1373 3151 3437
1965 2016 3571 3693
522 1527 1667 2074 2729 3208
223 3028
534 1561
885 1799
1154 2057 4245
943 4329
1174 3628
1149 2065 2205
911 3168 3297
837 1606 2340 3110
908 4398
111 1671 2275 2278 2428 2714 4160
1032 1086 4413
1482 2805
95 2976 4193
332 1159 2112 2342 3455
266 625
2337 4021
170 1405 3144 4455
2287 2980
157 2266 3096
105 1884 3140 3714 3987
1126 1777 3374 3729
514 2181 3012 4463
305 3652
613 1157
2141 2586 3009 4291
3114 3791 4298
55 2335
1072 1242 1686
170 682 2378 2385 3067 4188
654 934 1068 1678
1791 2538 3085
356 2206 2814
2406 3211
994 2200 2252 2319 2851
2939 3107 4176 4345
41 73 218 253 888 1574 2466 3238
3281 3435 4084
326 2503 3236 3877
278 3247
314 1129 1850
578 733 910 1859 3975
1071 4056 4136 4138
398 1119 1173 3932
1306 1697 2781 3216 3470
1913 3950 4180
418 3484
212 1451
3704 4066
630 1521 3101 3486 3805 4120 4205
464 1607 4030
555 2274
1029 1653
2092 2820 4315
251 942 4388
1951 2438 3314 3557
485 3565
787 1369 3814 4067
1649 3086
1343 1724 3476 4222
893 3070
284 2449 2927
1603 3165 3797
549 1173 1698 2201 2753
801 2787
431 504 1454 1721 2515
626 644 3013
2044 3176 3280
788 882 1113 2525
642 702 1985 2069 2115 2991
3402 3722
33 728 1653
764 3943
2203 3214 4277
909 1696 1853
1404 4189
841 2242
741 839 1114 1209 2975
95 111 2828
3954 4228
682 1411 4095
396 3926
1854 4268
938 1926 2660
1038 1527 1822
2524 3874
963 2876 4008
2878 3416 3975 4335
1789 4328
2654 3506
428 1544 1888
1165 2453 3463
3510 3573 4044
2757 3718 3861
92 2233
795 1067 1781 1937 2245
669 1811 3282 3348 4242
732 3356
692 1651 1911 2816 3220
1687 4020
365 2401
1106 2513 3293 3905
1604 3651
2036 2760 3610
2817 2890 3587 3868
2915 3395
2697 3336 4118 4236 4317
1932 3961
982 2838
756 2196
1179 2016
607 1519 2479 3997 3999 4205
1502 1970 4246 4268
3357 4165
501 2670 2717
27 1035 1727 2766
433 1578 4374
1292 1587 1614
1074 3262 4107
758 3309
125 252 2853
4163 4401
1221 2436 2828
1446 2048
697 1907 3900
228 1586 2122
697 737 2286
741 3089
422 2812
1345 1922 2529 2595 3576
1275 2393 3476 3639
1077 2232 3187 4095
621 4394 4398
1234 1790 3472 4052
1081 2103 2806 3012 4378
989 2282
2472 3664
682 1265 1803 1990 2098 3266
612 1584 3764 3800
565 2798 4149
85 519
152 2287
1301 1514 3328
967 1850 4426
63 2539
2024 3610
455 3770
432 3020
1039 2382
1690 2878 3626
1217 1917 2627 3791
637 796 1708
1985 2334
555 1957 2981 3282 4387
421 444 1499 2898 3191
504 2089
424 1935
1805 2806
1183 1507 1860 3507
880 3828
568 570 1266
916 3137 4200 4250
646 2224 3124
1590 2757
201 3727
1622 2044 3381 3609
41 430 464 2119 3805 4018
572 3384 3564
1622 3247
638 1439 2521
1278 1656
456 1745 3267
2778 3043
203 641 3612
526 3197 3517
499 660 929 2444
44 297 1129
3351 3651
94 599 1953 4149
2642 4091
1102 1150 1295 2832 4143
363 3014
1632 2498
1332 4158
2288 3217 3448
2506 2633
2247 2874
78 2801
1163 1695 2986 3356 3621
2239 2807
474 1973 2530
909 1336 1417 2670
478 2720
1280 2571
475 1606 2217 2996
2011 3639
648 760
3272 4137
1811 2909 3516
3569 4186
564 2690
466 591 658 1909
195 527 1295 3535
67 3801
1839 2435 3086
178 2681
2002 3004 4165
2610 4284 4368
1094 1295 1789 3725 4402
289 1511 1696 2948 3848 3853
1675 4237
17 616 790 1095 3692 4032
1372 1471 1472 2258 2666
762 903 2474
242 890 2701 3421 4343
1214 2777
1249 1415
1043 1723 3508
2053 3271 4426
706 1219 1334
448 776
54 346 1239
1637 1894 3925
1962 3873
182 2836
2198 2903
2290 4153
2978 3904
476 1388 3950 4041
313 1339 2296
3322 4430
851 3997 4395
2639 2680
1362 3681 4347
1029 1255 2444 2714 3784
2024 2818
280 3671
77 1138
236 3887 3987
47 1499 2301 2346 3954
350 1107 2831
1138 3933
1101 4268 4271
1035 3482
200 1072 3698 3917 4056
312 392 595 2465 2482 3005
511 1979 3961
794 1629 4459
2300 2713 4274
152 659 2560
611 3626
1081 2391 2982 3397 3610
750 1390
2856 2905 3435 4342
456 2713
180 2457
219 1226 2027 2363 2371
2134 2681
4124 4321
419 1768
795 2623 3341 4465
996 2841
1570 2167 2168
2371 3071 3536 3654
419 1299 4136 4186
2794 2945 3403
289 1732
1538 2725 2881
441 1993
100 3680
591 1255
1586 1679 2872
621 1198 2842
2909 3462 4465
2223 3263 4219
57 2638
1044 1345 4304
185 2195 3503 3786
39 4247
1058 4240
1257 2981 4188
83 326 2078 3262
1235 3989
130 1023 2044 3352 4232
2013 2313
1054 1715 3388
1472 2807
862 2624
460 4121
111 1097 4402
376 2132
3385 4393
2421 2790
112 2518 3002 3534 4192
1222 3299
5 3162 3674 4060 4257
485 2446 4431
1584 4060
1964 2662
2190 3461 3690
1107 4009 4165
373 3950
1117 2130
478 2205 3590
166 2342 3097 4053 4254
482 1030
983 2914 3355 3554 3769
60 309 2799
843 3031 3415
2156 2333
1143 1215 2324 2662
494 2662
4011 4248
523 602 1099 3462 4162
911 2112 2475
1253 2128 3650 4079
437 2282
978 2020
2894 3067
939 999 4241
1956 2096 2869
744 2700 3843 4132
1288 1662 1689 3973 4322
619 2066 3248
864 1047 3303 3461 4133
508 988 1187 1645 1929 2370 4262
758 2025 3517 3521 4198
592 4410
816 3729
1448 1720
1386 2259 2962
185 4200 4274
141 1908 2234 3058 3889
362 2192 2315 3038 3635
2757 2826 4248
437 741
2937 4371
26 1117 2666
2065 3125 3267
2218 3076 4062
373 1627 4143 4151
2010 3664
555 1113 1387 1412 1706 3580
19 43 404 3051 3643
1422 1470 3445 4302
166 380 3280 3551 4267
1066 1910 2089
1927 3770 4057
824 1234 1980
430 848 3058 4207 4420
1980 2100 3187
76 589 1874 4303
96 469 2680
3080 3957 4263
741 843 1380 3805
1138 3523
66 2594 2619 4056
2492 2598
2170 2501 4211
546 2498 3563
995 1762 2562 3697 4097
2900 3612 4457
1669 4445
1914 2605
965 3879
2182 2764
852 1677 3499
1125 2616 3149 3635
2128 4215
332 433 912 1202 3919
3396 3509 4102
610 626 2156 2497 3533
1263 1588 3111
478 3119 3427
802 1712 2702
641 1161 2298
870 972 4101
1916 2441 3498 4017
366 3625 3721 4118
1179 3400
2913 3380
1750 2380 3805 3876 4174 4459
2276 3369
589 1361 3760
1368 3528
1010 1800 3408 3705 4370
23 955 1809 2709 3750
1431 2976 3479
742 1101
1083 1163 1734 3236
139 2305 3670 4337
1588 3208
217 232 864 2416 4062
2496 3061
745 2147
907 2662
1364 1687 2001 4375
1680 2292 2823 3901 3922
360 465 2433 2446 2781 4157
771 2426 3322
136 192
2794 3468
1817 2607
1045 1870 2132 3367 3567
66 198 629 1267
2474 3249
507 2211 2780
2510 3211 3755
592 4020
2447 3327
554 2375 3998
298 3247
357 1350 3241
37 1520 3285 4099 4266 4446
3036 3301
303 1149 1711
1955 2061 2704 2752
2607 3341
1183 4061
114 805 3796
2221 2821 3421
1974 3307 4354
2131 3950
350 1292 2258 3332 4184 4352
288 2771 4028
472 926 1130 3173 4112
1045 2415
669 1053
909 1492 1550 4120
2149 4389
151 3167 3255 3263 4411
716 1211
540 922 1137 2738 3235 3675
734 1955 2584 3097 3376 4337
1856 2466 3379 3559
185 510 2980
2732 3067
4076 4390
36 2078
1693 2072 3917
807 880 2119
2902 3576 3999
2901 3064 3404 4070
371 4213
240 1903
1826 2780
912 3421
2337 2649 4066
868 1934 2863 3276 4133
270 2192
350 661 1435 2315 2647
340 2665
2844 3092 3745
1186 3180
746 820 1317 2522 2656 2947
1376 1541 4060
893 2940
1426 3088
640 2492 4014
1555 1973 2007 3852 4431
1230 1253 3972
2466 2491
124 2663 4102
1486 2064 2326 3247
678 3893 4001
946 1501
909 1082 1256 2036
1574 2455
659 1648 3087 3667
1856 2546 3819 3905 4141 4243
1710 4058
2155 3800
517 2131 2350
2252 2616 3544
498 1474 1976 2445
1326 2400 3121 4217
179 921 2639
443 553 2700
2695 4068
1979 2145 3531
869 1340 1832 2354 3422
1660 2506 3580 3672
656 4192
878 3114
685 1201
9 259 2670
1143 2808 3352
300 2002
1228 1270 2274 3448
593 733 1612 1642 1649 2031
960 2458
2867 3770
25 2015
1631 2002
214 2222 3109
1680 1851
702 1370 2044 3033 3805
3562 4194
861 3875 3965 3986
640 2492 3085
3182 4031
1221 1913
121 2117
300 1247 1735 1793 1997
149 4253
737 2861 3441
1281 3020
2063 3673
1398 2738 3432
1720 3989
115 1592 2927 3235
652 2224 3911
674 2240 3932
4320 4462
772 3541
1179 3390
2135 3296
868 1242 1587 3282 3431
690 1430 2244 2588
223 989
373 1777 1848 2160 2169
182 1722 2692
947 1168 1268 1378 3107 4238
1849 1993
155 223 417 1374 3818
56 1738
1295 1502
813 1140 2909 2951
338 2892 3638 3942
3026 3755
3104 3281
697 724 2457
899 2761
694 2711 4046
2469 3430
875 2989 3267
1026 2270
641 2096 3530 3956
754 1580
186 1813 2937 4239
877 1349 2851
498 1006 3311
3990 4197
3350 3810 3929
1924 2499
538 1764
169 1071 1887 2713 3687 4015
102 279
59 195 1816 2036 2416 4331
3207 3382 3433
1406 1742 3385
793 1589 3563
2833 4116
866 2584
587 4175
1052 3312 3494
630 3543
1701 2500
2 1718 3146
2392 3637
970 1300 1432 3292
1626 2350
145 303 1800 3156
2008 2855 4168
1113 3805 3879
1796 2604
1591 1791 4047
719 1702 2495
33 3126
781 2888
1746 3278 3954
2015 3195 4150
160 940 3510 4315
648 934 2715 3683 4348
328 2161 3157 3257 3988 4074
845 1595
250 909 1492 1621
2867 3030
2316 4393
3245 3821
3336 4246
1199 1210 2550 3982
949 2695 2920
498 604 1502 4117
494 4432
1343 2932 3507
1255 2251
1120 3940
561 1874 3662
610 1979 2481 3650
3809 4319
735 2168
605 3029
1244 1716 1830
1570 2710 2849 3403
2 1690 4206
582 1287 1518 1723 1992
207 453 1169 1331 1653
1350 3333
983 1918 4161
2128 3082 4119 4345
1607 2420 2768 2909
474 1659 3235 3485
389 4268
836 1145 1838 2055 2133
1716 3977
538 708 824 2210 2636 3073
4219 4273
951 3335
911 1286 2652
162 1957 3318 3747
1437 3475
2172 3417 3461
986 1593
357 648 1594 4195
171 2123 2388 3617
2173 3588
994 3847
1666 3203
3431 4393
1073 1245 1706
1715 2360 2488
138 3832
540 2925 3392
1237 2161 2390 3711
962 1349 1666 2173
339 2058 2101 3803 4398
680 3811
2391 2901 3068
51 290 766 1953 3050 3750
2123 3969 4323
1539 3141
1904 4121
620 867 3034 3090
1585 2318
63 172 2183 3417 4246
1650 3179 3870
2046 2070 2320 3996
2914 3225 4386
732 1136 1587 1959 2600 3218
731 1834
1708 3259
544 903 1652 4167
3165 3197 3644 3880
1323 4457
1146 2153 3485
2337 3024
1931 3174 3860
300 1688
1604 2661 3085 4234
1401 3425
1748 2144 2330 4436
1537 2054 3670
1638 2454 2689
4446 4463
1446 3934
741 1644 3304
683 784 4020
1027 1118 2108 4182
2424 3241 4367
88 684 844 1148 1391
326 2761 3611
1154 3118 4314
1265 1544
1601 2924 3072 3833
1758 4011 4112
2578 2995 3233
2748 4010
2666 4320
1771 2016 2257 2926 4420
922 1713 2306
3810 3921
762 1911
830 3216
43 214 2039 2057 2645 3119 3139 3328 3757
3682 4264
2835 3654 3758
3070 3842
930 1107
491 3038
1767 4326 4388
201 1979 2563 3020 4435
802 3300
339 2382
1050 1093 1793 3976
2478 4134
1316 3690
3577 4009 4161 4347
1 702 1854 2153 4040
2 2750
1326 1811 1850 2471
2770 3320
2103 2604 3208
1715 2466
2297 4342
1561 3500
618 2044
897 1181 1690 2171
513 1711 1733
1107 1153 1410 1767 3121 3369 4408
145 1361 1885 3268
235 3626
797 4427
1121 1562 4423
590 2208 3084 3649
705 915
1761 3309
1694 3337 3405
56 1605 1650 2162 2452
169 2680
2848 4221
2125 3483 4423
303 3942 4233
1237 2066 3518
1722 3610
1519 1699 2562 2648 3274 3729
2340 3792
291 1431 3767
870 1634 2232
1129 2943 3753
2891 3899
989 2116 3374
3357 4123
597 3018 3125
1098 1354 1724 1850 2978
2011 2194 2798 4262
802 1080 2654
1636 3650
361 1675
1814 3904
1802 3875
180 3037
1591 1765
688 3975
419 573 2550 2554 3654
1453 1466 1557
167 1492 1935 1947 3143 3664 3750
59 1019 3002 3521
2083 2119
335 618 1661
1399 2104 3151 3802
510 1181
965 1353 4114
1137 4446
912 1452
988 3819
294 1216
897 2310 3844
259 905 3811 4014
144 446 1578 2079 3816 4407
66 702
1362 1825 2209
1332 4329
808 3654
1458 2261 3534
316 1537 1680 1939
1144 3575 3731 3787 4322 4451
3242 3574 4051
138 4459
919 3230
8 2499 3158
499 799 2464
3296 3899
51 2159 3616
1467 3537
2876 4096
66 227 2526 3665
3607 3867
2533 4389
1105 2350
2890 3708
400 2466
558 2417
533 1017 1232 3841 4438
2330 4311
1519 3658 4301
25 679 907 1202 1778 4084
2240 3363 4329
446 2854 3821
1037 1588 3109
1748 3984
100 1649 3477
955 2353
2222 2607 3695 4371
11 168 1210 2196 2654 3966
2338 2777
2492 3012 3458 3493
524 1343 3700
523 2631 3967
897 2427 3658 4394
1843 4185
1431 3659
1163 2710 2875 4455
2442 2679 3337
244 296 1724 2428 3392 3707
4166 4274 4278
1443 2375
2224 2888 3370
2203 4212
1301 1417 3043
653 1386
2604 4002
1015 1593 1992
758 792 3032
539 3546
128 1698 2894 4011 4381
1787 1791 2822
272 1690
2309 4467
1865 4155 4234
1344 4349
856 2771
514 3808
1737 4117 4237
2329 2780 3426 4008
583 2122 4219
997 1095 1645
390 1818
234 967 1482 3926 4447
2747 3357 3469 4234 4263
21 1736 3096 3414 4371
1421 3083
980 1921 2539
3076 3223 3558 4439
2933 4420
1870 3535
592 1201
214 1077 2683 3881 4238
1615 4014 4093
3843 4394
1047 1120 4073
357 359 2894
2057 4144 4235
440 940 3485 4147
3415 4190
13 1006 1803
1020 3763
100 1109 2537 2864 3194
1270 1755 2802 3465
2326 3279
3134 3522 3619
2558 2654 4063
72 1543 2036 2111 3155
223 2810
502 1116 3418
1760 2065 3740
1707 1732 2861
1025 2182 3062
272 2187 3529
1698 2854 3240 3329 4078 4148
967 1688
29 448 2141 2521 2662
15 1040 1132 2846 3149 3574 3847
1403 3884
318 1412 3449
1019 2128
1008 1576
26 2690 3806
710 2377
1719 1802 2030 2695
3413 4099
1596 3890 4349
1418 2315 4462
1943 4091
192 804 1265 3312 3955
164 2956
751 2362 2686
2938 4126
1844 2462 3489
37 3081 4439
92 622 1015 1668 2760
706 796 2556
1445 1989
74 1278
1514 2231
721 2048 2249 3679 4049 4422
908 1701 2796 3389
1391 1774 1795 2636
394 3892
899 1235 1952 2072 2304 2572 3145
579 2008 3475
616 2648 2862 3170 3254 3620
1613 4081
985 4022 4032
240 1192 2537 2929 2993 3599
1442 2396 2598
907 1707 2097 2132
2455 2505 2960
1515 1780
1046 1118 1914 2520 3101 3198
892 1427 2819
31 51 614 3069 3581
20 540 1838 2014 2481
10 647 1963 2490 3713 3828
1723 4216
508 3054 3889
220 720 1017 3970
2687 4239
847 2419 3236 3627 3793
244 253 1233 2379
1676 2325
157 936 4188
1270 2209
965 1226 3078
1477 3043 3345 4306
699 3971
416 4286
1909 3256 3866
766 894 4366
1696 2380
20 326 853 2515 2726
157 1308 3068
1068 2576
369 439 1130 1711 4271
3251 3704 4462
460 1571 3821
1281 3082
454 481 1374 2904 3110 4335
180 259 354 722 993 3198 3664 3796
373 3087 3687
2380 2560
94 696 1692 2708
993 1502 1834 3977 4467
994 1616
424 620 1424
315 2109 3558
3293 3990
3356 4078
820 2991
1409 2694
56 1154
783 1603 2275 3607
138 2565 2623 4317
167 244 696 1062 1231 1990 2985 3843
781 1484
305 960 1658 3134 4243
1765 3166
481 697 2093
1020 1505 1854 2498 4106
997 1432 2178
190 3493 3549
118 2176 2469 3463 4058
715 3409 4182
41 53 2016 2177 3485 3504
2496 3050
3412 3491
653 3642 4289
74 75 115 2599
3485 4066
2837 4100
28 1411 2134
262 528
1614 3431
37 2098 2404
1147 3162 4291
1856 2779 3480 3803
745 2966
1671 2150 3282 3452
1290 4335
152 2632
1786 2781 3816
382 3304 3912 3945
1602 2728
1082 1115 1968 2767 4253
604 1398 3074
2765 3105 3168
798 1235 2361 3100 3541 3810
3119 3771
811 1470 3589
440 1841
1424 2376 4020
326 3303
84 155 1701 3186
863 2903 3517 4194
3064 4379
184 1785 3650 3930 4100
1268 3793
289 808 3222
23 160 726 1794
524 569 650 1453 2901 3094 3518
1317 1461 2715 3168 3573
3647 4246 4352
1028 2068 3834
181 296 478 514 4091
331 885 2765 3368
474 3999 4146
238 264
2695 2879
1036 4017
1540 1663 2035
3307 3985 4285
166 990 2971 3795
1267 1774 1909 3578
248 494
694 1776
1044 2456
134 476 3385
1222 1685 1714 2406 3463 3632
1602 2166
458 2339 2977
327 504 2951
1020 2119 4031
232 4450
1380 1554 2636 3496 3750
590 4143
2472 2596 3495 3696 3934 4318
1739 2675
212 290
849 2572
1657 3435
2461 4172
208 949 2790 3018 3753 4434
1014 1668 2435 2622 3602 3950
2311 2590
373 933 2932
119 2754
732 4259
1602 1810
178 3618
2473 4119
2997 3639 4426
435 1761
1397 1676 2275 4370
706 1320 1517 1669 4444
2274 2592
3963 4363
164 2406
2190 2218
128 483 3997
2626 3822 4032
1916 3594 3680
539 3677 3901
2344 2441 3825 3966
191 939
1638 2257
1746 2667 4166
1411 2332 2345
297 664 897 1987 4096
52 236 1669
806 3304
1482 1609 3208
1087 3030 3483
2113 2914 4060
1468 4205
836 2572 3827
2239 3731 3800
348 1213 1222 3654 4208
549 1338 3518 3764 3919
1087 2787 4058
463 3704 3750 3884
548 931 3001 3175
695 926 4184
736 1278
836 2459
678 4455
2263 3070 3501 3723
2027 4451
3419 3730
875 1136 1658 2861 3470 4452
2014 2916 4321
1703 2344 2613
2332 2497 2677
2676 2717
2 3936 4140
1087 4215
207 3387
21 897 1027 2761
3508 3829
1054 2344 2722 4331
2173 3988
321 3254
2642 3946 4464
251 388 1397 3992
1405 1872
1725 2452
3048 3281
2809 3688
1620 2011 2562 3519
1897 3734 4219
1660 2631
323 2666
2078 2332 3844
930 3985
482 1479 1819 3952
1003 3912
2460 2702 2795 3387 4120
370 1530 1788 3105
245 3181 3999
925 2557 2647
3209 3233 4061
94 2923
590 1346
2795 3147 4261
597 1353 1969 4410
776 1442 1741 2484
1226 3930
2373 3621 3999 4217
850 1031 1622 2794
57 472
384 3790 4186
264 1387 3521 3627
1031 1057 2282 2400
2955 2999 4403
889 1829
390 2691 4388 4452
451 2455
1696 2768 3875
1576 2793 3755
303 1964 2346
2248 4154
1092 2612 2747 3957 4069
333 2429
522 1558 2544 3146
713 1774 2068
1901 1930 2899 4289
505 3568
1237 2351 3118 3592 3940
2438 2807 3423
789 4120
1236 1689
533 1429 2151
3360 3877
356 1451 2339
736 2156 2177 3114
699 2798 2931 3366
1783 2618
1080 3139
1032 1079 1648 2521
518 891 4336
2950 3513
1266 2102 2420 4404
1497 1658 3726 4330
4198 4357
1401 2199
3089 4050
2141 2764 3868 3945
904 1812 3075 3261
606 1794 2300 3159
355 358 524 1092 3271
763 1257 1805 2949 3704
464 549 1783
1528 3553
70 1748 1969
984 1174 4360 4374
1065 2714 2836
3136 4265
25 1179
1736 2359
407 705 1733 3218 3753 3938
1505 4376
2619 2730 4433
660 3807
205 1635 1927
549 2741 3080
1095 1834
19 1654
3422 4393
209 3992
806 865 3967
991 1495 2113 4121
70 611 1518 3140
1305 1970
109 423 3290 3851
2721 3387
1446 2406 4051 4366
1621 1858 3595
812 2063
148 343 445 1582 3827
1170 1336 1502
1794 2362 3261
60 983 3222
3047 3917
1927 3175 3639
1187 2356 2388
1765 1955 1978 3245
2373 3355
1568 3633 3672
282 465 4292
379 1494 3855
3057 3910
1069 3135 3343
167 758 2718
1929 3505 3697
2822 3645 3677
427 3228
85 1725 1732 2377
134 2642 2754 3237
3512 3618
838 1240 3093
378 2908 3102
1307 3633
1376 3614
1216 1830
4061 4152
1465 2553 3392
259 392 1199 1814 3995
1602 3030 3909
441 1385
1421 2371
450 1158 1598 1832 4362
253 2689 3116 3732
621 2750 4380
1390 2660
1376 4159 4273 4372
3707 3785
482 3832 4056
221 296 524 1489 2712 3015 4106
54 837 1662 3368
1386 2285
907 2895 3665
645 1705
1004 1696 1700 2492 3802
1017 1593 2671 3500 3540
1344 1538 2024 2156 3811
1926 2786
994 2405 2830 3207 3436
649 1607 4336
677 2743
3164 3296
1524 2080 3108 3902 3990
1095 1487 2129
1613 2576 4264
255 3372
1459 3045
569 1801 3679
531 1888
823 980 3476 3806 4121 4124
588 914
1311 1398 1790 4147
2775 4049
456 558 738 773 1831
1062 1853 2033 3702
120 463 600 1312
540 2975 3060 3715
1773 4354
3032 3579 3933 3954
2224 2706 3493 3671 4466
1116 1209 3123
37 245 1065 3818 3941
1634 1831 2895 3350
874 2550 3477
1043 1754
27 1859 3610
2987 3705
1019 3678
11 652 966 4222
2066 3290 3897
1038 4048
1650 3393 3692
921 2712
47 1515 4382
1137 2883
2545 3811 3975
261 719 3308
594 595 1378 2617
2944 3031
2765 3838
550 872 1050 2346
656 729 4047 4077
108 1869 3075
3589 4216
183 2866
744 2217
203 979 980 2469
1843 2578 3342
150 2001
378 4379
2719 2974
743 1563 3165
484 1117 1943
453 3479 4449
537 2740 2887
1744 3660 4285
1550 2579 3667
2287 2398 3995 4080
917 1262 2106
320 2469 2803
1596 4300
179 628 1948
647 2874 3956 4223
557 574 611 1994 3225
605 4059
385 1274 2139 3017 3705 4057
1319 2927 3892
144 1396 1485 3861 3995
34 265 1032 2344 2641 3427
32 459 1092
1636 3137 3308 3520 3945
430 459 830 4422
1000 3522
2026 3886 4109
25 1383 1813 3318
441 1175
1536 1856
617 2399
2920 3181
1809 1940 2142 2381 2944 3566 3932
955 2905
1550 1850 3082
479 1153 1949 2075
310 1197 2192 3055 4093
2245 2781 3250 4027
405 3059 3248
860 1647 2961 3852 4325
221 2209 2412
1263 1667 3300
1328 2288
261 1268 1966
667 816 2724
333 451 1974 2418
3005 3791
2269 3048 4157
3501 3571
1807 2665 3089 4262
110 1050
366 538 799 1108 3973
3288 4352
1056 1554 3758
397 1148 2719 3556 4126
260 516 854 1091 1116
373 1636
2445 3067
1993 2482
314 2277 3516 4018
3043 3109 3818
746 2881 3978 4190
753 985 1489 1725 1780 3124 3275
79 2629 2846 3255
1236 2697
1553 2945 3179 3628 3835
2318 2964 3112
1587 2730
3791 4384
2680 3945
1295 1987 2312 2985
243 575 1789 2488
1088 1274 1746 2097 3869
83 2834
1971 2131
271 850 1336 3573
1658 3572
606 2656
592 2871 4392 4455
797 1470 3879
1813 4053 4382
3425 4174
423 1770 2186 3580
3663 4050
73 1410
1331 1530 1584
60 164 3218 3425 3995
2305 2757 4413
2085 3294
750 2626
2892 3292 4344
766 919 2968 4156
53 1110 4209
1278 1903
1479 2420
659 4057
809 1319 2510 3810
1793 2963
1370 2786
1535 2111
102 215 607 1155 2226 2391
295 904 1072 2125
1234 2433 3673
886 2107
1133 1904 3853
955 2548
2890 3959
280 945 2106 2146
108 2247
778 1622 2933 3356 4180
5 3110
2247 2723 4033
859 4017
192 3288 3824
148 428 1032 1218
797 1234
419 756 1514
487 555 3828 4256 4423
166 862 1034 3437 4407
752 1106 1601 3584
3665 3823 3914
2817 3149 3226
11 1694 2914 3436
610 1188 2487 2772
39 1855 2938
346 4046
90 2273
2888 3129
244 1601 1905 4099
3102 3680 4104
430 3305 3652 4187
959 1370 2873
1533 2511 3745 3978
1082 1726
824 2745
422 2089 3265 3642
123 822 992 2359
659 1668 4221
1379 3141 3416 4044
1319 1961 2686 2772 4278
1086 2257 2824
50 87 3037 3262
280 1522 2238 2512 3784
94 1239 2334 2676
531 1584 1792
1298 1479 2470 3437
666 1129 3804 4275
201 3111 3601 3717 4156
1396 1542 3133
968 1011 2884
2926 3859 4374
3003 4292
1599 3984
1497 3643 3919 3997
2167 4091
2373 2903 4098 4402
279 1446
1840 2888 3068
1215 1867 3254
2605 3086
2860 3763 4241
1969 2232 2274 2840 3650 4271
475 3237 4163
2661 2765 3415
1231 2786 4199
246 4067
2181 4004 4317
374 735 2268
202 388 3443
1256 3074 3375
598 1511 3317
223 318 474 3992 4236
962 1265 2630 3623
722 2295 3231
128 699 788 1305
983 2117 3535
232 3558
1092 2974
1064 1434
1054 1584 4144
803 2992
405 3820 4137
618 697 1770 3972
1193 1624 3172
2494 3707
360 1503
1407 2269
226 375 3154 4289
2180 3631
441 3091
255 695 758 1110
163 443 998 4043
1993 2229
3209 3389
1659 2978 3032
328 368 1802 2805 3396 3884
1006 2526 3113
3021 3138
89 329 429 1339
363 1694 3802
2456 3801
365 469
296 2791
372 3937
393 483
524 1554 2270 2870 3334 3666 4040
464 708 1499 2028 2655
172 1065 1356 2015 2456
71 520 1916 3499
112 974 1502 3184 4274
327 1382 1625 3679 4165
526 1415 2216 2614
3033 3768
2438 2734
1099 1331
2399 2903 3826
220 334 1769
1706 2244 4298
468 3477
564 709
1608 1737 1804 2676 3883
2575 3032 3486 3573 3979
484 3254 3316
752 2888 3384
2439 2498
670 1557
577 1198 2107
