900 1312
190 554 616 800
286 696
168 205 530
495 705 894
69 843
184 350
78 586
189 588 834
22 830
142 586
446 648 799
129 721 735
24 360 630 758
590 824
100 554 747 837
210 302 689 818
215 478 757
110 486
51 238 326 474 552 782
305 825
355 619 666
189 537 539 560 837
380 637
142 169 231 627
10 48 56
504 557 595
596 704 796
32 733 798 893
344 799 849 856
402 662 790
30 554
215 368 558 573 724
21 176 243 816 878
583 622 827
226 557 718
849 857
238 607
341 440 461 481 507
549 552 735
262 374 846
205 453 748
270 438 520 559 623
66 105 244 659
105 454 780
513 622
279 652
72 362 580 790 887
18 423 442
641 766
455 759
503 625 801
228 441 796
599 828
25 65 392
249 481 652
37 66 93 360 521
101 206 275 426 702
269 663
122 463 636 799
264 412 514
205 223 405 500
80 756 763 798
130 411 790
131 762 787
10 178 859
275 302 333 567 640
43 94 386
129 175 212
124 523
184 339 642
504 624
670 675 862
299 365 563 774
39 294 326 481 637 761
227 320 552 562 747
212 623
585 898
636 852
96 410 822
323 437 581 660
350 811 866
211 508 711 838 887
43 66 598
79 634 668
151 293
300 492 641
113 636 729 898
479 591
128 652 702
419 827
132 362 377 580
242 335 506 595 708
380 704 779
270 788 852
51 386 438
51 209
35 250 278 321 573
125 158 512
379 675 821 876
6 562 789
19 57 121 273 730
175 240
195 321
155 650
201 776
408 636 768 797 864
31 48 203 312 429
118 138 253 360
32 43 376
242 416 640 670 691 704 877
22 77
175 285
158 558 763
546 858
227 606
53 491
82 612 729
132 317
31 162 262 852
713 816
227 373 393 401 523 814
42 893
83 90 387
125 280 347 619 645
174 455 680
352 453
98 216 654
201 475
4 413 443
414 562
25 697
12 775 878
413 783 845
99 499
41 131 504
462 465 541
751 788
116 128 485 845 872
156 460
74 865
82 108 381 493
183 570 798
620 682
205 382 628
97 294 653 863
619 740
137 201 207 351
568 590
340 894
79 189 377 668
15 45 724
349 895
99 205 324 473 819 854
187 237 382 385 514 775 797
353 436 445 694
193 575 749
559 625 769 778
184 234 503 875
143 149 448 867
307 688
105 293 687 796
368 751 788 791
235 298 338 379 389 707
181 600
496 615 812
81 577
113 564
96 676 844
224 803
795 818
501 832
3 71 128 257 561
448 642 761 809
145 389
395 535 730
494 659
213 663 719
119 219 261 899
110 683
128 342 382
8 30 160 329 345 808
72 98
762 809
97 853
49 78 255
84 320
375 672
91 664
325 478 515
418 485
357 358 741
641 716
118 178 272 849
392 399
387 600
532 861
75 89 301 307
163 261 306 694 715
230 434 523 586 849
13 110
152 296 748
186 335
419 524
112 288 354 481
277 612 714 850
440 783
108 782
213 772
277 372
552 797
160 166 586 900
289 339 460 793
75 418 488
144 377 477 679 775
154 799
306 808
51 71 517
259 308
104 195 300
238 696
9 79 122 692
436 521
143 163 174 246
46 157
175 874
71 323 411 435 601
308 325 670 745
203 299 355 576
204 524 679
316 337 549 771 826
21 135 271 517 869 891
426 605 898
129 230 642
258 287 788
214 581 813
182 475
569 591 872
145 534 659 685
327 719 812
270 283 430 576 801
267 389 766 874
494 558
35 79 542
324 459 485 513
411 437 449 767
136 243 440
451 491 618 802
408 554
358 618 867
108 194 656 876 881
307 555 770
391 561
52 394
323 877
219 306
108 547 580
125 558 794
526 697
415 673 789
178 522
185 232 367 701
280 371 373 494 721 770
214 637
382 657
470 617
136 324
197 252 581 715
789 827
287 583
496 698
353 485 523 537
182 210 726
45 205 334
240 268 669
493 898
7 181 323
87 396
75 196 616 746
28 195 889
35 377
189 679
40 328 713 888
60 360
62 338 491 494 748
199 231 303 463 738 769 801
149 188 328 778
90 159 467 650
46 483
474 624
60 560 617
208 346 612 613 799
70 263
222 275
178 241 497 799
91 658
105 807
120 412 676
518 589
42 427 565 780 822
161 398 843
221 629
112 688
237 518
128 213 810
183 551
75 414 728
555 648 789
204 444
269 284 560 795
421 450 731 767 884
117 159 320 766 801
200 304 889
296 605 831
74 446 484 528 779
366 511 737
61 778 796
120 314 361 759 780
326 385 517
646 686 716 811
194 586
248 280
128 517
417 434 540
24 40 445
617 691
661 776
396 567 717 818
390 511 757 797
71 471 721 790 810
454 505 812
357 488
253 482
507 627
357 789
55 180 191 394 422 494
56 143 174 203 236 273 542 673
470 671
499 886
112 202 219 796 844
328 704
460 491
435 702
150 532 675
155 501
382 871
191 529 890
316 341
68 211 582 850
1 532 620
382 821
89 243 285 738 819
511 525 693
86 662
611 661
379 564
48 382 899
607 721 880
146 207 593
309 525 764
231 535 540
35 130 163 603
139 439
201 555
103 161 472
100 192
329 393 537
124 160 446 472 481 550 679
368 691 822
482 651 872
350 595 886
816 897
513 850
237 251 825
193 673
120 791
552 657 825
583 825
215 296
99 219
888 889
51 522 671
255 311 388 652 679
8 76
297 396 510 593
29 707
109 354 478 507
325 466 571 854
118 316 717
416 878 891
17 424 622 817 850
157 194 504
18 427 507 562 850 875 889
59 396 486 504
140 711 834
652 777
156 167 537
463 493
56 670
639 768 792
183 620
65 841
38 412 497 635 789
14 262 758
341 504 622 858
273 354 542 549
506 783
114 586 630 642
98 465
622 687
640 806
268 450
69 384 436
240 689
436 675 762 859
186 403 581
132 148 601 734
230 246 337 541 557 616 625 809
62 275 713 886
227 894
634 879
53 143 224
242 519
249 710
268 358 564 645 893
81 894
52 88 443
41 252
258 511 605 607 728
189 608 641 669 697
251 667 746 777 838
524 888
342 832
14 50 191 224 492 795 849
110 629 767
64 358 389 459
685 725
218 275 768
25 52 214 448 450 612 760 870
24 859
356 687
151 636 789
844 874
251 295 698
534 658
48 823
381 460 554
14 151 159 444 676 713
759 860
103 878
37 132 579
55 455 733 838 866
801 843
546 681 797
736 842
223 409 592 801
146 553 594
648 725
758 806 858
111 242 492 516
309 757 870
100 409 866
39 761 868
237 274
133 143 226 461 542 852
294 553 893
208 341 709
109 587 853
299 632
138 508 834 848
183 221 874
262 465
536 639
130 317 511 676
201 777 892
104 561 807
35 738
91 294 356 699
67 738
129 564
359 573
303 419 602 646 725 746 817
22 300 456
115 128 386 389 528 642 712
486 819
751 837
55 192 229 567
48 627
779 847
62 184 204 644 894
682 779
109 372 754 792
29 267 284
415 486
131 587 612 633 891
214 275 454 475
358 477 708 727
133 242 706
156 895
326 471 652 898
574 603
34 414 650 660
100 275 350 518 668 809 864
22 115 358
32 113 324 598 849
184 781
508 603
98 111 899
416 433 592
366 379
45 366 696 748 848 876
590 677
217 369 810
301 594 892
312 505 856
377 444 468 542 652
85 172
432 530 813
203 724 889
346 547
55 522 525
41 536
146 309
292 699
112 245 548
431 446
403 414 522
425 550 782 893
114 171 249
65 285 335 488
159 695 706
375 784
410 488
656 659
82 317 667 692
243 493
84 601 684 805
123 438 471 739 766
151 533
166 870
248 301 667
384 453 464 474
52 170 299
150 397 407 807
10 723 733
367 647
521 641 778
666 790
335 394 401 665
56 816
56 91 125 253 421 655 670 718
31 79 522 593
278 509
339 580 697 859
190 492 881
58 103 256 570
119 712
270 285 301 354 505 603
287 372 864
757 851
46 180
632 667
36 88 497 527
727 839
331 373 670 686 731
145 253 716
582 727 774
457 466
142 246
116 472
134 161
9 499 515
95 546 572
187 587 649 765
636 671
126 143 654
298 663
292 408 628
384 481 619 821 876
323 329 496 534
24 649
611 644
475 627 630
217 668
352 761
475 853
80 145
546 740 743
106 315 527 562
158 435 471 812
132 548
263 268 326 728
217 590
642 863
520 581 775 877
351 696
135 306
770 881
15 146 165 200 252 566 574
89 422 426
94 407 409 839
25 234 396
53 341 649
21 214 329 437 835
401 782
337 718
123 141 573 860
586 785
75 573
281 847
342 567 747 772
282 366 407 592 804
262 745
177 590 641 852
5 169
330 524 720
38 847
79 108 421 536 576 606 658 821
157 530
74 271 833
102 115 129 628 837
411 585 714
16 408 668 683
184 542
218 261 440 762
45 146 212 530
56 681
232 352 579
474 671 704
29 438 453 474
42 104 220 395 413
331 466 534 668
341 877
298 380 725
563 806
60 90 180 667
696 826
161 411
125 243
724 746
389 454 623 812
478 553 695
212 547
184 272 602
224 667 866
45 324 443 777
408 599 751
174 760
155 318 875
819 823
98 422
115 578
167 443
31 130 193 234 274
69 91 251 838
150 234 235 440
311 463
71 352 354
119 347 658 866
228 792
292 371 657 744
228 488
139 301 755
315 827 835
248 587
29 100 858
458 493
302 603 787
779 780
275 293
18 153 195 201 303 358
534 711
307 351 406 579 628 794 878
327 389 434 495 541
64 109 714
291 837
84 677
341 478 866
94 376 476 498 569 742
139 760
125 431
164 565 816
359 486 609 772
157 448 605
145 713 849 864
311 336
435 532 869
75 491 645 767
238 794
32 167 588 662
55 666
629 792
34 162 424 436 569 748 828
237 817
194 200 559
263 307 352
56 667
267 632 702 853
210 421 491
237 325 456
320 586 708
154 800
178 491 572 816
10 52 766
574 888
47 757 815
268 338 813
230 340 760
370 459 711
5 644 802
107 452
104 107
43 328 339 356 543
257 523
23 131 713 877
565 671
4 81 650
155 225 797 853
21 154 485 826
366 437 770
186 210
33 362 467 543
595 724
83 401 445 724
295 466 679
76 349 704
101 136 144 821
98 557
357 652
513 679
226 408 590
29 64 193 375 414 489 702
40 724
507 685
239 613
544 630
640 667 714
396 411 482
106 420 435 636
94 179 306
158 791
153 331 849
194 312
23 357 416 571 875
238 603 658
565 897
399 512
547 592
38 155 788
121 297 795
658 662 867
163 241 242 539 553 682
881 883
21 129 617 857
571 782 786
296 590
810 813
108 315 532 673
428 770
214 322
174 518
470 898
508 531 658 787
320 507 634 727
355 534 669 716
255 558 845
121 191 279 283 504
242 858
522 786 809
771 780
544 643
147 269 624
403 492 496 623 834
167 688 807
685 697
119 176 210 304 310
797 892
340 876
104 166 226 404
185 472 541
147 253 610
64 620
121 186 611
345 669 897
39 314 331 550
79 566 633
210 214
160 246 296
311 727 755
25 624 817
263 292 668
159 352
73 339
253 403 826
127 312 559
129 182 573 772 829
18 145 525 532
4 119 121 824
213 255 425
29 713
286 634 787
70 209 745
111 412 870
169 337 851
650 827
239 305 378 507 780
125 236 302 438
263 449 544
396 767
366 379 779
5 160 261 420
160 379 603
529 646 705 891
8 385
353 573
107 309 471 487
293 474 484 872
149 338 563
65 335 518
437 591 616
211 765 810
235 607
527 587 739
28 463
157 448 538
191 224 234
220 787 827
353 495
306 403 490
163 788
63 298 535
120 294
379 397 794
25 537 681
121 647
220 306 763
161 294 514 823 828
82 129 185 449 624 764 872
37 618
245 249
687 817
92 617 734 762
123 240 513 588 696 748
133 317
162 807
96 299 499
16 768
27 55 105 388 621 788 882
873 881
555 775
136 490 601
617 677 886
28 311 620
94 666 712 869
33 348 733 840
156 801
28 98 245 407
318 576 678 692
242 734 763
472 702 810
27 230
21 359 456 468
141 551 709 714
91 187 202 293 653
19 357 551 566
371 603 681
478 554
632 727
337 731
51 184 219
80 150 422 461 756
170 226 335
627 890
245 607 636
191 725
213 850
140 174 398 460
131 157
733 874
327 377 712
148 668
159 272 661
50 534 650
121 236 713 763
175 401 508 623
328 394 617
19 136 140 628 856
97 145 490 508 705 796
207 439
76 207 545
142 203 544 800 834
110 682 730 763
360 395
207 389 555
333 369 462 469
448 477 522 860
438 459 565
151 286
388 450 808
104 419 470 474 890
18 358 592 693
269 795
220 537
33 538
130 897
139 284 320 368 459 707 709
35 819
89 438
230 253 371 499 712 771
392 642 659 822
160 495 767 851
118 178 681 794
532 745
108 623
1 364 892
47 554
43 494 776 892
2 54 302 347
190 448
37 91 477 497
22 329 547
25 798
299 570 682
210 353 365 629 758
456 510
427 796
227 261 536 670 675 822
219 381
390 432 857
67 177 840
5 360 435 590
100 311
109 328 501 884
95 324
167 449
474 611 719 886
576 775 836
416 726 832 887
7 398
10 96 129 189
455 590 711 772
662 755
167 298 310 377
231 744
528 583 715
46 296 318
136 204
170 254
45 210 587
316 361 585
95 287
41 540 738 823
189 820
133 246 535 898
81 326 502
364 782
213 271 816
15 40 154 320 376 583
666 714
318 867
23 276
181 250 895
238 710
513 524
4 46 149 187 525
77 420
60 460 559 627
289 414 740
62 112 194 858 890
383 470
571 587 693 732 758
12 467 472 564 607 662
578 765
165 436 743
392 395 764
61 80 481 588
314 456 581
213 309 402
569 638
312 463 596
469 521 804
366 527 836
93 186 454 832
109 131 439 530 657
28 97 136 386
127 746 834
20 209 682
235 800
475 672
162 311 772
624 708
255 316 356 765
194 338 422
141 490 742
208 719
384 457
362 763
9 181 462 780
224 541 574 672 844
325 386 565 620 869
157 285 370 410 455 866
118 213
43 281 565 748
345 416 440
119 319 690
391 467
424 818
21 119 133 252 495
28 377 438
297 387 760
775 789
322 560 652
445 521 750 797
43 351
200 278 768
173 535 746
11 457
51 323 543 585 782 885
106 206 412 570
55 212 436 800
392 463 666
65 362 573
222 294 623 824
469 898
76 376 623
96 703
45 154 169 612 850
56 266 527
641 681 815
669 749
536 733
172 308 757 890
78 341 411 481 677
395 534 798
579 804 897
583 662 726 772 888
233 247
176 265 478 565 793
363 631
318 745
221 396
293 411
301 771
125 376
205 447
65 769
29 30 39 284 440
43 401 456 480 549 701 716
39 135 248 359 392 420 792
2 28 30 460 521 612
263 286 646 752 779 782 799
287 367 804
17 211 721 751 862
66 254 287 366 716
114 123 669
234 347 462
118 170 704
222 305 459 469 705 716
190 407 804
61 306 442 661
217 326 455 847
301 647 765
650 864
465 700
421 764
439 819 822
544 613
26 699
271 298
225 256 625 871
24 417
98 304 746
204 311 583 698 766 854
249 523 546 631
268 313 362 697
105 862
340 773 869
211 323
246 580 632
540 646 777
559 627
396 527 841
323 575
66 141 191 437 593 745
236 400
183 659
71 408
101 231
218 518 718 852
33 145 289
230 598
122 858
270 682
388 587 840
42 642 795
226 300 588 896
584 645 670 890
293 722
90 613
393 439 635
90 518 556
675 869
226 240 505 872
250 675
77 155 304
11 344 497 889
186 240
254 869
10 488 795
173 243
125 443
164 223 382
99 794
6 513 578
192 625 685 789
412 602
166 524
99 159 530
420 691 819
74 526 569 780 878
622 726 874
154 619 721 749
91 508 562
5 445 644 840
353 587
243 664
612 880
601 843
426 620 798 889
118 524 639
224 302 472 526
257 567 577 750
14 536 865
190 546 787 900
309 477
192 346 358 566
497 499 756
29 236
395 593 601
35 92 223
182 486 738
45 195 688
17 702
712 717
97 611
419 499 540 813 891
434 825
158 511 897
195 756
165 257 674
452 647
90 220 347 392
40 290 355 812 899
384 723
126 633
27 849
232 290 857
210 594 622 703
204 219
457 790
569 716
195 267
171 223 281 345 443
62 94 419 610
341 409
290 362 710
106 295 456 603
143 597 632
287 655
326 580
52 613 664 801
201 709
98 240
560 743
324 667 886
359 516 575
26 800 861
107 663
73 475 647
247 347 356 633 727
24 578 687
264 329 835
75 215 709
511 559 729
108 159
512 588
338 371 707
118 227
556 564 844
618 660
401 778
104 272 290 867
748 838
120 820
22 154 629 631
85 126 318 780 889
4 141 204 711
599 631
645 681
226 553 570
132 515 821
407 738 798
420 570
439 593 887
819 876
353 371 481 661
388 567
66 325
46 116 119 635 838
419 444
294 740
6 214 343 591
25 688
69 681 717
432 867
318 876
65 286 307 594 615 766
239 402
407 875
143 300 856
237 530
100 853
49 370 775
416 438 688 854
223 535
343 828
77 269 825
6 250
71 292 298 339
166 384 663
530 880
463 583 826
299 394
24 71 112 648
26 189
11 447 501
456 546
90 150 670
478 645 848
190 490 611
647 810 824
108 298 773
104 224 326
312 794
142 302 762 806
102 508 826
97 581 746 891
360 386
530 640 863 884
382 593 634
212 248
66 448 841
299 532 620
176 267 784 799 857
436 688
648 682
42 191 384 482
268 890
502 556
372 677
139 148 409 626
666 855
147 681
21 175 287 712 808
170 467
102 685
44 426 523 559
132 689 768 773 778
160 328 753 761
317 427
65 231 691
378 687
260 617
1 26 208 671
2 121 317
8 675
241 561 614
262 837
260 838
40 421
470 807
167 172 460
50 296 498
178 343 552 811
613 762 862
239 505
198 562 687 791 866 881
78 315 480 490
601 900
42 401
212 641
219 301 332 359 585
339 390
409 825 863
35 290
284 289 294 390 460
24 285 604
484 837
272 632 697
157 286 417
26 132 146 192 493 898
449 742
12 43 384 428 582
260 278
56 567
100 288 771
33 671
2 185 305 421 710 817
508 685 865
241 521
75 680
410 453 690 714
52 99 500 696
