1775 2601
28 107 219
362 468 1134 1657
312 1758
102 524
447 481 1344 1434 1472
1236 1700 1719
1121 1408
89 1664
311 480 804 1306
65 463 515 585 785
1 73
218 377 984
457 618
1305 1746 1760
22 451 767 1404
396 1443
638 1158 1237 1260 1623
86 146
808 1349
101 174 336 1636
575 717 1165
362 834
387 688 897 1711
38 277
61 541 1609
979 1722
231 234 519 885
851 984
403 954 1288 1589
242 664 953 1060 1593 1614
802 939
301 533
43 402
9 295 1754
1257 1489 1498
750 1215 1371 1710 1774
896 917 1527
623 747 1378 1576 1697
1053 1078
75 145 1710
32 207 247 1577
515 1280
116 380
1317 1321
1217 1456 1462
59 1208
109 150 645
106 358
1053 1188 1396
202 862 1105 1265 1760
287 734 746 837
708 1323
203 636 842 1096 1599 1717
236 1245
712 1632
1020 1346 1479
164 960
252 866
483 925 1138 1203 1266 1537
342 1153
18 992
146 398 1617
220 855 1268
262 436 780
382 840 941
31 617 1143 1625
485 808 1037 1086 1564 1683 1766
70 218 1347
258 384 1687
101 420
300 394 463 1265
1014 1532
660 757 1047 1100
335 724 1679 1730
376 655 1690
790 1231
118 1385
360 508 1708
1222 1280 1678
267 810
654 1069 1282 1564
681 1681
180 882 1314
129 705 1271
222 1016 1291 1337 1439
701 879
1200 1715
472 1023
193 248 922
125 218 531 1247
427 888 947 979
1011 1296 1525
200 1088 1156
680 1109
276 658 837
734 1349
356 551 827 1079
714 1055
388 868 1481
675 781
911 1668
450 551 1220 1309 1587
696 839 1171
391 520
31 1591
624 949
236 947
274 1096
371 584
191 833 913 1295 1585
88 565 690 811
114 354 1418 1449
528 1118 1643
726 1168 1619 1678
699 1475
1089 1720
882 1458 1480 1676
601 1743
192 1157
522 917 1225
464 508 854 1031
587 1494
495 835 1735
82 376 543 1553
175 1297 1465 1624
1324 1551
713 1182 1235 1574
145 493 819 1333
74 429 1091 1542 1708
329 361 544 562 1056
1089 1507 1721
477 586 1073 1228
192 1258
370 434 533
1325 1698
805 1149
176 553
444 1405
306 402 817
198 324 599 1283
29 1309 1468
71 1192
31 288 461
1247 1317 1460
432 610 1736
229 856 1098 1427
41 373 704 1335 1595
552 786 1644
976 1421 1452 1697
1056 1272 1585 1646 1724
486 1008 1100 1189 1472 1736 1757
645 1392 1412 1760
216 1478 1581 1738
229 679 1354
90 1578 1693
151 277 389
7 490 554 1020 1236 1369 1467 1731
712 828 1106
131 932
1100 1771
407 507 1647
339 367 453 491 951 1700
518 1078
683 716 866 1105 1245 1373 1555 1650
583 1239 1256
175 1742
220 342 350 823 1126
293 1496
110 296 1174 1286
367 576
530 921 999 1554 1651
1765 1773
831 1755
887 1047 1160 1681
810 1037 1534
1050 1282
1033 1469
50 1089
39 625
70 1160 1161
1404 1573
1304 1774
1016 1333
605 1048 1200
26 362 463
561 831 1602
178 429 1451
660 882 1766
918 1318 1564 1765
4 412 585 1329 1653
357 414
686 1617
673 922 1022 1337
598 1305 1343
167 836
348 675 1153 1393
555 936
844 1169
559 1754
102 1405 1594 1669 1750
221 303 624
159 1035
212 1271
17 269 989 1413 1729
893 1416
1296 1635
976 1283 1577
82 730
133 507 508 1014 1262 1716
181 270 1191 1481
440 663 740 1091 1494
758 912 1033 1445
325 983 1011
528 568 966
86 1108 1634
471 891 1186 1315 1671
596 865
294 343 778 1234 1536 1587
227 1232 1431
174 986
670 1123 1416
752 1444
1028 1265
346 803 958 1442
210 1566
113 847
608 1011 1030 1217
47 1333 1489 1499
11 768 1775
351 1099 1437
826 1008
414 1246 1590 1677
581 1482 1739
347 1156
86 373 737 1134
1253 1276
864 1170 1383
821 1677 1697
7 541 633 930 1114 1193 1416 1623
19 29 1115
485 842
294 500 584
139 986 1741
651 1385
347 402 875 1180 1225
307 641
101 665 1387
651 960 1090 1512
532 1549
422 467 604
401 718 739 936 1409
243 339 421 1085
254 1358
540 1623
167 1404
15 913 1036
75 580 1605
21 439
316 760
335 342
178 352 356 780 1427
402 549 597
314 396
484 1426
1078 1392 1481 1726
329 1121 1613 1669
525 916
306 1701
443 478 1193 1354 1672
338 1583
539 1080 1162
164 205
246 368
126 1264
193 657
548 646 1445
180 386 909
678 1174 1381 1699
648 771
370 1009 1069 1424
115 810 816 1748
308 525 958 1569
231 298
278 885
295 1589
76 157
80 165 630 658
1168 1429
555 720 1170 1388 1461 1625
511 781 1199 1682
620 1772
65 227 1227
881 1306
419 785 1076
959 1107
176 843 1342
229 1266 1634
380 879 1021
96 614 655 1147
50 264 1053 1147 1495
137 1659
11 26 93 414 1138 1194 1427
768 1506
801 1051
141 698 1214
1529 1666
129 1032 1302 1403
847 1006 1533
741 1300
821 873
333 1083
395 1032 1336
253 840 1220 1490 1648
228 532
189 244 1019 1179 1651
561 886 1253 1749
283 1712
71 482 668 889
261 812 1517
302 1065
668 1604
656 1105 1576
182 526
880 1216
817 1069 1247
985 1058
707 911
817 1737
293 691
46 463 1160
851 1547
202 607
318 360
90 254 636
208 529
281 833
866 1126 1303 1478
22 802 1122 1132
11 1011 1745
226 951
708 804 1351
61 153 424 638 1285
601 728
45 792 1043 1418
636 945 1596
3 542 1017 1253 1382
60 1588
97 251 1560
1116 1191 1513
789 872 1769
171 1107 1760
432 511 685
512 1390
145 1207
39 609 851 1179 1245 1575
694 1220 1519
569 1121 1623
676 968 1287
875 925 933 1006 1119 1248
220 927
7 1283 1712
338 349 390 581
353 737
514 581
73 1654 1659
987 1153
54 575 617
1227 1642
112 143 1065 1654
129 564 580 741 1062 1677
321 630 1452 1573
641 1049
156 1454
300 1115 1716
208 952
527 1056 1182 1655 1751
125 765 922 1094 1265
105 181 774 1202 1546
123 1714
276 1562
958 1355
625 650 904
66 485 1125
397 478 1442
1117 1352
51 922 1400 1523
17 98 1501
680 989
567 731 1140
981 1014 1045
103 451 1328
284 411 483 762 1017 1599
578 1206 1231 1309 1750
30 1701
609 661 1099 1156 1362
1634 1690
574 1604
488 569 1528
799 1197 1514
109 935
421 1338 1532
163 336
1144 1269
526 711 986
79 439 823 855 1737
483 1692
695 956 1081 1551
226 592
94 239 696
478 710
683 1564
32 127 595 1014 1119
857 1413 1671
179 333 741 1311
618 851 1470
823 1155
291 644 1654 1711
329 539
512 889 928 1022 1384
444 1603
258 716 935 1135 1723
27 80
25 50 1166
808 1186 1278 1419
834 1445 1506
132 1451 1625
182 718 991 1557 1605
451 1148 1370
347 752
912 1203
333 550 1255
364 1394
4 289 976 1756
1293 1342 1757
393 512 1123
115 301
235 888
303 1345
309 864 1294
143 357 1661
861 891 1134 1423
153 1427 1499
782 1503
453 1497
262 431
143 654 1108 1695
176 524 849
278 1428
340 959 1688
75 668
378 737 805
276 1004
712 809 1441
690 752 1075 1666
881 982 1462 1508 1674
217 522
239 341 718 1635 1715
615 1042
1336 1459 1584
823 1228
372 1090 1177 1614
422 442
203 1251 1547
235 686 1448
377 516 556 1184 1203
45 1433
144 1076
112 667 913
890 926 1598
31 170 1658
81 463 968 984 1479
646 1622 1765
352 942
178 614 1358
42 264 559
61 790 1305 1650 1684
124 818 1734
149 386
803 1416
460 568 599 1615
745 1110 1128 1465
422 438 779 873 1236
977 1435 1491 1665
582 1159
719 893 909 1096 1633
175 792
973 1653 1695
1062 1099 1190 1386
1226 1665
526 1296
283 1039
86 1115 1602
163 738 1226 1496
73 1119 1189 1402 1575
891 936
325 346 1114 1234 1455 1462
1128 1365
17 864 1100 1380
1509 1672
436 713 1702
520 874 1263
113 1228 1262 1443
1432 1730
172 610 1376
987 1196
702 1104
1070 1319
464 1329 1471
1438 1527 1723 1747
8 375
933 1656
644 654 727 1512
91 586 1098 1510
474 842 1049 1721
506 1672
177 247 588 1595
364 822
154 720 925 955 1117 1583
1084 1268 1738
741 826 1180 1529
705 813 1461
1268 1372
221 409 1096 1462
526 701 750 875 1104 1308
227 724 767 1452 1495 1746
850 1469 1637
144 1714
472 1098
648 674
775 780 1049
380 607 703 924
215 289
1047 1521 1565
1015 1334 1447 1611
148 261
136 1268
455 1441 1485
865 1153 1517
551 661
278 893
695 753 1395
165 570 998 1202
17 232 386 998 1102 1260 1279 1662
173 675 684
45 522 698
515 687 793 914
219 547 603
1 1230 1649 1725
470 678 1356
287 298 1032 1203
995 1497 1689
149 718
894 1172
337 391 1436
201 841 1283
682 1020 1214 1440
543 695
34 160 844
122 292 563 570 880 1422 1479
78 157 1093 1528
74 1342
658 996
431 906
496 678 1308
473 637 1342
514 1172
375 572 597 977 1549
152 243 422 1596
257 803 1028
59 259 331 637 676
122 331 773 1057
1003 1444
278 1191
61 564
400 1303 1331
784 919 1327 1349 1578
58 137 507 968 1755
1076 1258
176 278 465 1139
232 1628
235 740 911
925 1297
209 1000 1541 1683
811 1292
802 1374
166 876 1732
349 552
856 1074 1401
863 1033 1052 1624
96 663 823 907
230 1685
93 1649
506 794 1250
506 1082 1348
209 319 467
639 776 979
251 444 1174
382 506 622 1019
159 185 439 1418
29 1473 1775
314 1214 1421
455 912
251 514 991 1082 1089 1381 1723
177 206 833
712 1020 1055 1394
229 445 512
645 919
1580 1639
596 633
1203 1310 1430
888 988
83 678 762 1451
1622 1774
1037 1281
1209 1251
240 1109 1231 1349 1747
1260 1315 1558
210 951 1413
24 518 932 1566
1498 1535
677 1675
98 178 350
356 623 1098 1113 1200
872 1013 1580 1658 1746
679 1096 1469
75 502 644 1073
786 1456
48 467
620 947 951 1756
76 801 1241 1502
726 1262 1396 1564 1614
1218 1462
826 1328
1065 1066
904 1334 1390
422 466 808
317 1566
650 875 1050
214 1483
444 599 1432
204 1225 1553
143 1497
238 375 1374 1541
1499 1764
262 1329 1622 1631
142 214 619 853
501 599 698
469 575 1645
510 743 1021 1158
402 1123
554 924 1723 1725
403 816 1165
404 1719
88 390 788 920 1232
494 509 926 1750
113 981 1613
277 848
1079 1214
263 1495 1644
1179 1603
261 1430
1006 1447
501 733 1617
482 549 617 1177
1285 1574
556 760 1190 1399 1416 1655
581 668 1110 1376 1699 1731
110 1067 1247
788 867
1257 1717
893 1098 1356
1286 1435 1516
7 539 1414
99 467
93 1576
31 256 920
277 1389 1395 1755
660 1080
857 1388
604 1684
320 1208
635 811
213 653 1038 1663
488 497 1555
221 291 381 916 1175
134 687 876
809 1708 1743
556 795
447 731 1475
1164 1424 1641
586 1040 1467
102 377 1565
836 873 1365
142 625 698
202 1114 1331 1394 1724
816 862 1397
232 776 1676
354 1628
709 1124
566 1309
11 248 1735
1390 1414 1760
159 1683
339 522 651 1366 1734
794 1731
728 854 973
919 1015 1088 1646
819 1720
323 975
650 1395
427 935 1230 1270 1326
98 125 375 982 997
673 1111
1016 1021 1407
391 1305
409 1094
442 673
230 509 876 937 1750
213 1089
213 702
1457 1625
571 755 874
327 894
27 472 1263 1583
273 1557
328 430 1039 1509
1106 1435
371 575 850 1682 1685
165 1233 1443
21 441 1423
1402 1470
1146 1241
413 1774
1391 1459
1219 1353 1601
690 1352
274 422 802 1363
97 158
293 1109
68 1220
332 1530
873 962 1131 1137 1553
740 1450
997 1007
108 577 1186 1391 1401
93 697 755
1079 1551
22 76 221 332
528 1050 1063 1077 1138 1288
403 1654
146 1028 1039
699 877
48 291
431 1667
208 346
494 1189
866 1369 1444
762 1039 1152 1304 1741
598 769 1469 1496
141 186 1193 1767
944 963 1274
1108 1148 1287
761 925 1428 1584
310 453 842 861
387 1438
124 399 1706
813 930 1077 1405 1540
829 1506 1712
445 941 1161
1117 1263
404 1391 1723
1465 1607 1698
435 557 1452
420 1086 1204
230 390 456 1103
316 888
411 891 1074 1092 1770
540 585 1444 1445 1706 1745
376 942 1373 1547 1614
469 849
256 1630
27 343 503 1034 1629 1692
57 1746
47 550 900
1039 1712
350 368
125 1244
39 405
675 1148
66 1437
441 1569 1646
1384 1417
128 1168
11 17 85 821 1622
184 487 1046 1423
615 1583
300 694 924 1115 1120 1145 1231 1263 1378
1097 1161
197 203 1512 1557
262 416 1205 1642 1744
949 1103
226 419 485 618 740 741 1268
212 372
188 1557
86 705 717 1413 1650 1700
976 1126 1598
729 1349
543 1093 1769
822 1322
833 1442
577 1581
617 629
59 278 415
625 845 883 1139 1266
355 1454
815 883
146 493 1643
695 969 1028 1410 1497
769 810 828 1276
1418 1727
195 543
1443 1729
340 791 947 977 1398
346 459 512 563 990 1304 1384 1487
145 1082
1175 1267
1147 1555
1435 1441
391 970
41 206 1036
255 1150 1395 1700
29 1540
2 635
469 1145 1384 1642
103 835
505 1133 1496
123 706 997
1184 1432
363 964
443 541
251 1513
266 1009
516 1263
566 1505
1160 1248
1018 1391 1454 1642
74 769 1387
142 829 981
75 319 430 1270 1317 1662
428 430 488
1 187 275 342 380 683 1209 1687
749 1526
1042 1636
706 1263 1301 1520
341 443 444 562 650 770
2 224 469 1535
176 493 1489 1634
46 54 227 312 1412
261 303 544
350 473 520
857 1220
705 724
340 1075
783 1031 1361
727 1508 1724
122 320 1257 1525 1587
78 1460
170 354 713
276 712 847
338 1080
757 1188
737 1347
980 1412
187 902 1479 1565
353 500 1377
1103 1147 1349
706 842
149 703
13 23 379
345 491 956 1648
977 1117 1609
330 672 1385
396 1437 1562 1566 1747
872 892
566 582 885
122 174 346 1076
455 798 949 977
668 845 1355
541 1433
220 476 1163 1325
1162 1234 1487 1730
518 578 1162
7 645 1004 1231 1551
293 382 668 888
242 364 651 657 742
740 791
232 1247 1732
1033 1686
1675 1694
1468 1595
1159 1354
676 771
383 817 1666
400 830 1155
36 191 317 1086 1696
393 568 1628
729 741 844 1091
449 1569
1482 1580
505 543 734
239 395 409 1232
518 727 935
532 589
1354 1558
98 797
341 1552
61 1110
866 1063 1562
790 927
67 1207 1374 1701
127 245 336 929
302 521 1306 1627
963 1237
292 577 1455 1578
443 658 1021
588 1286
363 1715
251 346 1313 1775
90 1224 1286 1743
1221 1326
345 524 623 1540 1584
26 520 1224 1537
104 873 1573
513 770 1690
298 1257
257 778
466 790 940
876 1367
421 1159 1292 1302
89 254
595 1471
697 920 1390 1616
11 31 542 591
229 862
134 1088
484 943 1249
827 1033 1687
400 1706
62 378 1218
553 911
742 849
1036 1420
1054 1459
967 1220 1315
207 1114 1177 1436
684 695 1748
603 913 1660
362 978 1707
202 847 1052 1727
154 1033 1284 1295 1369 1643
167 234 514 661 692 830 1666
61 80 1315
1319 1555
199 777
131 592 1084 1106 1175 1730
394 1185 1750
1583 1589
482 588
307 1080 1202 1638
23 664
70 294 781 1106 1323
594 818 946 1210
784 1014 1037 1105
433 1361
268 1745
260 636 1132
121 963 1657
380 593
1186 1747
689 1450
207 1470 1499 1554
727 1334
326 1468 1606 1684
343 363 1515 1518
673 1216 1464 1546
892 1575
70 212 1724
918 1584 1773
325 438 1576
344 806 998 1317 1749
797 1183 1186 1346 1388
1197 1409 1447
445 501 1290 1342 1386 1447
27 802 1388
419 672 1612 1674
364 730 1585 1695
38 402 1745
329 595 867
56 167
269 1403 1625
556 1541
354 652 861
538 1509
431 1190 1360 1545 1705
88 908 1070 1237 1594
112 135 440 913
490 1386
230 763 1188
1102 1217 1654
103 905 1285
855 1103 1593
216 404 924
189 1020
459 1548 1586
814 840 1105 1209
265 1747
678 753 882
1433 1725
595 1634
231 1662
842 1075
920 1172
238 1329
407 707
676 1547
204 769
886 1318
409 1509
409 639 821
534 1179
71 1242
164 189 539 1330
1307 1585
641 1436
760 995 1138
1472 1674
54 421 724 1731
454 979
1596 1635
264 601
508 1032 1263 1765
208 279 837 1650 1766
1120 1535
564 941 1537
25 371 1336 1677
113 308 432 1761
1056 1321
394 406 785 1407
227 452 537
519 1260
791 1226 1254 1258
153 893 1412
1059 1232
620 676 930 994
302 1031
413 805 1353 1732
248 727 863 1387 1573
70 961 1356
964 1498
101 176 295 1460 1651
348 1755
264 1001 1619
463 724 1338
218 1326 1539
770 854
1635 1664
35 436 548 878
400 1643
83 870
521 704
595 603
57 808 1026 1724
913 1075
227 735
117 263 749
1405 1545
249 398 855
606 864 1154 1628
1527 1655 1703
730 965 1133
960 1055
609 999 1504
14 553
356 484
1329 1462 1621
702 1439
186 414 533 1247
284 751
598 1004
343 463 1449 1750 1761
284 1343 1484 1495 1645
113 1035
852 1118 1433
80 147 220 582
283 509 625 701 1131
802 1325 1421
431 1121
480 884 1436 1497 1646
513 976 1545 1673
978 1470
420 1274 1361 1736
302 1161
566 1568
137 1417 1624
1064 1727
179 220 726
94 808 1131
242 1049 1127 1292
437 570
836 897
764 1665
1247 1683
1224 1473
477 899
1221 1652
508 1214 1662
297 729 908 1036 1271 1446 1739 1756
770 780 870 1248 1724
428 509 1255 1363
104 990 1183
134 225 539 1735 1770
393 694
509 579 935
250 403 407
538 997 1119
80 160 770
370 629 1118 1252
234 350 696 1427 1468
1018 1047
124 154 409 757
643 784 1135
29 1415
790 1368
1038 1106 1272 1765
383 634 672 884 1151 1452
1070 1714
984 1157 1509 1629
760 774
991 1660
169 670 886
521 1221
99 201 439 1069 1125 1415
1125 1586
164 199 385 593 1531 1688
235 468 660 762 1358
294 458 767 1553
301 425
789 1753
159 171 478 644 1391
6 1271
102 553 1465
1021 1103 1377
279 310
32 1260
195 218 228 310
554 994 1036
98 678 1008 1622 1721 1725
159 208 764
984 1532
270 1328 1355 1556
1320 1455
207 220 816
919 1506
690 967 1661
1435 1735
13 36 1355 1361 1437 1609
170 835
40 1707
547 1103 1460 1761
245 491 615 1353 1725
5 610 632 1273 1379
1353 1427
577 739 1216
420 1528
178 646
411 748 1270
334 828 1743
896 1567
362 1470 1659
1210 1313 1536
596 901 1154
183 1621
132 403 847
355 1260 1594
174 685 971 1361
349 1485
1223 1244
490 1751
288 1013
545 822 906
391 1336
1112 1264
223 252 277
188 1587
1148 1261 1549
334 339 1182 1694
943 1357 1510
711 918 1370
134 216 1280 1308
800 859 1545
239 240 1228 1485
380 581 779
342 777
156 386 633 1208
1165 1172 1527
1011 1214
521 885 1729
263 368 437 627 790 852 1060 1074 1251
1493 1601
364 866
189 253 407 461 617
724 1228 1769
292 323
902 958
42 118 275 388 1268 1525
398 1150 1520
729 1716
210 766
605 800
668 1428 1520
846 1062 1096
150 1191
25 209 1083 1399
182 696 1474 1638
1396 1764
380 665 923 1035 1203
747 981 1010 1137 1384
125 261 292
526 1009 1356 1572
104 305 1019
572 588 1342 1410
888 1727
1222 1265
110 239 907 911 1484 1763
1513 1618
558 908 1642
176 1584
933 1043 1202
360 625 1248
500 575 810 916
331 1108
125 1223 1663
410 1178
742 1551
350 670 1732
94 724 1181
136 608 1479 1515
426 827
306 816 1086 1759
560 585 1041
452 493 646 1306 1453
251 841 922
1359 1478
6 196 200 593 1145 1265
632 794 1055
368 1626 1672 1679
709 866
438 557
610 1192 1250
267 515 584 596
322 1087
237 571 1054
741 1308
782 1030 1253
716 1081
162 1131 1379 1621
1432 1525
7 67 575 581
292 989 1049 1156 1678
949 975
369 1132 1190
257 1454
835 1326
340 363 401 932 1244
639 1237 1390 1463
376 1522
633 856
613 962 1088 1156
376 407 978 1386 1536
331 1208 1460
320 1528 1646
348 938 985 1469
572 784 916 1218 1247 1308
293 694
703 741
202 543 807
528 1230 1292 1568
222 1696
978 1215 1759 1761
210 778 1052 1617
1303 1747
322 599 748 1464 1586
1491 1756
1436 1501
1167 1417
787 1748 1775
229 951 1637
232 333 352 1034
174 1386
1130 1438 1496
363 1321
1619 1655
341 624
334 1697
173 232
1015 1389 1576
117 199 342 1167 1553 1701
467 966 1256 1552
325 338 412
270 1513
32 501 573 828
556 1295
983 1636
867 1732
1 735
797 935 1227
973 1442
276 636 1526 1617
197 677 1378
268 466 552 1715
45 156 455 1254 1485 1748
336 562
247 417
121 453 831 1432 1524
167 922 951
570 1164 1498
244 532 826 1287
255 289 479 1545
844 1294 1309 1725
98 510
354 1033 1149 1380 1774
518 1474 1645
307 1478
830 1162 1539
217 373
349 615 768
195 665 1389
67 285 1084 1134
78 144 1481
960 1579 1623
435 470 948
259 905
543 1335 1685
69 551 996 1547
245 249 1365 1594
624 776 1551
852 1047
50 237 325 687 1140 1476
56 1504 1609
12 907 1396
163 386
772 913 1254
852 997 1570
740 1292
741 973
150 406 1227 1591
261 1576
239 361
1496 1590
763 1516 1664
518 1328
197 1508 1694 1706
157 448
364 397 550 628 969
824 1124
255 1463 1497
42 1670
11 957 1603
294 431
27 97 1224
475 599
132 1714
990 1390 1616
905 1244
404 780 1240
372 694 976
478 1224 1294
163 611
198 427
262 317 700 1182 1316 1656
609 798
27 995
116 903
1379 1609
779 1635
65 428 600 674 690
228 679 1042 1206
97 314 406 733 1484
918 1465
633 761
87 765 1678
729 947 1677
55 228 235 1633
732 866
708 1126 1194
540 1086
356 1164
143 593 1579
821 1574
555 692
4 607 1150 1163
206 229 505
832 1034 1185
173 1127 1194 1528 1607
818 1296
6 858 1069 1415
742 847 1167 1505
1149 1473
1601 1644
1557 1722
450 1406
665 1275
844 866 1415 1438
245 867
673 1100 1135 1195 1687
290 339 400 1500
392 566 1019
141 261 958
321 355 1131 1479
206 315 1011
128 186 851 1082
481 1201
1297 1507
1387 1590
498 1316
360 550 870 917 1127 1276
715 1083 1536
516 1383
10 211
753 1227 1432
84 694 1555
252 452 1336 1717
195 693 963
936 1403
712 854 1053
163 208 221 335 1591
146 497 1298 1551 1604
260 503 1123
93 114 142 305
50 804 1203 1268
138 165 179 1681 1715 1720
1017 1049 1150 1260
894 1068
64 236 523 1345 1355
41 816
46 606 635
263 267 558 622 1121
6 78
142 194 294 1148
1157 1732
279 414
143 1253 1307
579 986 1328
105 207 1062
295 324 421 784
415 858 1131 1731
968 1274
942 1557
57 288 1487 1635
247 875
110 532 972 979
613 1326
1223 1442
1082 1245
2 1354
747 1393
553 611
174 193 957 1206 1273
277 1691
367 927 970 1454 1760
12 294 507
905 984 1460 1717
308 695 1264 1731
28 407
577 1326
357 521
12 655 1509
83 1594 1596
346 903 1124 1174
675 1058 1599
450 1700
1333 1364
45 368 438 660
633 1252 1625
459 515 1420
829 1546
171 966 1405
351 840
867 1171
983 1440 1621
283 467 884
36 215 592 1503 1535 1715
306 605 1042 1221
1021 1258
1227 1530
782 1454
922 1725
518 865
835 983 1285
949 1427
648 699 1088 1123
417 920 1295
103 112 1579
1096 1296 1423
855 868
886 1491
810 1736
340 654 766 1250 1736
501 846 1260 1499
332 1056
1078 1166 1754
1394 1525
447 843 1207
283 1118 1529 1586
303 857 1391
303 1441
34 676
317 1028
28 1074
410 1266
215 389 1323
438 737
439 895 1757
575 1665
993 1045 1593
1328 1501
250 395
270 1661
474 1078
22 361 1630
964 1743
324 864 913 1216
150 810 824
266 570 840 1227 1721
268 367 520
693 1299 1478
293 1641
664 958 1121
363 711 1066
561 1594 1729
97 1356 1623
506 678 1312 1753
67 660 1270 1746
429 503 975 1477
977 1053 1294 1352
853 1496
655 926
526 1177 1248
1676 1719
659 733 920 1149
716 860 1158 1555
203 1139 1466 1538
101 528 556 991 1007
779 1331 1390 1415 1545
640 965
908 1139
412 1085
885 892 1443
165 926
54 229 1070 1196
178 809 1217
40 412 1451 1455 1475 1601 1653
180 690 773 1378 1491 1703
957 1471 1608
1255 1757
710 1201
406 1204 1637
883 1472
902 1237 1605
862 1486 1646
639 896 1022 1636
80 840
112 527 655 766 1696
535 903 1493 1672 1695
255 427 1573 1631
84 1292 1301 1533 1579
632 943 1418
1185 1283
235 1445
256 943
371 639 1343 1414 1514 1557
250 804 1183
327 388 857
310 526 544 1421
1340 1716
1234 1510
88 212 835
124 501
522 646 1202 1528
560 1010 1269
1292 1336
343 1004 1147 1162
407 1287
121 164 165
263 1010 1262
18 734 995
182 450
902 1376 1483
1049 1065 1112 1430
1633 1686
1423 1694
1517 1693
263 1575 1689
954 1047 1489
146 149 238 471 771 950 1143 1570
1069 1134 1637
236 341 1192
430 869 1526
50 170 440 1212 1366 1455
890 1676
475 705 861 986 1290 1306 1562
40 181 750 802 994 1634 1774
86 546 879 1013 1344 1442 1539
375 605
110 1285
508 932
485 1367
226 1613
414 717
654 676 692 1157 1470 1500 1686
882 1150 1410
13 593 981 1414 1465
528 760 1131
540 1123 1526 1696
293 1560 1676
35 896
738 890 1699
472 997
165 910 1199 1264 1547 1674
72 459
782 996 1164
240 1162
527 1406
404 863 1014
167 335 453
639 670
266 1581 1743
259 347 1406
339 1018
733 1294 1647 1683
16 29 353 1329 1550
862 1117
514 749 908 963 1768
507 911 1516
644 1172 1553
372 644
502 670 1213
748 1658
717 915 1018 1596
547 684 1042 1690 1698
375 951 1089 1171 1363 1655
114 203 1740
384 1649
785 1139
103 192 245 885 1033 1110
364 428 1587 1765
703 705
64 586 872
582 1121
591 649 876
282 683
964 1485
469 1071
65 360 781 1089
243 1773
604 881
696 876 1041 1572
971 1187 1201
198 1700
368 1334
88 1583
577 596 732
183 371 1236
208 368
318 1729
192 1206 1543
502 574 1079
1145 1617
1142 1328
780 1575 1750
76 441 802 1489
1250 1384
870 885 1737
1462 1474 1498
722 1572
294 1529
195 785 1100 1468 1640
509 629 641 786 1034 1047 1188
122 965 1629
301 361 1010 1398 1540
491 1682
90 153 291 395 1308 1450 1589
604 691 1228
136 639 1421
138 769 1314
249 484 524 1543
568 1357
825 1158 1526
483 624
679 687 1539
195 636 1489 1677 1683
1006 1282
611 788 1115
832 967 1455
437 1078 1559
1 874 1184 1695
514 585 844 1090
263 515 970 985 1236
276 874
268 1497
1481 1661
629 1375
645 918 1381 1743
20 1502 1539 1587
241 317 392 918 981
104 256 430 1221 1434
416 1036 1258 1493
249 1188 1387 1510
1757 1775
241 346
183 1577
1320 1473
928 1223
703 1095 1467
547 722 809 1175 1337
616 1126
255 847 1415 1570 1685
487 1137 1455 1724
672 1405
281 748 1162
912 1653
21 1479
23 828 1379
1024 1590 1671
24 145 351
621 876 1570
6 70 306
87 560
27 1274
830 1234
738 1010 1540
416 871
623 1717
65 872
1005 1754
297 303 633
21 786 1513 1739
191 300 698 813
919 989 1048 1110 1674
414 820 1496 1693
284 381 1694
37 1451
506 539 827 997 1318
582 827
484 862
445 641 1121 1386
21 336 404 520 912 1092 1316
889 1377 1592 1738
16 607 638 713
361 476
278 1108 1316
339 624
448 1504
740 1019 1640
158 540 714 829
80 120 593 1053 1651
319 1399 1657 1717
702 1067 1685
640 893 1535
878 1012
452 1299 1617
1358 1535
631 1032 1433
172 237 638
7 684
403 734 1536 1608 1687
40 57 1158 1517
92 1756
112 559 1280 1338
405 1547
1043 1325
27 57 170 979 1363
141 441 1266
620 1057
663 1412
387 524
10 1283
83 1267 1497
443 1526
443 555 822 1164 1341
128 727 863 896 1015 1209
54 144 275 287 686 1550
162 1104 1550 1734
31 805 935 1470 1539
173 435 1139
791 801 935
73 685
1376 1738
450 661 841
694 1121 1412
515 1263 1513
754 1390 1451
333 1174
55 103 792
134 144 1406
609 814 1735
155 547 1236
629 1017 1216
326 711 803 1099 1312 1682
102 1166 1440 1653
304 1172
262 267 1394 1747
23 26 509 645 1665
41 640 1143 1169
357 1461
179 997 1391 1547
405 711 1579
32 1082
219 358 643 1758
162 698
253 603 618 826 1744
359 466 1017 1504
156 531
730 1351 1409 1475
19 949 1206
836 919 1331
527 833 1708
40 757 931
356 1073 1299 1736
344 435 590 798
182 1569 1590 1611
1020 1157
989 1322
443 1409 1684
838 868 891 1245 1557 1741
524 723 1397 1452 1488 1732
135 400 623
1105 1711
1087 1642
1379 1405
1152 1309 1513 1642
268 277 301 479 512
419 597 677 1178
23 279 734
1358 1418 1601
13 1288 1526 1754
1466 1757
137 1551 1739
167 1155
1437 1712
1101 1654
63 287 425 1055 1356
220 522 1055 1439
143 1133 1447
35 256 984 1037 1397
1304 1370 1625
124 464
875 1427 1590 1737
274 920 1637
266 1234
1376 1400
142 760
462 951 1326 1698
78 149
1141 1533
191 371
699 1027
279 1165 1363
177 868 1331
677 828 1167
382 1175 1350
323 958 1213
125 156 558 1055 1207 1408
895 1132
89 504 1129 1392
613 661 712 1221
320 859
1409 1589 1752
1127 1451
966 1299 1507
1432 1586
362 895 1337
439 1030 1147
230 263 830
320 1198
1378 1535
411 953 1055 1148
501 564 1225 1650
490 1000 1534
598 1218 1315 1393
675 1692
300 1367
394 852
89 207 687
523 1248
380 686 1023
110 1370 1454
1325 1659
578 770 916 1143 1758
69 1680
17 542 1138
7 355 623 663
49 142
163 1569 1573
775 1105
987 1487
1227 1495
194 427 988 1495 1659
9 896 1313 1449
684 708 1556 1621
803 957 1032 1083
150 212 1322
821 876 1040
368 753
331 1402
835 1207 1340
251 603 882 1498
503 1148
677 752 1020 1648
113 423 465 517 786 1092 1239 1312
520 1744
729 1626
190 280 440 662 781
447 1428 1769 1774
880 1097
498 978
1010 1659
540 1280
415 884 1207
122 441
11 400
390 905 1165
1217 1610
749 971 1199
1001 1208
302 1160 1678 1745
114 520
12 896
562 1346 1655
609 641
726 1481
342 1735
962 1048 1334
977 1194 1274
515 830 875
1082 1374
232 1011
360 444 559
57 812
478 1720
173 382 712 788
186 1668
972 1415 1598 1700
256 582
236 822
122 218 1190
134 209 831 1260
786 1566
308 1179 1628 1716
743 924 1101 1499
1097 1689
1436 1442 1734
450 768 1594
305 364 954 970 1145 1349 1518
629 935 1080 1758
124 286 382 438 1114
31 159 800 851 1066 1623 1751
1019 1589
922 997 1607
767 1134 1213 1257 1317 1531
29 94 360 564 1141 1647
54 1338
105 881
228 406 577
522 1052 1328 1533 1708
134 1255
1153 1327
170 448
666 1295
123 309 564 1027
698 797 1182 1366
33 622 1000 1174 1419 1507
315 1066
631 1210 1468
886 1316
652 879 1262 1405
117 149
1149 1202 1464
528 1271
122 816 1579
194 739 1672
1617 1659
13 163 873
26 112 636 763 1721
289 907 1484
264 301 507 704 1306 1582
36 205 1210 1274
542 784 813
287 822 1092
318 1627 1734
350 1103 1161 1509
214 816
455 1202
404 460 646 1118 1306 1317 1412
275 507 798 1529
446 506 1642
149 294 1312 1528 1627
261 596 677 1504
338 1226
233 397 718 1373 1703
756 1625
405 650
61 1217
570 647
259 512 895
283 728
39 800 868
960 1535
378 612 654 748 1276 1346 1629
79 1537
89 1621 1707
1062 1465
657 809 1049 1275
52 548
108 891
342 987 1140
874 1010
535 814 1372 1690
603 1073
57 157 322 615 1315 1669 1748
93 384 1086 1238
122 580 1420
1092 1761
372 647 1473
779 1245
620 956 1712
410 463
386 987
547 904
543 1117
389 615 1655
241 1596 1718
225 641 884 1709 1730
302 697 977 1011 1084 1090 1407
261 1008
861 1039
1305 1405
1283 1711 1715
994 1536 1653
957 999
642 711
68 416 1032 1694 1754
347 1661
918 1682
536 828
189 262 961 1218 1749
905 1263
283 412 674 1557
651 1005 1143
384 971 1053 1126
1010 1205 1225 1668
275 611 817 1137
488 677 1648 1743
477 493 1520
277 829 1579
223 1097
73 400 851 1098
232 1570
318 441 615
1125 1324
841 1096 1221
157 782 993
345 827 1124 1423
728 750 797 848 1228
602 1317 1622
1354 1363 1414
1051 1185 1760
92 1266 1378 1638
1284 1708
386 1153
85 197 1141 1214
12 1072
295 620 973 1283 1398
67 1451
313 591 1069 1087 1471 1720
74 111 492 592 1125
544 1234
1370 1770
383 817 1170 1296
1139 1365
989 1108 1180 1695
164 1473 1515
32 1738
720 1074 1701
338 1125 1672
1209 1493
1048 1666
790 918 1364 1449
331 571 985 1462 1533 1556
415 597 1229
991 1481
585 888 1168
534 761 1747
1137 1571
366 1031 1145 1167 1676
443 981 1737
54 132 1276 1298 1371
990 1604
213 1114 1401 1402
747 898 1067
118 682 744 1062 1251 1352 1527
384 1432
504 616 1418
58 95 864 1052
591 628 914
23 334 632 1199 1499
836 1619 1697
339 374 1184 1220 1716
421 978
372 1371
386 697 1116
590 773 865
299 882
785 1471 1511
1140 1284 1756
208 879 1019 1063 1255
237 911 1032
2 784 978
133 1272 1438
393 480 1149
54 187 785 1495
229 551 578 732
407 1387 1552 1700 1707
1008 1459
437 1061 1495
1328 1727
571 1184 1254
1110 1530
342 703
295 440 447 624
646 1218
305 1048 1724
123 279 346 914 1146
478 815 986
325 1759
847 1343 1654
102 577 726
392 479 1293
309 772
709 1257
318 759 1089 1248
627 1372 1601
885 1038 1252
513 1341
879 1222 1451
1211 1277
327 760 890 950 1010
320 714 1228
1474 1733
814 836
622 1148
86 959 1748
882 975 1424
124 293 480
383 1665
592 1715
292 503 1194 1686 1769
399 1774
714 1297
1251 1303 1584
620 1529
58 363 873 986
241 1110 1149
178 347 1087 1119 1590
23 33
399 1317
1527 1748
796 1258 1343 1363
65 1149
956 1745
212 312 889
182 630
137 341 410 1125
784 994 1179
250 734 1317
563 644 673 1124
91 472 1050
604 814 1139 1484 1513
667 923 1712
771 1425 1460
178 626 778 1377 1418
239 925
683 1674
199 1410
296 802 1467
206 371 679 684
353 448 628
519 1463
1108 1297
442 510 718 1261 1358
1034 1583
187 669 1221
1265 1704
950 1474
374 394 1125 1640
701 1253 1491
927 1194 1275 1343
248 695 942 1122 1741
354 815
215 1073
134 171
109 857 1532
598 1162 1251 1669
710 1723
332 381 788 1109
839 949
528 1332
1292 1627
1463 1637
119 173
1091 1485
188 778 1492
386 408 665 721 897 1472
525 585 880
112 561 888
194 650
22 226 544 736 1334
338 445
1079 1145 1539 1570
245 1093 1438
90 1035 1621
272 840
12 1132 1229
541 1209 1485
96 487
9 17 69 387
320 702
499 1119 1252
308 1087
605 902 1024 1597
35 601 1411 1492
110 239 306 745 1372
197 239 350 356 604
660 746
441 1214
470 1110 1156 1540
140 670 963 1065
103 671 1359 1469
419 847 1357
511 773 968
378 878 906
236 674 810
244 300 1684
108 776
277 343 879 1001
99 702 1445 1672
880 1216
761 1033
284 1253
177 466
230 322 517 921 1772
308 539 1687
57 365 805 1153 1361
209 493 625 778 1417
37 744 767 864 880 981
141 405 1438
155 863 1583
255 410 842
533 1340
22 31 857 1206
256 1052
1076 1455 1716
743 1389
45 95 750
554 1170 1412
26 1566
373 914
250 1353
1316 1673
391 476
604 1135 1352 1558
425 449 1334 1452 1772
987 1049 1706
182 341
180 993
343 463 650 737 1599
30 542 570 705 1099
66 865 1012 1591
1138 1601
29 298 798 1172 1396 1585
1741 1755
86 279 712 713
77 1084
429 551
706 783 1487
524 1062 1683 1757
221 1289
168 952
118 932 1239
222 230 876 972 1717
195 285 291 1171 1208 1444 1722
658 1564
702 1514
1052 1267
770 1131 1226 1682
644 881
683 755 886 1072
153 853 1678
14 1216 1495 1563
774 800 1271 1365
1296 1720
1427 1639
706 1179 1587
609 747 804 1251
158 376 1532
1100 1136 1294
137 1002 1192
268 1054 1152 1561 1589
158 209 718 762 1669
1179 1701
212 287 641 1540 1683
58 345
325 421 557 1182
686 1118
275 489
364 526 844 880 1299 1396 1626
71 97 422 1287
53 1025
144 1305
186 247 861
73 941 989 1544
905 1173 1691
1110 1116 1501 1599
696 809 1095 1730
213 352
217 1029 1250 1545 1723
265 327 835
1069 1765
226 302 311
161 785 888
685 706 755 1052
115 1080 1344
7 22 176 248 695
622 1453 1457
231 663 1124 1472
378 486 622 650 823 1280 1355
276 1074
306 1442
1310 1730
133 177 1229
649 1393
34 165 425
153 324 451 839 988 1087
15 402 753
157 409 510 1168 1483
182 759 889 1241
406 497 1394 1448
179 1501
100 777 896 1679
26 672 1309
1484 1601 1769
894 1473
399 1058
439 1667
67 1372
906 1421 1492 1693
87 679 1020
384 826
350 1739
649 1714
384 585 1757
415 1349
69 672 1162
604 1586
70 595 1365 1467
55 638 1085
174 244 1153
6 1204
773 782 831 978 1313 1351
362 911 1017 1283
10 35 491 595 736 743 991 1305 1625
202 292
131 1262 1456
291 1034 1706
686 996 1434
196 255 1013 1164 1713
903 1134 1728
48 1036 1572
219 1655
55 392 1496
832 976 1127 1329
28 861 1028 1157
352 1662
189 1282
234 1749
82 412 1189
83 212 858 1380
875 904 1357 1669
22 813 1428
995 1480
256 452
548 1259
525 1339
252 1749
131 215 519
1258 1536
449 1555
533 679 1694
343 478 1259 1325
112 123 532 695 782 1065 1600
581 597
574 699 765 1720
903 1620
129 189 490 1362
130 243 964
1579 1737
198 1361 1462
29 195 806 1225
623 940 1228 1445
421 979 1551
872 999 1219 1316
685 1710
735 1219 1355
1324 1413
1141 1435
2 1024
69 266
125 206 284 304 634
701 944
680 1000 1736
506 1035 1484
180 341 717 936 1185 1244 1739
159 677 720 1044
340 479 489 801 963 1014 1737
432 1206 1775
1387 1730 1752
102 257
739 1649
457 811 1114 1586 1665
1740 1762
1159 1679
330 1429
88 425
499 616 679 790
237 766 842 1127 1463 1533
524 1336
954 1681
389 635
163 633 706 734 1729
113 668 1209
1026 1723
102 1669
1060 1566
645 663 1009 1503 1628
1064 1650
571 990 1678
354 362 1016
3 779 1170
536 845 1306
317 731 1103
158 1448
392 501 517 1374
220 534 1012
171 1619
137 601 1682
129 768 811 1202 1566
72 760 985 1079 1482
617 1182
1271 1397
179 1152
81 1138 1518 1646
26 387 926 1761
222 1084
820 1665
33 1030 1443
1436 1739
654 1093
378 750 870 953 1343
66 1076 1303
204 290 542 776 859
117 1454
55 428 764 1363 1594
731 769 798 1692
526 615 790
418 1569
284 848 938 1717
455 916 1296
486 875 1083 1243
564 1346
733 1115 1428
186 550
99 581
549 1226
251 325 482
466 1425 1661
28 557 1294
177 484 896 934 1231 1718
106 162 699 789
497 1468
9 233 994
854 1407
1343 1491 1605
684 804
78 374 895 1239
257 564 661 862 974 1277 1522
40 597 1583
1224 1669
317 318 1624
153 1132 1206 1329
761 776 1738
125 889
142 231
609 841 1107 1616
2 44
284 993
23 333 771 956 1731
399 629
245 638 1397 1558
1176 1307 1685
40 174 1253
505 1607
551 1216
217 1676
318 449 1546
78 295 593
764 1344 1568
683 748
218 398 773
154 431
285 655 782 954 1199
137 179 630
578 1096 1585
718 757 833 1445
1028 1268 1433
737 988
299 573 1771
75 392 514 853 1595 1684
191 407
368 555 770 1369
242 697 708 781 1372 1489 1629
197 968 1156 1439
468 832 949 1239
508 615 1270 1705
258 330 927
124 490 759 959
403 464 1300
1160 1494
189 597 848 857 864 1441
1055 1118 1448
175 518 797 1109 1470
253 897 1701
87 488
384 865 1360
548 1280
862 879 958 1256 1468 1721
270 1240 1394
1 747 1145
517 648 739
175 708 991 1759
263 388
271 731 1303 1417
234 543 1051
694 1183
244 1603 1634
392 1073
694 1461
32 655 780 1325
644 1214 1539
99 635 1315
137 1109
402 693 1549
757 776 1153
389 722
725 1050
922 1132 1374
301 501 956 957 1184
464 1367
565 998 1350 1615
449 1452
502 522 1245
439 867 1679
270 1394 1712
87 96
817 985 1469
1201 1477 1769
357 1080
479 1207
297 1407
792 1027 1361 1754
861 899 1510
78 849 1643
783 1003
331 999
396 733 1218 1510
914 938
286 333 1603
801 1063 1240 1537
383 1297
873 904
351 726 1528 1760
686 1480
