500 12538
1 4
1 57
1 61
1 62
1 68
1 82
1 84
1 92
1 98
1 109
1 152
1 161
1 176
1 181
1 201
1 210
1 213
1 220
1 227
1 231
1 236
1 262
1 270
1 272
1 273
1 277
1 280
1 286
1 294
1 303
1 305
1 327
1 330
1 358
1 359
1 360
1 368
1 381
1 407
1 416
1 431
1 433
1 434
1 438
1 440
1 448
1 453
1 461
1 469
1 473
2 29
2 49
2 53
2 60
2 62
2 65
2 78
2 81
2 87
2 104
2 117
2 128
2 138
2 143
2 175
2 177
2 184
2 203
2 204
2 207
2 227
2 250
2 254
2 263
2 278
2 299
2 320
2 328
2 342
2 343
2 347
2 353
2 388
2 409
2 414
2 416
2 432
2 454
2 457
2 461
2 474
3 21
3 23
3 24
3 25
3 28
3 29
3 33
3 39
3 65
3 67
3 88
3 100
3 110
3 117
3 130
3 134
3 137
3 139
3 153
3 159
3 167
3 170
3 171
3 172
3 173
3 180
3 188
3 193
3 209
3 214
3 224
3 225
3 238
3 239
3 241
3 245
3 258
3 260
3 263
3 272
3 277
3 284
3 290
3 294
3 332
3 358
3 367
3 370
3 371
3 377
3 379
3 391
3 406
3 412
3 424
3 436
3 438
3 441
3 443
3 445
3 447
3 479
3 483
3 484
3 491
3 497
4 12
4 24
4 27
4 30
4 40
4 43
4 45
4 51
4 60
4 67
4 77
4 79
4 103
4 109
4 115
4 121
4 134
4 155
4 173
4 197
4 200
4 217
4 218
4 220
4 227
4 236
4 241
4 242
4 244
4 257
4 258
4 263
4 294
4 297
4 314
4 317
4 339
4 355
4 359
4 363
4 368
4 377
4 383
4 391
4 393
4 399
4 402
4 417
4 431
4 434
4 440
4 442
4 452
4 492
4 499
5 31
5 39
5 56
5 58
5 61
5 69
5 87
5 91
5 129
5 136
5 138
5 151
5 152
5 160
5 162
5 163
5 166
5 167
5 177
5 203
5 214
5 235
5 245
5 248
5 252
5 283
5 285
5 287
5 288
5 290
5 293
5 313
5 318
5 332
5 342
5 345
5 348
5 355
5 364
5 371
5 373
5 394
5 400
5 409
5 423
5 447
5 454
5 470
5 484
5 492
5 499
6 9
6 11
6 18
6 25
6 44
6 49
6 52
6 67
6 71
6 89
6 91
6 94
6 105
6 115
6 162
6 179
6 182
6 193
6 207
6 243
6 248
6 249
6 257
6 267
6 296
6 303
6 314
6 335
6 338
6 340
6 353
6 354
6 375
6 378
6 384
6 394
6 395
6 399
6 404
6 418
6 429
6 430
6 443
6 455
6 467
6 498
7 16
7 24
7 26
7 61
7 70
7 71
7 76
7 94
7 95
7 120
7 122
7 127
7 133
7 146
7 155
7 158
7 179
7 182
7 190
7 192
7 223
7 224
7 238
7 242
7 243
7 245
7 253
7 254
7 255
7 259
7 286
7 289
7 293
7 298
7 299
7 317
7 327
7 331
7 413
7 414
7 416
7 419
7 436
7 450
7 459
7 461
7 466
7 467
7 475
7 491
8 12
8 20
8 34
8 52
8 59
8 63
8 67
8 76
8 90
8 95
8 107
8 112
8 123
8 156
8 167
8 180
8 184
8 213
8 237
8 253
8 270
8 278
8 279
8 296
8 301
8 308
8 323
8 332
8 338
8 349
8 372
8 383
8 388
8 404
8 442
8 447
8 470
8 474
8 481
8 492
8 496
8 498
9 34
9 35
9 36
9 40
9 42
9 59
9 64
9 73
9 88
9 99
9 104
9 113
9 137
9 148
9 149
9 160
9 164
9 165
9 179
9 187
9 190
9 199
9 203
9 221
9 222
9 229
9 231
9 262
9 264
9 274
9 276
9 291
9 295
9 298
9 302
9 309
9 315
9 321
9 352
9 360
9 371
9 372
9 381
9 387
9 407
9 421
9 436
9 445
9 467
9 469
9 478
9 482
9 491
9 495
10 29
10 37
10 39
10 55
10 59
10 74
10 85
10 87
10 138
10 148
10 155
10 188
10 196
10 223
10 227
10 254
10 273
10 298
10 312
10 318
10 322
10 342
10 349
10 358
10 365
10 369
10 374
10 381
10 386
10 395
10 397
10 401
10 421
10 422
10 451
10 498
11 17
11 20
11 21
11 26
11 31
11 35
11 41
11 43
11 47
11 50
11 56
11 63
11 90
11 101
11 107
11 108
11 110
11 111
11 116
11 134
11 172
11 178
11 184
11 186
11 208
11 226
11 232
11 239
11 242
11 248
11 255
11 263
11 269
11 271
11 296
11 298
11 312
11 320
11 350
11 351
11 352
11 386
11 394
11 397
11 406
11 410
11 413
11 443
11 446
11 452
11 453
11 467
11 484
11 494
11 497
12 15
12 19
12 24
12 26
12 29
12 34
12 39
12 44
12 50
12 66
12 83
12 84
12 89
12 116
12 119
12 120
12 131
12 148
12 152
12 159
12 181
12 186
12 196
12 248
12 270
12 276
12 296
12 299
12 300
12 301
12 303
12 312
12 313
12 317
12 330
12 339
12 341
12 361
12 368
12 377
12 385
12 399
12 404
12 407
12 408
12 420
12 422
12 435
12 438
12 459
12 474
12 478
12 494
12 496
13 36
13 40
13 51
13 52
13 67
13 69
13 87
13 88
13 90
13 93
13 101
13 108
13 125
13 126
13 132
13 133
13 144
13 150
13 155
13 166
13 169
13 170
13 200
13 237
13 240
13 252
13 254
13 257
13 258
13 272
13 281
13 288
13 305
13 322
13 332
13 347
13 357
13 370
13 375
13 377
13 389
13 391
13 392
13 406
13 422
13 441
13 454
13 461
13 465
13 476
13 488
13 496
14 16
14 19
14 27
14 47
14 50
14 54
14 80
14 84
14 85
14 110
14 151
14 152
14 160
14 170
14 178
14 181
14 182
14 184
14 188
14 189
14 190
14 193
14 198
14 202
14 211
14 216
14 219
14 244
14 276
14 282
14 286
14 304
14 335
14 341
14 349
14 353
14 366
14 368
14 371
14 393
14 394
14 411
14 431
14 432
14 440
14 449
14 457
14 459
14 464
14 476
14 479
15 19
15 56
15 64
15 68
15 73
15 82
15 115
15 138
15 140
15 141
15 145
15 151
15 162
15 180
15 193
15 218
15 233
15 240
15 252
15 258
15 259
15 268
15 269
15 280
15 302
15 320
15 323
15 377
15 386
15 387
15 411
15 413
15 430
15 437
15 445
15 452
15 454
15 463
15 465
15 497
16 41
16 42
16 43
16 51
16 53
16 73
16 76
16 79
16 102
16 106
16 108
16 114
16 120
16 141
16 149
16 169
16 172
16 193
16 202
16 212
16 214
16 234
16 236
16 275
16 289
16 293
16 326
16 347
16 352
16 367
16 368
16 374
16 383
16 388
16 405
16 426
16 445
16 479
16 481
16 484
16 500
17 25
17 26
17 29
17 33
17 38
17 43
17 58
17 59
17 63
17 68
17 70
17 83
17 86
17 97
17 107
17 132
17 144
17 148
17 154
17 172
17 178
17 180
17 188
17 208
17 225
17 232
17 245
17 265
17 267
17 272
17 283
17 289
17 290
17 304
17 317
17 336
17 342
17 355
17 361
17 379
17 382
17 389
17 391
17 394
17 410
17 411
17 422
17 480
17 481
18 32
18 39
18 50
18 56
18 61
18 74
18 84
18 92
18 93
18 98
18 100
18 115
18 116
18 143
18 147
18 154
18 174
18 220
18 222
18 225
18 235
18 241
18 243
18 245
18 249
18 255
18 261
18 267
18 268
18 286
18 290
18 297
18 316
18 328
18 361
18 362
18 381
18 383
18 411
18 431
18 435
18 436
18 445
18 456
18 468
18 469
18 478
18 479
19 23
19 49
19 58
19 95
19 101
19 102
19 109
19 123
19 132
19 138
19 147
19 155
19 158
19 167
19 175
19 197
19 198
19 202
19 213
19 220
19 230
19 247
19 261
19 271
19 286
19 305
19 321
19 322
19 327
19 330
19 336
19 349
19 376
19 383
19 389
19 406
19 418
19 423
19 437
19 438
19 451
19 498
20 23
20 28
20 46
20 50
20 62
20 70
20 76
20 91
20 95
20 111
20 138
20 154
20 165
20 201
20 203
20 229
20 234
20 246
20 262
20 271
20 274
20 275
20 276
20 297
20 310
20 327
20 341
20 342
20 350
20 354
20 370
20 373
20 374
20 383
20 388
20 410
20 412
20 430
20 437
20 455
20 458
20 459
20 463
20 471
20 484
20 492
21 22
21 60
21 61
21 64
21 84
21 92
21 115
21 117
21 135
21 146
21 164
21 173
21 177
21 193
21 208
21 212
21 230
21 233
21 242
21 250
21 252
21 267
21 276
21 284
21 289
21 293
21 310
21 331
21 333
21 349
21 350
21 352
21 354
21 360
21 362
21 363
21 378
21 407
21 412
21 415
21 427
21 437
21 443
21 450
21 466
21 479
21 481
21 482
21 484
21 485
21 489
21 493
22 23
22 34
22 36
22 40
22 43
22 70
22 85
22 121
22 122
22 135
22 136
22 138
22 144
22 160
22 161
22 163
22 184
22 204
22 256
22 257
22 292
22 302
22 311
22 324
22 334
22 356
22 359
22 373
22 376
22 380
22 382
22 383
22 388
22 400
22 406
22 443
22 478
22 482
22 500
23 39
23 45
23 62
23 75
23 111
23 117
23 118
23 129
23 134
23 140
23 143
23 156
23 162
23 169
23 173
23 180
23 184
23 186
23 199
23 217
23 227
23 238
23 267
23 279
23 302
23 323
23 325
23 330
23 352
23 358
23 363
23 382
23 407
23 422
23 428
23 435
23 439
23 440
23 465
23 472
23 480
23 483
23 492
23 497
23 500
24 46
24 75
24 77
24 88
24 105
24 106
24 109
24 128
24 129
24 139
24 143
24 144
24 169
24 224
24 226
24 239
24 243
24 260
24 261
24 291
24 292
24 306
24 316
24 327
24 334
24 358
24 359
24 360
24 367
24 368
24 378
24 410
24 411
24 413
24 429
24 437
24 439
24 441
24 444
24 491
25 29
25 30
25 35
25 51
25 65
25 79
25 83
25 98
25 101
25 102
25 107
25 126
25 128
25 136
25 146
25 148
25 150
25 156
25 180
25 195
25 202
25 209
25 219
25 223
25 226
25 247
25 263
25 264
25 288
25 307
25 320
25 323
25 343
25 351
25 353
25 373
25 376
25 377
25 385
25 403
25 413
25 427
25 431
25 432
25 444
25 470
25 471
25 475
25 484
25 487
25 500
26 27
26 43
26 51
26 56
26 64
26 66
26 71
26 72
26 77
26 85
26 86
26 90
26 103
26 113
26 116
26 136
26 137
26 138
26 142
26 149
26 159
26 177
26 189
26 192
26 210
26 215
26 216
26 233
26 235
26 241
26 247
26 262
26 265
26 275
26 279
26 282
26 289
26 291
26 314
26 325
26 331
26 362
26 377
26 383
26 390
26 394
26 398
26 415
26 417
26 447
26 453
26 470
26 477
26 486
27 31
27 33
27 41
27 42
27 52
27 56
27 57
27 66
27 68
27 71
27 73
27 74
27 107
27 113
27 119
27 141
27 158
27 159
27 161
27 163
27 167
27 174
27 177
27 183
27 212
27 216
27 221
27 233
27 245
27 253
27 271
27 279
27 284
27 302
27 308
27 361
27 365
27 373
27 381
27 392
27 394
27 417
27 418
27 422
27 425
27 433
27 435
27 447
27 450
27 452
27 459
27 469
27 487
27 491
27 492
27 496
28 33
28 35
28 36
28 37
28 48
28 73
28 78
28 99
28 100
28 102
28 111
28 112
28 114
28 118
28 123
28 132
28 138
28 159
28 167
28 195
28 210
28 277
28 295
28 297
28 299
28 313
28 325
28 327
28 354
28 357
28 370
28 381
28 398
28 408
28 417
28 427
28 428
28 439
28 441
28 447
28 448
28 462
28 478
28 491
28 494
28 495
29 37
29 39
29 41
29 46
29 58
29 64
29 81
29 86
29 87
29 89
29 92
29 94
29 98
29 101
29 126
29 128
29 130
29 143
29 146
29 168
29 188
29 190
29 198
29 199
29 223
29 225
29 242
29 246
29 249
29 262
29 311
29 315
29 319
29 323
29 332
29 337
29 342
29 347
29 361
29 378
29 379
29 400
29 408
29 414
29 424
29 438
29 462
29 480
29 485
29 489
29 494
30 44
30 45
30 51
30 53
30 56
30 64
30 88
30 102
30 126
30 132
30 133
30 136
30 140
30 141
30 142
30 155
30 164
30 167
30 170
30 178
30 179
30 188
30 216
30 217
30 218
30 221
30 229
30 230
30 237
30 243
30 245
30 249
30 250
30 301
30 304
30 312
30 315
30 339
30 351
30 382
30 385
30 411
30 435
30 443
30 448
30 457
30 465
30 469
30 476
30 499
31 33
31 70
31 88
31 101
31 120
31 122
31 137
31 148
31 160
31 161
31 181
31 182
31 194
31 222
31 248
31 260
31 262
31 275
31 291
31 298
31 304
31 306
31 309
31 311
31 323
31 325
31 335
31 354
31 366
31 374
31 392
31 425
31 426
31 430
31 442
31 444
31 446
31 456
31 464
31 465
31 478
31 484
31 496
32 43
32 58
32 61
32 69
32 74
32 85
32 95
32 97
32 103
32 112
32 140
32 145
32 163
32 172
32 176
32 183
32 184
32 187
32 190
32 196
32 214
32 217
32 219
32 225
32 242
32 246
32 247
32 258
32 284
32 299
32 314
32 331
32 350
32 357
32 359
32 364
32 366
32 371
32 405
32 420
32 444
32 449
32 465
32 468
32 477
32 487
32 492
32 495
33 50
33 52
33 63
33 88
33 96
33 97
33 114
33 126
33 148
33 154
33 182
33 183
33 196
33 204
33 210
33 211
33 218
33 228
33 231
33 236
33 239
33 254
33 255
33 266
33 273
33 282
33 292
33 308
33 310
33 324
33 334
33 344
33 345
33 388
33 390
33 396
33 409
33 428
33 435
33 450
33 461
33 484
33 493
34 48
34 61
34 94
34 95
34 112
34 117
34 127
34 131
34 146
34 152
34 166
34 169
34 172
34 178
34 185
34 197
34 198
34 214
34 216
34 221
34 227
34 230
34 232
34 259
34 263
34 266
34 272
34 275
34 276
34 304
34 306
34 307
34 310
34 326
34 332
34 333
34 349
34 361
34 405
34 406
34 429
34 435
34 445
34 449
34 452
34 481
34 494
35 50
35 54
35 65
35 81
35 93
35 95
35 105
35 111
35 118
35 119
35 122
35 137
35 144
35 156
35 160
35 174
35 189
35 211
35 222
35 231
35 235
35 236
35 271
35 296
35 297
35 299
35 310
35 311
35 317
35 326
35 334
35 347
35 350
35 355
35 369
35 370
35 375
35 381
35 383
35 386
35 409
35 429
35 433
35 435
35 437
35 439
35 440
35 461
35 472
35 476
35 483
35 491
35 498
36 40
36 45
36 46
36 49
36 67
36 73
36 87
36 94
36 102
36 107
36 108
36 118
36 123
36 134
36 137
36 138
36 149
36 155
36 159
36 167
36 183
36 185
36 188
36 214
36 217
36 228
36 230
36 239
36 252
36 262
36 275
36 277
36 307
36 318
36 325
36 329
36 333
36 336
36 342
36 349
36 351
36 395
36 396
36 406
36 424
36 425
36 428
36 432
36 438
36 451
36 452
36 458
36 476
36 487
36 493
36 498
37 42
37 46
37 57
37 61
37 71
37 82
37 99
37 106
37 116
37 129
37 131
37 135
37 136
37 145
37 153
37 159
37 163
37 167
37 169
37 171
37 192
37 200
37 214
37 217
37 238
37 250
37 275
37 294
37 300
37 309
37 310
37 312
37 316
37 335
37 344
37 345
37 346
37 349
37 352
37 361
37 363
37 371
37 379
37 385
37 394
37 398
37 408
37 452
37 462
37 469
37 479
37 486
37 493
38 40
38 60
38 70
38 85
38 118
38 131
38 146
38 147
38 167
38 181
38 182
38 195
38 205
38 207
38 216
38 224
38 228
38 244
38 251
38 252
38 264
38 276
38 289
38 295
38 297
38 303
38 306
38 309
38 315
38 328
38 348
38 357
38 369
38 384
38 387
38 428
38 439
38 451
38 465
38 475
38 495
38 498
39 45
39 52
39 65
39 72
39 73
39 95
39 97
39 98
39 114
39 117
39 128
39 134
39 138
39 155
39 165
39 173
39 188
39 193
39 195
39 209
39 212
39 228
39 251
39 252
39 253
39 285
39 288
39 311
39 315
39 354
39 358
39 360
39 376
39 382
39 383
39 386
39 390
39 393
39 413
39 415
39 430
39 437
39 464
39 466
39 467
39 472
39 477
39 488
40 52
40 81
40 89
40 94
40 100
40 108
40 113
40 125
40 130
40 136
40 158
40 164
40 172
40 181
40 186
40 189
40 203
40 216
40 223
40 225
40 226
40 227
40 251
40 255
40 258
40 264
40 267
40 273
40 295
40 313
40 339
40 342
40 359
40 368
40 379
40 391
40 414
40 415
40 418
40 420
40 423
40 446
40 472
40 478
40 480
40 488
40 497
41 63
41 73
41 135
41 149
41 154
41 173
41 200
41 203
41 207
41 211
41 212
41 222
41 223
41 246
41 250
41 271
41 276
41 292
41 298
41 299
41 310
41 326
41 345
41 354
41 385
41 388
41 420
41 422
41 427
41 446
41 456
41 465
41 478
41 480
41 491
41 500
42 43
42 53
42 55
42 92
42 99
42 131
42 139
42 143
42 149
42 193
42 202
42 211
42 216
42 220
42 221
42 243
42 250
42 268
42 271
42 291
42 295
42 309
42 314
42 316
42 331
42 333
42 335
42 346
42 365
42 366
42 374
42 382
42 385
42 387
42 395
42 402
42 410
42 411
42 414
42 420
42 423
42 424
42 443
42 482
42 490
43 50
43 59
43 80
43 89
43 93
43 101
43 107
43 123
43 144
43 165
43 170
43 183
43 206
43 215
43 219
43 223
43 225
43 233
43 242
43 244
43 252
43 253
43 256
43 280
43 285
43 293
43 296
43 302
43 304
43 307
43 310
43 351
43 360
43 381
43 384
43 390
43 395
43 399
43 422
43 439
43 441
43 447
43 473
43 486
43 494
44 46
44 50
44 51
44 59
44 69
44 79
44 93
44 122
44 124
44 126
44 131
44 145
44 154
44 156
44 157
44 179
44 197
44 202
44 208
44 209
44 254
44 264
44 285
44 299
44 312
44 334
44 336
44 348
44 370
44 374
44 378
44 385
44 397
44 401
44 442
44 448
44 452
44 460
44 477
44 481
44 488
44 491
45 47
45 64
45 72
45 94
45 98
45 115
45 121
45 129
45 145
45 191
45 197
45 201
45 202
45 208
45 261
45 265
45 269
45 271
45 279
45 307
45 309
45 310
45 311
45 326
45 334
45 341
45 349
45 359
45 387
45 400
45 412
45 414
45 427
45 428
45 459
45 467
45 468
45 472
45 474
45 478
45 479
45 482
45 483
45 487
45 490
45 493
45 499
46 56
46 57
46 58
46 62
46 78
46 91
46 102
46 121
46 125
46 127
46 149
46 167
46 185
46 187
46 200
46 210
46 217
46 229
46 252
46 272
46 276
46 301
46 311
46 335
46 345
46 354
46 366
46 380
46 389
46 392
46 403
46 416
46 417
46 434
46 448
46 454
46 474
46 477
46 478
46 480
46 492
47 49
47 76
47 91
47 104
47 114
47 115
47 122
47 127
47 128
47 129
47 155
47 170
47 186
47 205
47 224
47 257
47 268
47 272
47 277
47 280
47 285
47 293
47 299
47 319
47 326
47 329
47 339
47 340
47 349
47 350
47 352
47 356
47 365
47 370
47 380
47 387
47 390
47 391
47 392
47 393
47 411
47 412
47 419
47 430
47 440
47 441
47 447
47 455
47 457
47 461
47 465
47 473
48 58
48 86
48 89
48 91
48 92
48 109
48 111
48 128
48 133
48 140
48 147
48 179
48 180
48 181
48 189
48 191
48 217
48 236
48 245
48 246
48 249
48 255
48 256
48 266
48 269
48 274
48 280
48 323
48 341
48 365
48 367
48 368
48 369
48 392
48 398
48 407
48 410
48 416
48 418
48 421
48 427
48 432
48 440
48 451
48 455
48 465
48 477
48 481
48 486
48 490
48 495
48 496
48 497
49 61
49 66
49 67
49 69
49 73
49 86
49 88
49 89
49 90
49 98
49 105
49 107
49 111
49 115
49 143
49 144
49 161
49 167
49 168
49 193
49 234
49 236
49 271
49 274
49 281
49 309
49 326
49 330
49 334
49 348
49 351
49 372
49 377
49 382
49 403
49 420
49 441
49 449
49 455
49 467
49 473
50 74
50 78
50 89
50 99
50 101
50 109
50 127
50 133
50 137
50 152
50 161
50 169
50 170
50 197
50 198
50 200
50 218
50 223
50 245
50 250
50 259
50 261
50 262
50 283
50 290
50 299
50 316
50 319
50 332
50 352
50 357
50 363
50 382
50 384
50 390
50 405
50 429
50 430
50 447
50 466
50 471
50 480
51 59
51 66
51 69
51 74
51 80
51 94
51 95
51 100
51 103
51 104
51 111
51 114
51 116
51 133
51 147
51 160
51 167
51 174
51 175
51 191
51 240
51 255
51 263
51 264
51 296
51 297
51 307
51 314
51 327
51 345
51 350
51 367
51 376
51 392
51 394
51 420
51 424
51 425
51 442
51 450
51 453
51 462
51 465
51 473
52 57
52 67
52 72
52 79
52 85
52 99
52 101
52 102
52 109
52 113
52 119
52 123
52 124
52 125
52 132
52 156
52 158
52 159
52 164
52 166
52 183
52 193
52 219
52 222
52 226
52 249
52 257
52 273
52 281
52 283
52 354
52 360
52 363
52 364
52 375
52 380
52 387
52 393
52 406
52 409
52 437
52 439
52 443
52 450
52 453
52 478
52 485
52 496
52 500
53 57
53 59
53 60
53 70
53 85
53 93
53 95
53 98
53 102
53 104
53 107
53 114
53 115
53 140
53 162
53 163
53 172
53 173
53 178
53 181
53 202
53 213
53 216
53 227
53 230
53 246
53 256
53 282
53 295
53 318
53 322
53 336
53 351
53 359
53 362
53 368
53 386
53 391
53 398
53 403
53 409
53 410
53 414
53 415
53 441
53 442
53 462
53 467
53 470
53 472
53 482
53 497
53 500
54 59
54 63
54 66
54 111
54 125
54 128
54 130
54 132
54 133
54 140
54 147
54 158
54 159
54 175
54 177
54 179
54 182
54 215
54 225
54 227
54 241
54 248
54 255
54 277
54 278
54 290
54 293
54 311
54 370
54 377
54 378
54 379
54 381
54 385
54 389
54 392
54 395
54 406
54 410
54 414
54 424
54 439
54 457
54 485
54 488
54 491
54 496
55 57
55 62
55 65
55 67
55 77
55 82
55 86
55 92
55 94
55 95
55 96
55 100
55 111
55 113
55 130
55 135
55 157
55 158
55 160
55 183
55 201
55 208
55 209
55 214
55 221
55 224
55 243
55 248
55 269
55 277
55 329
55 343
55 347
55 351
55 357
55 358
55 371
55 377
55 385
55 403
55 418
55 420
55 432
55 441
55 445
55 485
56 61
56 69
56 76
56 88
56 131
56 137
56 139
56 143
56 145
56 148
56 171
56 173
56 184
56 187
56 192
56 213
56 216
56 220
56 242
56 246
56 251
56 263
56 271
56 280
56 293
56 295
56 299
56 300
56 307
56 328
56 354
56 360
56 369
56 371
56 372
56 391
56 417
56 436
56 437
56 438
56 444
56 453
56 460
56 476
56 479
56 492
56 497
57 66
57 83
57 84
57 95
57 111
57 124
57 127
57 141
57 152
57 153
57 155
57 193
57 201
57 204
57 217
57 225
57 235
57 245
57 248
57 250
57 272
57 324
57 325
57 331
57 333
57 335
57 344
57 348
57 349
57 369
57 375
57 377
57 389
57 412
57 413
57 420
57 451
57 454
57 455
57 459
57 463
57 483
57 492
57 496
57 500
58 60
58 78
58 82
58 87
58 91
58 94
58 98
58 101
58 106
58 113
58 129
58 150
58 151
58 154
58 157
58 163
58 174
58 185
58 186
58 191
58 212
58 250
58 252
58 261
58 267
58 270
58 282
58 285
58 303
58 337
58 360
58 364
58 367
58 369
58 385
58 393
58 401
58 402
58 418
58 431
58 471
58 475
58 499
59 60
59 67
59 80
59 83
59 110
59 123
59 127
59 130
59 154
59 160
59 161
59 167
59 170
59 176
59 184
59 187
59 200
59 202
59 218
59 244
59 271
59 276
59 278
59 279
59 288
59 293
59 297
59 298
59 300
59 314
59 321
59 322
59 324
59 332
59 336
59 338
59 340
59 355
59 358
59 359
59 370
59 394
59 399
59 411
59 414
59 427
59 430
59 435
59 438
59 446
59 450
59 452
59 455
59 469
59 472
59 483
59 499
60 66
60 92
60 94
60 96
60 98
60 104
60 106
60 144
60 147
60 149
60 160
60 161
60 165
60 182
60 190
60 209
60 216
60 226
60 236
60 241
60 243
60 244
60 248
60 282
60 295
60 301
60 331
60 341
60 342
60 346
60 353
60 359
60 367
60 379
60 382
60 385
60 394
60 406
60 420
60 427
60 429
60 455
60 456
60 460
60 467
60 472
60 478
60 484
60 485
61 63
61 67
61 76
61 82
61 90
61 93
61 97
61 111
61 121
61 122
61 127
61 152
61 153
61 157
61 161
61 163
61 166
61 192
61 193
61 196
61 198
61 210
61 212
61 220
61 221
61 222
61 233
61 245
61 249
61 251
61 261
61 263
61 266
61 267
61 271
61 272
61 292
61 324
61 347
61 348
61 357
61 359
61 376
61 377
61 378
61 394
61 406
61 415
61 419
61 421
61 433
61 445
61 457
61 458
61 479
61 482
61 484
61 494
62 72
62 94
62 109
62 118
62 134
62 138
62 143
62 163
62 179
62 185
62 199
62 211
62 232
62 233
62 240
62 257
62 264
62 291
62 295
62 299
62 315
62 324
62 337
62 352
62 356
62 365
62 384
62 393
62 394
62 406
62 455
62 458
62 459
62 478
62 487
62 493
63 99
63 108
63 114
63 128
63 138
63 143
63 144
63 147
63 148
63 154
63 158
63 169
63 177
63 186
63 207
63 212
63 226
63 232
63 238
63 244
63 259
63 266
63 271
63 278
63 285
63 292
63 294
63 304
63 319
63 338
63 346
63 347
63 353
63 354
63 358
63 362
63 373
63 379
63 394
63 401
63 419
63 433
63 451
63 456
63 459
63 472
63 488
63 496
64 73
64 81
64 86
64 89
64 99
64 111
64 118
64 122
64 142
64 157
64 177
64 178
64 187
64 189
64 192
64 195
64 204
64 215
64 217
64 222
64 223
64 236
64 257
64 259
64 262
64 269
64 271
64 279
64 295
64 304
64 327
64 330
64 337
64 343
64 370
64 379
64 398
64 414
64 416
64 426
64 428
64 432
64 443
64 449
64 463
64 494
64 495
64 496
65 70
65 75
65 76
65 85
65 87
65 119
65 144
65 166
65 184
65 212
65 221
65 253
65 273
65 288
65 297
65 304
65 324
65 326
65 328
65 337
65 351
65 370
65 399
65 405
65 421
65 431
65 433
65 434
65 435
65 448
65 451
65 477
65 479
65 490
65 497
66 100
66 116
66 121
66 126
66 135
66 141
66 150
66 174
66 179
66 183
66 233
66 253
66 256
66 259
66 269
66 281
66 284
66 295
66 302
66 315
66 326
66 332
66 352
66 360
66 366
66 376
66 387
66 389
66 425
66 461
66 463
66 488
66 496
67 75
67 98
67 101
67 109
67 119
67 127
67 128
67 139
67 146
67 153
67 157
67 161
67 196
67 209
67 213
67 215
67 222
67 228
67 235
67 243
67 254
67 266
67 269
67 279
67 283
67 289
67 344
67 348
67 353
67 358
67 366
67 402
67 407
67 414
67 415
67 421
67 432
67 436
67 443
67 461
67 477
67 482
67 496
67 500
68 73
68 74
68 80
68 83
68 101
68 108
68 113
68 117
68 122
68 130
68 146
68 148
68 151
68 156
68 163
68 173
68 190
68 195
68 197
68 198
68 200
68 215
68 230
68 234
68 243
68 247
68 250
68 270
68 274
68 275
68 292
68 306
68 307
68 329
68 368
68 375
68 376
68 388
68 390
68 392
68 400
68 402
68 405
68 417
68 418
68 422
68 427
68 433
68 444
68 453
68 464
68 478
68 488
68 490
69 70
69 72
69 80
69 88
69 122
69 125
69 138
69 148
69 159
69 163
69 175
69 178
69 183
69 191
69 205
69 209
69 215
69 222
69 225
69 238
69 240
69 248
69 252
69 255
69 271
69 279
69 308
69 309
69 311
69 336
69 352
69 361
69 377
69 378
69 380
69 393
69 396
69 431
69 443
69 447
69 454
69 461
69 472
69 483
69 485
69 494
70 73
70 76
70 77
70 85
70 115
70 118
70 152
70 165
70 194
70 201
70 215
70 216
70 220
70 228
70 235
70 247
70 257
70 275
70 281
70 288
70 300
70 309
70 314
70 322
70 326
70 344
70 346
70 349
70 351
70 358
70 359
70 361
70 369
70 370
70 384
70 394
70 399
70 406
70 413
70 422
70 427
70 434
70 438
70 453
70 467
71 72
71 95
71 96
71 98
71 107
71 112
71 124
71 128
71 134
71 159
71 160
71 168
71 172
71 173
71 215
71 217
71 222
71 237
71 239
71 242
71 244
71 269
71 270
71 271
71 282
71 302
71 305
71 314
71 320
71 322
71 337
71 339
71 349
71 350
71 370
71 378
71 385
71 389
71 390
71 405
71 415
71 421
71 424
71 428
71 431
71 443
71 481
72 74
72 88
72 92
72 116
72 122
72 123
72 131
72 138
72 159
72 173
72 184
72 186
72 199
72 203
72 216
72 234
72 245
72 247
72 252
72 254
72 264
72 265
72 317
72 327
72 339
72 340
72 342
72 356
72 363
72 371
72 372
72 373
72 376
72 424
72 437
72 438
72 454
72 478
72 489
73 76
73 77
73 87
73 92
73 100
73 124
73 128
73 131
73 144
73 147
73 169
73 195
73 233
73 235
73 251
73 257
73 269
73 270
73 271
73 284
73 291
73 320
73 342
73 367
73 381
73 404
73 411
73 432
73 436
73 463
73 468
73 474
74 86
74 88
74 90
74 92
74 99
74 103
74 104
74 105
74 125
74 143
74 156
74 159
74 172
74 180
74 221
74 222
74 228
74 229
74 253
74 266
74 298
74 305
74 315
74 319
74 324
74 342
74 343
74 376
74 383
74 385
74 392
74 398
74 405
74 413
74 428
74 454
74 458
74 460
74 475
74 476
75 80
75 88
75 89
75 90
75 97
75 98
75 110
75 122
75 126
75 130
75 147
75 148
75 153
75 165
75 166
75 192
75 208
75 209
75 212
75 222
75 228
75 233
75 243
75 271
75 273
75 278
75 281
75 286
75 291
75 300
75 303
75 307
75 317
75 320
75 321
75 322
75 327
75 333
75 339
75 340
75 353
75 356
75 357
75 361
75 362
75 373
75 375
75 376
75 377
75 398
75 403
75 437
75 472
75 483
75 484
75 491
76 87
76 91
76 98
76 108
76 138
76 145
76 156
76 166
76 167
76 180
76 183
76 198
76 206
76 207
76 219
76 246
76 252
76 256
76 274
76 279
76 281
76 282
76 293
76 297
76 298
76 305
76 307
76 327
76 352
76 360
76 367
76 377
76 378
76 380
76 388
76 389
76 391
76 395
76 400
76 420
76 432
76 435
76 451
76 462
76 470
76 476
76 480
76 483
77 79
77 83
77 97
77 117
77 127
77 135
77 141
77 149
77 156
77 167
77 195
77 197
77 211
77 213
77 217
77 218
77 224
77 246
77 248
77 254
77 256
77 265
77 276
77 289
77 300
77 304
77 305
77 315
77 318
77 345
77 348
77 351
77 353
77 405
77 407
77 424
77 428
77 431
77 436
77 444
77 451
77 466
77 500
78 98
78 119
78 122
78 125
78 145
78 149
78 151
78 156
78 167
78 171
78 193
78 197
78 206
78 215
78 223
78 250
78 256
78 268
78 271
78 281
78 283
78 284
78 299
78 300
78 303
78 320
78 324
78 349
78 354
78 363
78 367
78 368
78 381
78 391
78 400
78 415
78 422
78 439
78 449
78 450
78 460
78 464
78 469
78 479
78 485
79 84
79 93
79 128
79 148
79 152
79 175
79 198
79 201
79 223
79 247
79 248
79 256
79 270
79 272
79 279
79 283
79 299
79 328
79 342
79 344
79 366
79 370
79 373
79 378
79 390
79 400
79 401
79 406
79 412
79 426
79 444
79 471
79 486
79 491
79 492
79 495
79 500
80 89
80 105
80 123
80 141
80 142
80 154
80 165
80 195
80 208
80 212
80 216
80 232
80 233
80 255
80 275
80 299
80 307
80 310
80 313
80 334
80 346
80 367
80 372
80 398
80 411
80 430
80 431
80 443
80 458
80 463
80 464
80 469
80 482
80 488
81 87
81 98
81 102
81 103
81 120
81 124
81 125
81 135
81 139
81 163
81 165
81 167
81 181
81 193
81 197
81 220
81 233
81 236
81 248
81 251
81 274
81 293
81 347
81 350
81 369
81 391
81 413
81 415
81 434
81 435
81 438
81 446
81 449
81 456
81 474
81 476
81 489
81 498
81 500
82 100
82 104
82 126
82 148
82 151
82 160
82 169
82 187
82 188
82 190
82 196
82 199
82 207
82 211
82 213
82 214
82 227
82 240
82 249
82 257
82 258
82 259
82 271
82 276
82 294
82 296
82 311
82 323
82 342
82 343
82 354
82 362
82 365
82 368
82 370
82 396
82 408
82 430
82 438
82 473
82 498
83 94
83 127
83 133
83 144
83 151
83 164
83 167
83 175
83 176
83 178
83 208
83 217
83 221
83 223
83 226
83 241
83 261
83 267
83 270
83 296
83 303
83 305
83 306
83 315
83 317
83 383
83 387
83 394
83 400
83 419
83 430
83 436
83 440
83 462
83 466
83 496
84 91
84 92
84 94
84 115
84 122
84 126
84 137
84 138
84 166
84 176
84 178
84 184
84 195
84 218
84 220
84 229
84 247
84 248
84 267
84 301
84 304
84 306
84 314
84 332
84 355
84 375
84 380
84 386
84 391
84 416
84 424
84 444
84 446
84 448
84 450
84 452
84 460
84 472
84 485
84 486
84 498
85 90
85 101
85 105
85 109
85 119
85 120
85 122
85 129
85 130
85 131
85 146
85 203
85 206
85 208
85 226
85 227
85 255
85 274
85 275
85 276
85 303
85 305
85 310
85 356
85 378
85 381
85 382
85 397
85 400
85 401
85 418
85 427
85 442
85 472
85 474
85 478
86 109
86 133
86 142
86 147
86 173
86 175
86 180
86 187
86 193
86 205
86 223
86 227
86 245
86 255
86 262
86 264
86 306
86 321
86 347
86 348
86 356
86 365
86 366
86 379
86 380
86 388
86 389
86 414
86 421
86 425
86 438
86 449
86 459
86 462
86 473
86 484
86 493
86 500
87 92
87 111
87 114
87 135
87 143
87 153
87 157
87 159
87 163
87 165
87 177
87 178
87 191
87 218
87 233
87 236
87 237
87 252
87 253
87 260
87 265
87 272
87 285
87 302
87 328
87 359
87 374
87 378
87 397
87 399
87 407
87 411
87 414
87 417
87 427
87 434
87 438
87 442
87 443
87 444
87 455
87 456
87 479
87 481
87 495
88 131
88 139
88 140
88 144
88 179
88 183
88 192
88 203
88 208
88 229
88 233
88 269
88 285
88 293
88 326
88 334
88 339
88 347
88 375
88 389
88 401
88 414
88 415
88 419
88 429
88 445
88 478
88 488
88 492
88 500
89 93
89 97
89 102
89 109
89 111
89 129
89 166
89 172
89 175
89 178
89 180
89 195
89 198
89 200
89 215
89 225
89 228
89 246
89 248
89 263
89 276
89 288
89 294
89 299
89 303
89 309
89 310
89 318
89 335
89 338
89 348
89 366
89 371
89 373
89 375
89 378
89 386
89 392
89 402
89 403
89 406
89 409
89 413
89 459
89 463
89 470
89 478
90 94
90 99
90 152
90 173
90 180
90 191
90 201
90 207
90 226
90 241
90 268
90 282
90 285
90 297
90 302
90 306
90 307
90 317
90 323
90 325
90 326
90 331
90 332
90 349
90 360
90 364
90 368
90 382
90 386
90 392
90 394
90 397
90 401
90 407
90 425
90 431
90 437
90 438
90 450
90 454
90 460
90 470
91 107
91 109
91 110
91 164
91 167
91 178
91 195
91 200
91 202
91 210
91 211
91 236
91 260
91 266
91 268
91 270
91 278
91 301
91 318
91 325
91 329
91 333
91 341
91 346
91 354
91 359
91 361
91 401
91 416
91 419
91 420
91 426
91 429
91 448
91 453
91 484
91 488
92 108
92 115
92 118
92 121
92 123
92 138
92 139
92 173
92 178
92 196
92 203
92 214
92 215
92 217
92 219
92 224
92 236
92 274
92 296
92 302
92 307
92 315
92 330
92 331
92 334
92 341
92 343
92 366
92 379
92 381
92 382
92 383
92 391
92 397
92 402
92 407
92 410
92 415
92 416
92 432
92 452
92 464
92 477
92 480
92 496
92 498
93 97
93 98
93 117
93 126
93 130
93 132
93 133
93 140
93 168
93 177
93 183
93 193
93 199
93 234
93 241
93 246
93 250
93 256
93 259
93 280
93 287
93 288
93 295
93 297
93 302
93 312
93 323
93 335
93 339
93 344
93 367
93 370
93 382
93 384
93 386
93 396
93 398
93 409
93 410
93 417
93 433
93 435
93 444
93 449
93 452
93 455
93 465
93 481
93 483
93 484
93 485
94 96
94 112
94 130
94 131
94 144
94 151
94 158
94 162
94 172
94 184
94 185
94 189
94 200
94 207
94 220
94 227
94 252
94 273
94 286
94 288
94 326
94 348
94 355
94 358
94 359
94 363
94 369
94 404
94 406
94 418
94 424
94 426
94 429
94 454
95 109
95 114
95 118
95 119
95 128
95 129
95 149
95 156
95 158
95 165
95 177
95 182
95 195
95 201
95 202
95 205
95 235
95 238
95 240
95 249
95 251
95 262
95 286
95 293
95 298
95 302
95 303
95 313
95 357
95 358
95 401
95 408
95 411
95 414
95 422
95 423
95 425
95 426
95 431
95 441
95 474
95 497
96 100
96 115
96 118
96 129
96 136
96 140
96 141
96 144
96 150
96 153
96 154
96 168
96 173
96 177
96 209
96 211
96 220
96 226
96 231
96 241
96 249
96 256
96 292
96 307
96 309
96 322
96 323
96 337
96 354
96 371
96 374
96 376
96 426
96 427
96 442
96 451
96 463
96 465
96 467
96 468
96 471
96 473
96 476
97 100
97 112
97 113
97 139
97 152
97 164
97 166
97 183
97 196
97 230
97 251
97 252
97 283
97 290
97 294
97 298
97 299
97 323
97 330
97 352
97 353
97 367
97 372
97 380
97 386
97 392
97 440
97 452
97 466
97 476
97 485
97 488
97 493
98 106
98 115
98 117
98 121
98 140
98 147
98 154
98 156
98 161
98 163
98 201
98 220
98 222
98 230
98 239
98 252
98 257
98 264
98 272
98 275
98 289
98 298
98 313
98 315
98 327
98 328
98 362
98 372
98 378
98 379
98 391
98 393
98 397
98 404
98 410
98 417
98 423
98 431
98 437
98 456
98 476
98 477
98 479
98 494
98 497
99 100
99 106
99 117
99 124
99 127
99 132
99 137
99 142
99 159
99 164
99 187
99 210
99 211
99 219
99 234
99 262
99 266
99 280
99 282
99 301
99 321
99 330
99 334
99 340
99 341
99 363
99 366
99 383
99 384
99 389
99 407
99 413
99 466
100 139
100 147
100 166
100 171
100 176
100 189
100 204
100 214
100 222
100 235
100 239
100 265
100 316
100 317
100 322
100 344
100 373
100 397
100 400
100 401
100 404
100 413
100 414
100 418
100 423
100 429
100 433
101 110
101 111
101 116
101 118
101 124
101 138
101 145
101 151
101 160
101 161
101 164
101 167
101 177
101 190
101 199
101 201
101 224
101 276
101 290
101 299
101 307
101 309
101 313
101 328
101 330
101 348
101 379
101 386
101 404
101 415
101 434
101 437
101 454
101 463
101 464
101 475
101 479
101 488
101 491
102 106
102 125
102 131
102 153
102 155
102 161
102 172
102 193
102 199
102 200
102 214
102 228
102 242
102 247
102 260
102 270
102 277
102 283
102 310
102 314
102 324
102 325
102 326
102 329
102 338
102 343
102 344
102 345
102 363
102 381
102 398
102 414
102 426
102 481
103 112
103 126
103 140
103 142
103 160
103 169
103 206
103 211
103 220
103 234
103 250
103 251
103 274
103 277
103 281
103 291
103 316
103 322
103 327
103 328
103 331
103 341
103 343
103 347
103 350
103 385
103 409
103 433
103 459
103 473
103 476
103 481
103 483
103 486
104 106
104 120
104 121
104 131
104 139
104 146
104 148
104 150
104 165
104 168
104 169
104 180
104 192
104 194
104 230
104 235
104 261
104 268
104 276
104 292
104 297
104 322
104 329
104 341
104 365
104 387
104 389
104 405
104 408
104 432
104 442
104 446
104 464
104 469
104 490
104 492
104 495
104 496
104 498
104 499
105 106
105 110
105 113
105 134
105 137
105 139
105 148
105 152
105 153
105 155
105 156
105 161
105 163
105 166
105 171
105 172
105 175
105 182
105 187
105 192
105 198
105 215
105 223
105 228
105 249
105 251
105 258
105 261
105 268
105 272
105 288
105 303
105 322
105 334
105 352
105 359
105 366
105 379
105 381
105 382
105 388
105 415
105 422
105 439
105 446
105 449
105 457
105 468
105 472
105 477
105 478
105 494
105 495
106 107
106 119
106 123
106 143
106 157
106 158
106 178
106 190
106 192
106 200
106 215
106 219
106 239
106 250
106 259
106 261
106 276
106 302
106 303
106 313
106 335
106 347
106 372
106 392
106 398
106 401
106 405
106 410
106 421
106 423
106 425
106 434
106 474
106 487
106 488
107 113
107 118
107 122
107 124
107 135
107 152
107 165
107 212
107 213
107 217
107 218
107 229
107 254
107 268
107 276
107 292
107 320
107 330
107 336
107 340
107 344
107 349
107 350
107 355
107 365
107 367
107 375
107 376
107 393
107 407
107 414
107 417
107 427
107 430
107 449
107 458
107 466
107 497
108 111
108 136
108 149
108 157
108 160
108 165
108 169
108 176
108 179
108 218
108 219
108 233
108 266
108 270
108 281
108 283
108 329
108 345
108 354
108 362
108 363
108 381
108 402
108 418
108 435
108 452
108 472
108 479
108 493
108 496
108 500
109 113
109 153
109 160
109 181
109 188
109 191
109 197
109 229
109 236
109 243
109 252
109 266
109 274
109 278
109 299
109 300
109 312
109 318
109 322
109 327
109 333
109 335
109 343
109 347
109 349
109 364
109 376
109 379
109 407
109 409
109 411
109 434
109 439
109 446
109 452
109 455
109 456
109 458
109 469
109 489
109 498
110 118
110 119
110 120
110 138
110 165
110 168
110 171
110 173
110 183
110 186
110 194
110 196
110 218
110 222
110 234
110 235
110 278
110 287
110 295
110 299
110 306
110 315
110 320
110 324
110 330
110 331
110 335
110 339
110 354
110 364
110 377
110 384
110 396
110 410
110 429
110 443
110 453
110 454
110 457
110 459
110 461
110 470
110 475
110 476
110 481
110 483
110 489
110 494
110 495
111 131
111 151
111 173
111 197
111 199
111 223
111 225
111 234
111 243
111 244
111 267
111 274
111 277
111 295
111 301
111 320
111 328
111 338
111 344
111 353
111 359
111 366
111 375
111 387
111 390
111 391
111 406
111 409
111 414
111 437
111 438
111 444
111 452
111 490
111 498
112 115
112 143
112 162
112 165
112 173
112 174
112 176
112 178
112 183
112 186
112 193
112 202
112 204
112 212
112 228
112 251
112 255
112 274
112 279
112 294
112 299
112 312
112 316
112 329
112 331
112 363
112 369
112 373
112 374
112 379
112 381
112 393
112 409
112 433
112 442
112 443
112 458
112 461
112 468
112 488
112 490
112 497
112 498
113 130
113 134
113 140
113 165
113 173
113 176
113 188
113 189
113 194
113 200
113 206
113 210
113 228
113 230
113 247
113 271
113 281
113 296
113 310
113 317
113 319
113 322
113 343
113 346
113 349
113 356
113 359
113 369
113 370
113 373
113 396
113 417
113 432
113 453
113 459
113 462
113 463
113 487
113 498
114 124
114 125
114 130
114 141
114 157
114 168
114 172
114 209
114 215
114 219
114 227
114 242
114 251
114 263
114 265
114 277
114 290
114 318
114 323
114 331
114 352
114 362
114 365
114 371
114 373
114 391
114 393
114 395
114 396
114 398
114 405
114 412
114 413
114 432
114 446
114 452
114 464
114 482
114 489
114 490
114 495
114 499
115 117
115 126
115 143
115 153
115 158
115 166
115 175
115 185
115 203
115 225
115 226
115 247
115 254
115 266
115 277
115 292
115 312
115 320
115 328
115 334
115 338
115 343
115 346
115 365
115 378
115 408
115 411
115 418
115 439
115 443
115 466
115 481
116 148
116 149
116 152
116 194
116 202
116 222
116 224
116 229
116 236
116 252
116 253
116 305
116 308
116 324
116 327
116 331
116 333
116 336
116 341
116 348
116 370
116 387
116 395
116 412
116 421
116 443
116 446
116 449
116 466
116 467
116 475
116 495
117 132
117 135
117 145
117 168
117 171
117 172
117 176
117 181
117 186
117 204
117 211
117 248
117 268
117 322
117 329
117 331
117 335
117 350
117 362
117 372
117 384
117 392
117 416
117 429
117 440
117 441
117 450
117 458
117 464
117 490
118 119
118 129
118 137
118 146
118 177
118 182
118 196
118 202
118 231
118 235
118 271
118 282
118 283
118 297
118 301
118 307
118 310
118 340
118 354
118 368
118 369
118 375
118 376
118 379
118 394
118 404
118 413
118 436
118 444
118 446
118 456
118 457
118 466
118 491
118 499
119 125
119 142
119 167
119 168
119 174
119 175
119 195
119 198
119 202
119 203
119 206
119 216
119 219
119 220
119 227
119 233
119 234
119 243
119 251
119 257
119 268
119 276
119 296
119 306
119 308
119 318
119 326
119 336
119 351
119 379
119 389
119 410
119 416
119 418
119 419
119 420
119 424
119 433
119 437
119 440
119 452
119 458
119 462
119 474
119 478
119 479
119 483
119 492
120 127
120 136
120 157
120 175
120 200
120 217
120 225
120 230
120 238
120 250
120 268
120 280
120 329
120 330
120 347
120 362
120 365
120 377
120 383
120 412
120 425
120 438
120 441
120 444
120 448
120 459
120 465
120 487
120 489
121 123
121 143
121 175
121 199
121 215
121 221
121 228
121 231
121 238
121 246
121 260
121 282
121 290
121 302
121 326
121 330
121 339
121 375
121 381
121 397
121 398
121 400
121 439
121 459
121 464
121 471
121 472
121 473
121 482
121 485
122 132
122 141
122 143
122 152
122 156
122 160
122 178
122 180
122 199
122 218
122 228
122 245
122 247
122 252
122 256
122 262
122 290
122 291
122 297
122 305
122 322
122 323
122 326
122 328
122 333
122 345
122 356
122 358
122 378
122 392
122 397
122 411
122 412
122 429
122 467
122 475
122 476
122 488
122 491
122 497
123 132
123 149
123 150
123 162
123 167
123 170
123 179
123 182
123 207
123 223
123 237
123 249
123 266
123 278
123 279
123 285
123 291
123 300
123 302
123 340
123 343
123 352
123 357
123 361
123 362
123 375
123 381
123 426
123 436
123 451
123 452
123 453
123 466
123 469
123 488
123 489
123 491
123 493
123 496
123 499
124 159
124 172
124 183
124 192
124 199
124 204
124 215
124 229
124 243
124 251
124 272
124 276
124 283
124 297
124 299
124 300
124 308
124 311
124 329
124 338
124 341
124 343
124 351
124 358
124 361
124 363
124 368
124 381
124 388
124 404
124 420
124 423
124 447
124 462
124 468
124 472
125 132
125 139
125 156
125 160
125 192
125 198
125 203
125 215
125 253
125 272
125 280
125 282
125 290
125 305
125 328
125 359
125 391
125 398
125 412
125 413
125 421
125 422
125 437
125 438
125 442
125 454
125 461
125 466
125 468
125 480
125 484
125 491
125 495
125 498
125 499
126 127
126 143
126 146
126 150
126 151
126 155
126 175
126 196
126 198
126 200
126 202
126 207
126 210
126 217
126 220
126 228
126 233
126 273
126 276
126 293
126 296
126 306
126 315
126 325
126 331
126 337
126 341
126 342
126 346
126 351
126 356
126 360
126 374
126 387
126 393
126 433
126 435
126 439
126 442
126 449
126 454
126 460
126 468
126 475
126 499
127 129
127 136
127 143
127 160
127 198
127 213
127 253
127 259
127 263
127 268
127 270
127 285
127 286
127 306
127 309
127 324
127 333
127 338
127 341
127 343
127 346
127 355
127 356
127 360
127 361
127 365
127 391
127 392
127 400
127 414
127 422
127 424
127 445
127 460
127 463
127 468
127 472
127 474
127 486
127 492
128 130
128 131
128 139
128 142
128 144
128 146
128 164
128 168
128 173
128 209
128 213
128 225
128 236
128 263
128 281
128 289
128 295
128 309
128 311
128 327
128 331
128 337
128 347
128 352
128 357
128 373
128 418
128 435
128 439
128 447
128 450
128 482
128 492
129 130
129 134
129 139
129 141
129 155
129 176
129 177
129 213
129 247
129 263
129 268
129 269
129 274
129 276
129 289
129 290
129 293
129 308
129 314
129 316
129 335
129 352
129 355
129 372
129 375
129 381
129 396
129 403
129 412
129 433
129 434
129 437
129 438
129 446
129 452
129 461
129 472
129 480
129 481
129 495
129 498
130 133
130 137
130 140
130 174
130 180
130 191
130 195
130 205
130 228
130 239
130 245
130 251
130 288
130 290
130 299
130 307
130 313
130 326
130 344
130 354
130 378
130 382
130 386
130 395
130 399
130 412
130 421
130 431
130 458
130 464
130 471
130 473
131 186
131 188
131 195
131 200
131 203
131 214
131 215
131 223
131 226
131 232
131 245
131 252
131 259
131 260
131 262
131 272
131 274
131 284
131 293
131 299
131 302
131 323
131 324
131 353
131 357
131 375
131 412
131 413
131 417
131 436
131 441
131 445
131 447
131 494
131 499
132 137
132 142
132 150
132 161
132 167
132 170
132 187
132 194
132 232
132 241
132 244
132 254
132 259
132 266
132 278
132 279
132 285
132 299
132 306
132 316
132 319
132 320
132 341
132 357
132 410
132 415
132 442
132 443
132 476
132 491
132 493
132 494
133 155
133 163
133 164
133 166
133 172
133 198
133 203
133 216
133 236
133 238
133 257
133 258
133 268
133 276
133 286
133 294
133 297
133 308
133 318
133 326
133 339
133 348
133 360
133 368
133 370
133 387
133 398
133 399
133 406
133 411
133 415
133 418
133 422
133 425
133 434
133 443
133 449
133 453
133 456
133 471
133 478
133 483
133 500
134 140
134 171
134 178
134 204
134 218
134 220
134 229
134 237
134 239
134 242
134 243
134 246
134 258
134 280
134 283
134 285
134 304
134 305
134 320
134 327
134 328
134 350
134 353
134 368
134 380
134 402
134 413
134 416
134 431
134 438
134 439
134 441
134 456
134 458
134 463
134 474
134 491
135 136
135 156
135 158
135 181
135 183
135 214
135 231
135 254
135 260
135 269
135 275
135 279
135 288
135 299
135 305
135 309
135 311
135 332
135 377
135 378
135 391
135 403
135 406
135 416
135 422
135 439
135 446
135 452
135 462
135 467
135 471
135 474
135 493
135 495
136 148
136 154
136 158
136 159
136 176
136 182
136 183
136 186
136 199
136 229
136 230
136 261
136 273
136 274
136 290
136 293
136 296
136 307
136 319
136 336
136 339
136 342
136 349
136 358
136 360
136 364
136 376
136 397
136 405
136 417
136 425
136 441
136 452
136 461
136 470
136 487
136 489
137 178
137 187
137 197
137 201
137 203
137 206
137 209
137 218
137 229
137 238
137 244
137 267
137 282
137 286
137 292
137 300
137 304
137 312
137 335
137 336
137 344
137 346
137 359
137 368
137 382
137 390
137 391
137 393
137 396
137 400
137 405
137 411
137 419
137 422
137 426
137 430
137 435
137 447
137 457
137 463
137 469
137 475
137 476
137 493
138 177
138 186
138 200
138 204
138 209
138 221
138 228
138 232
138 254
138 264
138 269
138 275
138 284
138 297
138 311
138 319
138 329
138 349
138 358
138 374
138 392
138 405
138 406
138 421
138 422
138 432
138 434
138 436
138 455
138 471
138 490
139 163
139 188
139 193
139 203
139 204
139 229
139 237
139 245
139 258
139 291
139 300
139 311
139 313
139 324
139 350
139 364
139 374
139 385
139 386
139 387
139 389
139 393
139 429
139 437
139 439
139 445
139 450
139 459
139 464
139 469
139 487
140 170
140 174
140 177
140 187
140 192
140 195
140 202
140 203
140 205
140 210
140 226
140 227
140 237
140 239
140 241
140 252
140 258
140 260
140 271
140 277
140 278
140 292
140 299
140 300
140 316
140 317
140 322
140 326
140 330
140 359
140 361
140 362
140 365
140 370
140 385
140 388
140 391
140 412
140 416
140 418
140 419
140 420
140 423
140 424
140 434
140 436
140 437
140 443
141 144
141 171
141 221
141 222
141 253
141 261
141 268
141 274
141 282
141 289
141 291
141 292
141 314
141 317
141 323
141 328
141 345
141 348
141 350
141 358
141 362
141 370
141 372
141 399
141 404
141 410
141 416
141 425
141 431
141 439
141 443
141 447
141 453
141 465
141 466
141 467
141 477
141 478
141 481
141 484
141 492
141 495
142 159
142 182
142 183
142 216
142 230
142 239
142 253
142 262
142 267
142 268
142 276
142 291
142 307
142 308
142 333
142 337
142 340
142 375
142 384
142 388
142 393
142 396
142 404
142 411
142 422
142 437
142 448
142 453
142 469
142 476
142 483
142 489
142 495
143 152
143 162
143 168
143 171
143 191
143 196
143 215
143 232
143 239
143 242
143 243
143 245
143 250
143 256
143 261
143 271
143 285
143 287
143 296
143 308
143 313
143 347
143 358
143 363
143 371
143 372
143 382
143 385
143 393
143 400
143 408
143 414
143 428
143 437
143 445
143 450
143 459
143 461
143 463
143 470
143 473
143 478
143 493
144 148
144 169
144 180
144 185
144 190
144 203
144 207
144 208
144 241
144 251
144 258
144 262
144 269
144 323
144 332
144 340
144 341
144 350
144 362
144 400
144 430
144 451
144 461
144 470
144 477
144 492
145 146
145 154
145 159
145 162
145 164
145 180
145 182
145 193
145 200
145 216
145 243
145 252
145 256
145 260
145 268
145 280
145 283
145 322
145 328
145 334
145 339
145 342
145 344
145 351
145 362
145 366
145 381
145 389
145 420
145 421
145 422
145 425
145 450
145 454
145 457
145 460
145 480
145 484
146 155
146 156
146 171
146 184
146 189
146 197
146 198
146 200
146 205
146 208
146 214
146 224
146 242
146 244
146 253
146 284
146 290
146 295
146 298
146 302
146 330
146 336
146 347
146 356
146 358
146 370
146 380
146 389
146 398
146 408
146 432
146 437
146 450
146 453
146 454
146 457
146 459
146 482
147 152
147 153
147 157
147 168
147 169
147 170
147 171
147 173
147 187
147 192
147 203
147 204
147 210
147 213
147 225
147 229
147 240
147 254
147 279
147 306
147 314
147 320
147 325
147 328
147 335
147 342
147 355
147 364
147 366
147 373
147 376
147 379
147 383
147 391
147 393
147 397
147 399
147 407
147 409
147 415
147 431
147 434
147 442
147 447
147 451
147 458
147 476
148 166
148 175
148 176
148 188
148 198
148 210
148 219
148 233
148 242
148 246
148 275
148 286
148 292
148 300
148 329
148 336
148 337
148 339
148 354
148 359
148 397
148 402
148 409
148 420
148 422
148 423
148 436
148 483
148 486
148 492
149 177
149 220
149 235
149 236
149 248
149 249
149 278
149 287
149 291
149 295
149 301
149 306
149 309
149 313
149 345
149 352
149 354
149 366
149 371
149 404
149 424
149 426
149 441
149 447
149 454
149 464
149 466
149 482
149 484
149 486
149 496
150 163
150 194
150 196
150 212
150 213
150 217
150 219
150 228
150 229
150 234
150 271
150 290
150 303
150 306
150 307
150 311
150 320
150 324
150 325
150 326
150 330
150 351
150 353
150 357
150 365
150 378
150 385
150 389
150 397
150 402
150 425
150 436
150 453
150 468
150 473
150 479
150 483
150 491
150 492
150 500
151 160
151 177
151 183
151 195
151 200
151 222
151 223
151 235
151 243
151 256
151 259
151 292
151 302
151 303
151 309
151 317
151 329
151 334
151 344
151 362
151 366
151 378
151 381
151 386
151 405
151 416
151 424
151 429
151 430
151 433
151 438
151 448
151 449
151 456
151 458
151 460
151 471
151 474
151 476
151 486
152 185
152 190
152 205
152 225
152 237
152 239
152 243
152 246
152 256
152 258
152 273
152 284
152 311
152 319
152 342
152 354
152 356
152 357
152 362
152 366
152 396
152 398
152 401
152 409
152 442
152 450
152 465
152 470
152 479
152 486
152 492
152 494
153 160
153 172
153 187
153 191
153 192
153 194
153 196
153 216
153 220
153 226
153 227
153 238
153 277
153 288
153 289
153 294
153 302
153 303
153 306
153 328
153 362
153 403
153 413
153 420
153 431
153 432
153 436
153 444
153 445
153 446
153 463
153 467
154 162
154 175
154 181
154 199
154 207
154 230
154 245
154 268
154 277
154 280
154 292
154 317
154 324
154 355
154 358
154 374
154 385
154 389
154 394
154 407
154 411
154 418
154 425
154 434
154 447
154 452
154 466
154 468
154 473
154 480
154 483
154 497
154 500
155 157
155 159
155 167
155 173
155 175
155 190
155 208
155 217
155 222
155 240
155 246
155 247
155 254
155 258
155 264
155 271
155 282
155 287
155 290
155 295
155 299
155 311
155 313
155 315
155 317
155 319
155 326
155 329
155 330
155 358
155 367
155 370
155 380
155 383
155 401
155 448
155 466
155 470
155 477
155 492
156 180
156 185
156 191
156 201
156 205
156 213
156 216
156 222
156 228
156 245
156 249
156 251
156 280
156 286
156 289
156 294
156 296
156 298
156 302
156 307
156 320
156 328
156 329
156 330
156 333
156 344
156 351
156 358
156 359
156 363
156 373
156 378
156 397
156 399
156 405
156 417
156 420
156 436
156 437
156 445
156 449
156 465
156 484
156 496
156 497
157 181
157 191
157 198
157 212
157 275
157 294
157 318
157 321
157 324
157 326
157 336
157 363
157 365
157 366
157 367
157 371
157 375
157 377
157 383
157 387
157 396
157 418
157 431
157 439
157 443
157 458
157 462
157 498
157 500
158 168
158 174
158 191
158 208
158 210
158 229
158 235
158 237
158 238
158 244
158 247
158 255
158 268
158 284
158 285
158 308
158 337
158 355
158 377
158 378
158 382
158 428
158 444
158 452
158 455
158 466
158 482
158 485
158 494
158 496
158 498
159 190
159 192
159 194
159 205
159 207
159 217
159 222
159 224
159 227
159 246
159 260
159 266
159 269
159 276
159 279
159 307
159 308
159 314
159 321
159 322
159 336
159 340
159 351
159 360
159 361
159 373
159 390
159 396
159 418
159 422
159 437
159 444
159 452
159 457
159 467
159 474
159 477
159 480
159 483
159 484
159 491
159 494
160 163
160 189
160 191
160 201
160 206
160 226
160 266
160 292
160 296
160 304
160 310
160 312
160 320
160 326
160 352
160 359
160 372
160 373
160 378
160 380
160 399
160 407
160 408
160 418
160 443
160 468
160 478
160 491
160 496
161 162
161 167
161 170
161 185
161 214
161 216
161 217
161 245
161 249
161 263
161 267
161 273
161 276
161 277
161 278
161 288
161 293
161 296
161 298
161 303
161 305
161 317
161 318
161 319
161 344
161 346
161 369
161 376
161 377
161 395
161 401
161 407
161 429
161 431
161 433
161 461
161 473
161 477
161 480
161 489
161 500
162 163
162 170
162 174
162 178
162 187
162 189
162 222
162 228
162 281
162 292
162 306
162 315
162 320
162 327
162 337
162 339
162 340
162 348
162 356
162 369
162 377
162 405
162 412
162 424
162 439
162 440
162 460
162 471
162 490
162 494
163 165
163 179
163 182
163 193
163 205
163 211
163 216
163 225
163 240
163 267
163 277
163 280
163 292
163 311
163 332
163 344
163 354
163 361
163 378
163 380
163 388
163 390
163 396
163 397
163 401
163 445
163 446
163 454
163 456
163 465
164 178
164 187
164 194
164 214
164 216
164 230
164 233
164 236
164 239
164 241
164 246
164 271
164 287
164 311
164 319
164 323
164 327
164 332
164 339
164 353
164 358
164 365
164 371
164 378
164 392
164 407
164 419
164 423
164 427
164 461
164 468
164 473
164 495
165 169
165 171
165 180
165 190
165 200
165 220
165 224
165 230
165 233
165 243
165 245
165 259
165 260
165 268
165 280
165 285
165 299
165 301
165 304
165 322
165 339
165 353
165 354
165 360
165 375
165 380
165 385
165 386
165 395
165 405
165 429
165 431
165 437
165 465
165 470
165 484
165 488
166 173
166 177
166 183
166 189
166 190
166 194
166 202
166 204
166 209
166 216
166 218
166 224
166 228
166 232
166 236
166 259
166 261
166 273
166 281
166 286
166 296
166 315
166 340
166 346
166 348
166 360
166 363
166 391
166 407
166 410
166 411
166 413
166 414
166 415
166 418
166 431
166 437
166 439
166 448
166 450
166 454
166 460
166 469
166 481
166 499
166 500
167 174
167 178
167 182
167 184
167 187
167 193
167 198
167 211
167 215
167 216
167 248
167 250
167 262
167 283
167 294
167 303
167 317
167 343
167 344
167 364
167 369
167 375
167 376
167 379
167 380
167 382
167 385
167 411
167 417
167 418
167 426
167 468
167 471
167 473
167 474
167 475
167 477
168 176
168 178
168 190
168 206
168 235
168 236
168 237
168 242
168 251
168 254
168 263
168 286
168 315
168 328
168 334
168 338
168 346
168 357
168 379
168 396
168 400
168 405
168 428
168 448
168 454
168 455
168 485
168 490
168 491
168 495
169 175
169 188
169 206
169 218
169 222
169 226
169 233
169 246
169 247
169 249
169 253
169 255
169 259
169 265
169 268
169 274
169 275
169 283
169 298
169 300
169 309
169 315
169 319
169 322
169 327
169 329
169 341
169 345
169 354
169 360
169 365
169 384
169 407
169 414
169 419
169 426
169 427
169 429
169 441
169 443
169 449
169 450
169 477
170 175
170 181
170 189
170 223
170 224
170 246
170 252
170 263
170 269
170 275
170 278
170 282
170 291
170 305
170 323
170 330
170 341
170 349
170 351
170 359
170 360
170 378
170 399
170 411
170 420
170 425
170 426
170 440
170 461
170 495
171 173
171 177
171 182
171 188
171 195
171 199
171 201
171 203
171 206
171 214
171 219
171 226
171 234
171 238
171 253
171 255
171 271
171 296
171 307
171 309
171 341
171 352
171 365
171 370
171 386
171 395
171 403
171 407
171 409
171 412
171 416
171 418
171 423
171 430
171 462
171 488
171 498
171 500
172 184
172 190
172 195
172 210
172 214
172 227
172 237
172 238
172 242
172 267
172 298
172 309
172 311
172 331
172 337
172 349
172 357
172 361
172 367
172 372
172 386
172 389
172 391
172 407
172 414
172 431
172 455
172 464
172 465
172 484
172 495
173 175
173 176
173 185
173 196
173 202
173 238
173 239
173 244
173 266
173 275
173 283
173 295
173 305
173 318
173 354
173 365
173 371
173 375
173 386
173 398
173 419
173 433
173 436
173 443
173 458
173 464
173 465
173 469
173 478
173 489
173 490
173 492
174 183
174 184
174 196
174 214
174 245
174 253
174 268
174 275
174 279
174 281
174 287
174 288
174 294
174 305
174 308
174 313
174 332
174 333
174 344
174 364
174 369
174 380
174 382
174 385
174 434
174 437
174 447
174 458
174 465
174 469
174 472
174 499
175 188
175 225
175 241
175 285
175 289
175 297
175 298
175 312
175 319
175 341
175 344
175 355
175 360
175 361
175 362
175 381
175 386
175 387
175 411
175 427
175 439
175 448
175 464
175 480
175 488
176 183
176 197
176 204
176 225
176 228
176 241
176 252
176 255
176 270
176 280
176 295
176 301
176 302
176 307
176 316
176 331
176 351
176 357
176 366
176 395
176 396
176 399
176 410
176 448
176 450
176 458
176 467
176 477
176 478
176 482
177 208
177 213
177 228
177 238
177 243
177 245
177 295
177 302
177 316
177 317
177 331
177 347
177 350
177 355
177 358
177 363
177 377
177 380
177 389
177 390
177 395
177 407
177 410
177 428
177 432
177 434
177 436
177 443
177 457
177 469
177 473
177 478
177 481
177 487
177 494
178 181
178 194
178 198
178 205
178 221
178 248
178 249
178 253
178 257
178 264
178 275
178 278
178 295
178 296
178 297
178 299
178 300
178 309
178 327
178 328
178 354
178 367
178 368
178 369
178 390
178 396
178 401
178 422
178 430
178 431
178 446
178 452
178 459
178 463
178 466
178 473
178 485
179 188
179 201
179 209
179 211
179 213
179 219
179 235
179 238
179 246
179 249
179 252
179 267
179 270
179 318
179 324
179 336
179 342
179 358
179 361
179 362
179 370
179 397
179 407
179 412
179 414
179 418
179 424
179 430
179 437
179 442
179 453
179 489
179 491
179 496
180 187
180 188
180 198
180 202
180 220
180 228
180 243
180 254
180 256
180 275
180 278
180 283
180 286
180 288
180 309
180 311
180 314
180 321
180 322
180 324
180 325
180 347
180 353
180 359
180 378
180 392
180 408
180 441
180 447
180 448
180 460
180 472
180 481
180 484
180 492
181 201
181 204
181 206
181 212
181 223
181 225
181 226
181 233
181 245
181 252
181 258
181 260
181 274
181 281
181 286
181 316
181 318
181 321
181 332
181 351
181 352
181 353
181 355
181 358
181 360
181 364
181 387
181 395
181 402
181 410
181 412
181 420
181 426
181 431
181 435
181 440
181 460
181 461
181 464
181 477
182 204
182 205
182 215
182 227
182 238
182 240
182 241
182 246
182 276
182 291
182 319
182 326
182 332
182 339
182 341
182 352
182 359
182 392
182 412
182 467
182 474
182 487
182 490
183 203
183 251
183 255
183 275
183 278
183 290
183 298
183 307
183 313
183 320
183 337
183 351
183 367
183 368
183 369
183 377
183 379
183 415
183 441
183 463
183 476
183 477
183 486
184 188
184 212
184 216
184 224
184 234
184 249
184 256
184 261
184 262
184 264
184 272
184 278
184 281
184 296
184 306
184 324
184 341
184 348
184 350
184 362
184 367
184 379
184 392
184 398
184 403
184 418
184 424
184 427
184 442
184 465
184 469
184 474
184 487
184 492
184 493
184 496
185 213
185 225
185 231
185 245
185 274
185 284
185 299
185 315
185 316
185 324
185 342
185 369
185 375
185 378
185 380
185 381
185 386
185 387
185 389
185 390
185 396
185 397
185 400
185 406
185 433
185 437
185 451
185 458
186 187
186 190
186 195
186 196
186 200
186 211
186 214
186 219
186 220
186 243
186 251
186 256
186 258
186 263
186 264
186 266
186 281
186 287
186 291
186 296
186 302
186 310
186 314
186 320
186 328
186 372
186 384
186 385
186 386
186 387
186 389
186 396
186 405
186 410
186 411
186 422
186 427
186 433
186 459
186 468
187 221
187 233
187 247
187 278
187 286
187 293
187 307
187 333
187 351
187 357
187 365
187 366
187 393
187 395
187 426
187 432
187 435
187 436
187 471
187 491
187 494
188 190
188 198
188 203
188 204
188 213
188 223
188 239
188 247
188 250
188 253
188 263
188 281
188 288
188 289
188 303
188 308
188 314
188 329
188 331
188 335
188 348
188 351
188 362
188 379
188 381
188 389
188 409
188 415
188 419
188 423
188 426
188 429
188 432
188 456
188 460
188 476
188 493
188 494
189 212
189 213
189 219
189 220
189 226
189 255
189 275
189 305
189 314
189 318
189 341
189 343
189 353
189 375
189 381
189 382
189 388
189 389
189 400
189 415
189 424
189 425
189 427
189 477
189 482
189 496
190 208
190 222
190 225
190 237
190 242
190 244
190 246
190 256
190 262
190 275
190 288
190 290
190 291
190 299
190 304
190 306
190 336
190 338
190 340
190 356
190 362
190 366
190 376
190 380
190 382
190 409
190 416
190 425
190 451
190 453
190 458
191 202
191 210
191 212
191 214
191 217
191 229
191 233
191 251
191 260
191 264
191 281
191 294
191 305
191 315
191 336
191 352
191 360
191 368
191 376
191 380
191 393
191 395
191 397
191 405
191 408
191 415
191 424
191 432
191 450
191 454
191 458
191 463
191 475
191 490
191 500
192 204
192 206
192 236
192 241
192 243
192 252
192 271
192 278
192 288
192 296
192 316
192 340
192 347
192 353
192 355
192 368
192 373
192 378
192 388
192 389
192 402
192 403
192 439
192 442
192 459
192 469
192 471
192 477
193 200
193 208
193 210
193 218
193 233
193 239
193 243
193 247
193 249
193 268
193 270
193 272
193 275
193 291
193 294
193 303
193 311
193 313
193 334
193 349
193 359
193 370
193 397
193 399
193 403
193 417
193 436
193 448
193 452
193 458
193 471
193 474
193 486
193 500
194 207
194 209
194 244
194 247
194 257
194 289
194 291
194 297
194 301
194 305
194 308
194 319
194 328
194 337
194 341
194 351
194 352
194 355
194 359
194 368
194 392
194 396
194 463
194 472
194 474
194 477
194 482
195 207
195 234
195 241
195 259
195 265
195 269
195 281
195 293
195 303
195 315
195 318
195 319
195 329
195 339
195 346
195 358
195 377
195 378
195 379
195 386
195 399
195 402
195 435
195 442
195 459
195 470
195 488
195 491
195 492
196 202
196 215
196 223
196 229
196 235
196 236
196 237
196 243
196 248
196 273
196 276
196 285
196 295
196 306
196 319
196 325
196 328
196 339
196 342
196 344
196 345
196 349
196 350
196 367
196 391
196 411
196 427
196 434
196 446
196 460
196 478
197 200
197 225
197 239
197 240
197 246
197 254
197 258
197 266
197 269
197 270
197 281
197 316
197 326
197 329
197 340
197 350
197 356
197 373
197 374
197 384
197 386
197 393
197 395
197 402
197 491
197 498
198 212
198 214
198 217
198 231
198 234
198 237
198 256
198 275
198 280
198 292
198 327
198 341
198 345
198 361
198 362
198 366
198 367
198 371
198 372
198 383
198 396
198 399
198 404
198 408
198 410
198 424
198 442
198 456
198 465
198 470
198 500
199 204
199 211
199 212
199 231
199 237
199 240
199 276
199 282
199 284
199 297
199 306
199 320
199 329
199 380
199 394
199 396
199 416
199 483
199 490
199 492
199 496
199 499
199 500
200 204
200 205
200 208
200 211
200 219
200 226
200 232
200 237
200 269
200 270
200 299
200 302
200 325
200 340
200 341
200 349
200 354
200 368
200 374
200 380
200 382
200 399
200 402
200 411
200 425
200 431
200 436
200 448
200 450
200 460
200 469
201 206
201 212
201 215
201 231
201 246
201 248
201 251
201 252
201 253
201 261
201 283
201 285
201 347
201 373
201 383
201 415
201 457
201 461
201 463
201 466
201 479
202 224
202 241
202 263
202 267
202 273
202 275
202 280
202 290
202 294
202 313
202 316
202 317
202 328
202 366
202 370
202 376
202 392
202 395
202 401
202 410
202 430
202 437
202 444
202 447
202 453
202 479
202 482
202 489
202 491
202 492
203 211
203 214
203 220
203 242
203 260
203 282
203 295
203 303
203 307
203 312
203 325
203 327
203 330
203 334
203 350
203 355
203 360
203 364
203 373
203 378
203 394
203 395
203 416
203 417
203 432
203 447
203 448
203 449
203 462
203 487
204 206
204 234
204 239
204 267
204 279
204 280
204 281
204 317
204 321
204 323
204 325
204 340
204 372
204 400
204 408
204 416
204 429
204 430
204 443
204 468
204 476
204 492
205 215
205 219
205 225
205 234
205 235
205 237
205 247
205 255
205 260
205 261
205 268
205 269
205 272
205 292
205 309
205 318
205 337
205 344
205 350
205 363
205 403
205 404
205 407
205 414
205 436
205 438
205 448
205 452
205 458
205 465
205 467
205 477
205 478
205 482
205 483
205 487
206 207
206 210
206 216
206 218
206 242
206 252
206 253
206 262
206 263
206 269
206 271
206 273
206 280
206 288
206 303
206 307
206 320
206 329
206 336
206 353
206 354
206 365
206 371
206 395
206 405
206 418
206 423
206 442
206 443
206 448
206 452
206 453
206 463
206 464
206 482
206 486
206 489
206 499
207 209
207 234
207 252
207 253
207 269
207 277
207 283
207 328
207 332
207 341
207 346
207 372
207 383
207 384
207 394
207 418
207 446
207 459
207 471
207 473
207 487
207 499
208 211
208 245
208 256
208 259
208 266
208 294
208 312
208 327
208 334
208 337
208 342
208 343
208 348
208 374
208 385
208 399
208 413
208 414
208 445
208 466
208 475
208 476
208 477
208 483
208 488
208 499
209 211
209 224
209 228
209 251
209 252
209 262
209 273
209 292
209 298
209 301
209 331
209 338
209 340
209 350
209 355
209 357
209 358
209 374
209 376
209 378
209 380
209 383
209 396
209 401
209 413
209 419
209 420
209 429
209 456
209 459
209 479
209 491
210 218
210 222
210 226
210 233
210 249
210 254
210 261
210 267
210 281
210 284
210 285
210 305
210 307
210 312
210 323
210 328
210 341
210 342
210 344
210 347
210 358
210 392
210 398
210 407
210 412
210 441
210 447
210 448
210 451
210 481
210 488
211 213
211 223
211 226
211 227
211 231
211 262
211 264
211 288
211 292
211 293
211 298
211 313
211 319
211 321
211 323
211 325
211 327
211 328
211 343
211 352
211 353
211 360
211 373
211 381
211 385
211 391
211 405
211 425
211 429
211 441
211 442
211 443
211 453
211 469
211 470
211 474
211 487
211 495
211 496
212 244
212 255
212 264
212 269
212 313
212 316
212 327
212 338
212 347
212 351
212 365
212 366
212 374
212 379
212 384
212 385
212 407
212 412
212 439
212 459
212 465
212 478
212 495
213 242
213 243
213 246
213 250
213 260
213 282
213 299
213 319
213 321
213 322
213 323
213 336
213 339
213 342
213 344
213 378
213 379
213 382
213 394
213 396
213 405
213 417
213 452
213 455
213 463
213 466
213 469
213 471
213 476
213 487
213 490
213 500
214 229
214 242
214 244
214 247
214 262
214 274
214 285
214 295
214 320
214 328
214 340
214 349
214 352
214 355
214 356
214 360
214 366
214 370
214 373
214 394
214 418
214 427
214 446
214 459
214 483
214 494
214 499
215 219
215 223
215 245
215 250
215 251
215 257
215 260
215 273
215 279
215 293
215 303
215 309
215 336
215 353
215 363
215 365
215 372
215 375
215 376
215 383
215 400
215 401
215 430
215 433
215 436
215 441
215 448
215 460
215 462
215 476
215 486
215 488
216 219
216 223
216 240
216 245
216 256
216 279
216 288
216 289
216 298
216 309
216 317
216 339
216 369
216 372
216 383
216 391
216 398
216 400
216 437
216 443
216 444
216 451
216 479
216 482
216 490
216 495
216 499
217 223
217 243
217 249
217 262
217 269
217 279
217 292
217 297
217 316
217 320
217 325
217 344
217 345
217 353
217 370
217 373
217 389
217 391
217 392
217 394
217 396
217 400
217 409
217 438
217 445
217 454
217 464
217 472
217 478
217 479
218 224
218 235
218 256
218 270
218 271
218 287
218 304
218 310
218 315
218 316
218 321
218 353
218 377
218 382
218 416
218 438
218 448
218 471
218 480
218 484
219 230
219 237
219 244
219 259
219 293
219 300
219 304
219 311
219 319
219 332
219 351
219 356
219 359
219 360
219 362
219 365
219 375
219 381
219 390
219 397
219 398
219 415
219 422
219 430
219 448
219 454
219 457
219 471
219 481
219 484
219 494
219 496
220 222
220 226
220 228
220 234
220 244
220 250
220 260
220 276
220 279
220 284
220 307
220 321
220 351
220 359
220 362
220 364
220 366
220 371
220 377
220 380
220 381
220 393
220 395
220 425
220 430
220 433
220 436
220 446
220 459
220 462
220 470
220 476
220 478
220 479
220 500
221 228
221 236
221 248
221 255
221 257
221 268
221 280
221 283
221 297
221 300
221 309
221 317
221 325
221 339
221 353
221 355
221 365
221 379
221 390
221 396
221 406
221 409
221 421
221 423
221 426
221 434
221 439
221 440
221 445
221 451
221 453
221 455
221 463
221 467
221 468
221 475
221 492
221 500
222 232
222 248
222 282
222 287
222 299
222 321
222 323
222 326
222 329
222 333
222 337
222 340
222 342
222 348
222 371
222 379
222 380
222 382
222 391
222 400
222 404
222 440
222 441
222 456
222 471
222 490
223 249
223 252
223 257
223 267
223 271
223 283
223 311
223 317
223 328
223 337
223 339
223 341
223 343
223 347
223 348
223 355
223 359
223 362
223 375
223 396
223 425
223 427
223 429
223 430
223 436
223 467
223 469
223 477
223 483
223 486
223 490
224 225
224 231
224 240
224 247
224 273
224 277
224 283
224 290
224 318
224 330
224 336
224 343
224 348
224 352
224 372
224 384
224 386
224 404
224 409
224 422
224 426
224 429
224 437
224 441
224 442
224 500
225 226
225 230
225 239
225 265
225 280
225 281
225 285
225 289
225 291
225 313
225 317
225 333
225 345
225 355
225 372
225 373
225 374
225 383
225 401
225 409
225 433
225 436
225 439
225 445
225 453
225 456
225 458
225 462
225 465
225 474
225 494
226 252
226 274
226 300
226 323
226 346
226 359
226 360
226 362
226 366
226 368
226 378
226 380
226 384
226 398
226 404
226 432
226 433
226 441
226 445
226 455
226 458
226 461
226 476
226 478
226 498
226 499
227 239
227 259
227 278
227 285
227 290
227 300
227 307
227 308
227 316
227 320
227 333
227 350
227 354
227 369
227 371
227 374
227 417
227 422
227 425
227 426
227 430
227 470
227 471
227 474
227 499
228 232
228 234
228 258
228 261
228 280
228 300
228 315
228 317
228 335
228 341
228 344
228 360
228 361
228 365
228 379
228 384
228 391
228 406
228 417
228 424
228 429
228 438
228 442
228 459
228 467
228 469
228 476
228 479
228 489
228 497
229 249
229 250
229 252
229 261
229 273
229 276
229 289
229 302
229 308
229 315
229 353
229 356
229 369
229 371
229 376
229 382
229 389
229 393
229 428
229 441
229 443
229 445
229 475
229 476
229 487
229 488
230 247
230 253
230 263
230 297
230 329
230 334
230 343
230 349
230 351
230 356
230 373
230 378
230 380
230 408
230 410
230 423
230 426
230 430
230 442
230 443
230 458
230 467
230 470
230 489
230 499
231 237
231 242
231 244
231 247
231 260
231 264
231 274
231 277
231 285
231 290
231 312
231 313
231 331
231 336
231 341
231 344
231 346
231 348
231 354
231 363
231 368
231 386
231 401
231 407
231 408
231 416
231 421
231 431
231 436
231 446
231 461
231 475
231 485
231 486
231 487
231 488
231 494
232 245
232 252
232 265
232 267
232 270
232 272
232 276
232 308
232 323
232 354
232 363
232 365
232 367
232 373
232 377
232 388
232 410
232 431
232 433
232 442
232 445
232 452
232 457
232 468
232 478
232 479
232 482
232 485
233 247
233 258
233 277
233 306
233 307
233 316
233 328
233 345
233 372
233 398
233 406
233 449
233 469
233 470
233 485
233 492
234 265
234 299
234 305
234 315
234 356
234 369
234 375
234 379
234 383
234 384
234 386
234 436
234 437
234 449
234 455
234 468
234 493
235 237
235 238
235 244
235 245
235 250
235 270
235 272
235 287
235 299
235 308
235 312
235 324
235 326
235 354
235 380
235 383
235 390
235 403
235 405
235 414
235 417
235 447
235 461
235 488
235 496
236 237
236 249
236 255
236 259
236 268
236 269
236 276
236 283
236 284
236 288
236 290
236 300
236 312
236 317
236 324
236 325
236 326
236 327
236 328
236 329
236 332
236 336
236 356
236 363
236 369
236 387
236 410
236 413
236 415
236 421
236 427
236 449
236 460
236 470
236 478
236 484
236 487
236 497
237 248
237 252
237 256
237 258
237 267
237 273
237 276
237 282
237 292
237 295
237 297
237 303
237 306
237 333
237 339
237 427
237 438
237 447
238 240
238 250
238 282
238 304
238 311
238 313
238 316
238 320
238 321
238 329
238 344
238 349
238 356
238 361
238 363
238 370
238 386
238 391
238 397
238 403
238 405
238 418
238 420
238 446
238 448
238 452
238 459
238 483
238 498
239 243
239 248
239 255
239 262
239 268
239 270
239 275
239 288
239 300
239 305
239 321
239 336
239 353
239 365
239 378
239 379
239 404
239 410
239 439
239 454
239 456
239 462
239 470
240 246
240 264
240 296
240 297
240 304
240 324
240 328
240 330
240 331
240 367
240 380
240 389
240 392
240 415
240 423
240 430
240 444
240 454
240 459
240 462
240 467
240 495
241 246
241 249
241 250
241 252
241 257
241 272
241 281
241 282
241 284
241 300
241 333
241 350
241 361
241 362
241 369
241 376
241 382
241 383
241 396
241 401
241 426
241 440
241 442
241 455
241 477
241 487
241 488
242 246
242 264
242 266
242 274
242 281
242 288
242 290
242 291
242 294
242 302
242 311
242 315
242 338
242 375
242 384
242 399
242 410
242 415
242 419
242 425
242 427
242 444
242 458
242 471
242 474
242 485
242 486
242 488
242 496
243 247
243 255
243 258
243 276
243 283
243 308
243 315
243 320
243 323
243 330
243 337
243 343
243 353
243 354
243 379
243 383
243 397
243 402
243 404
243 406
243 419
243 443
243 448
243 455
243 482
243 483
243 498
244 245
244 247
244 248
244 252
244 288
244 307
244 325
244 349
244 356
244 360
244 366
244 368
244 369
244 390
244 393
244 395
244 397
244 405
244 409
244 438
244 452
244 457
244 462
244 485
244 496
245 247
245 254
245 257
245 263
245 272
245 278
245 287
245 304
245 310
245 320
245 340
245 354
245 402
245 407
245 412
245 413
245 423
245 438
245 455
245 478
245 486
245 500
246 265
246 284
246 293
246 310
246 315
246 340
246 373
246 375
246 378
246 380
246 404
246 408
246 432
246 454
246 465
246 470
246 475
246 483
246 488
247 260
247 270
247 275
247 278
247 285
247 301
247 303
247 311
247 314
247 329
247 330
247 334
247 337
247 349
247 355
247 356
247 359
247 361
247 364
247 390
247 405
247 406
247 415
247 420
247 421
247 426
247 429
247 440
247 445
247 446
247 447
247 463
247 470
247 472
247 473
247 477
248 258
248 271
248 283
248 294
248 307
248 312
248 322
248 328
248 338
248 351
248 377
248 387
248 408
248 410
248 421
248 441
248 450
248 467
248 478
248 479
248 484
248 490
249 257
249 259
249 261
249 266
249 309
249 310
249 324
249 326
249 331
249 360
249 361
249 378
249 381
249 398
249 404
249 430
249 450
249 451
249 452
249 454
249 463
249 477
249 481
249 494
250 261
250 263
250 265
250 271
250 277
250 299
250 302
250 311
250 317
250 322
250 333
250 335
250 338
250 339
250 356
250 362
250 366
250 369
250 390
250 399
250 401
250 405
250 408
250 419
250 428
250 433
250 452
250 453
250 480
250 498
250 500
251 255
251 262
251 279
251 288
251 292
251 301
251 309
251 319
251 327
251 347
251 370
251 386
251 406
251 413
251 415
251 416
251 426
251 427
251 477
251 494
251 498
251 499
252 253
252 257
252 260
252 303
252 320
252 321
252 322
252 329
252 330
252 360
252 378
252 407
252 419
252 421
252 438
252 467
252 470
252 484
252 488
252 491
252 498
253 271
253 309
253 325
253 338
253 349
253 350
253 364
253 366
253 371
253 386
253 388
253 402
253 406
253 447
253 455
253 464
254 258
254 270
254 273
254 286
254 289
254 309
254 333
254 335
254 340
254 356
254 389
254 393
254 403
254 412
254 420
254 421
254 441
254 442
254 455
254 464
254 469
254 483
254 499
255 257
255 262
255 266
255 267
255 273
255 274
255 296
255 303
255 304
255 305
255 315
255 328
255 333
255 336
255 340
255 363
255 393
255 403
255 417
255 455
255 490
256 257
256 259
256 282
256 298
256 312
256 320
256 322
256 341
256 352
256 363
256 365
256 377
256 384
256 386
256 390
256 392
256 393
256 407
256 435
256 440
256 441
256 442
256 454
256 463
256 469
256 475
256 479
256 483
256 496
257 274
257 277
257 282
257 285
257 286
257 306
257 309
257 315
257 362
257 363
257 385
257 389
257 390
257 391
257 395
257 403
257 405
257 407
257 413
257 414
257 415
257 419
257 435
257 448
257 450
257 458
257 467
257 472
257 473
257 483
257 498
257 499
258 263
258 268
258 269
258 272
258 275
258 277
258 282
258 283
258 295
258 313
258 317
258 323
258 332
258 358
258 382
258 388
258 398
258 399
258 410
258 438
258 439
258 444
258 458
258 461
258 477
258 496
259 266
259 267
259 270
259 285
259 289
259 293
259 303
259 305
259 319
259 322
259 332
259 333
259 335
259 337
259 341
259 344
259 346
259 386
259 391
259 392
259 406
259 408
259 462
259 469
259 480
259 487
260 266
260 282
260 298
260 308
260 318
260 321
260 325
260 337
260 338
260 347
260 379
260 411
260 422
260 430
260 431
260 441
260 446
260 449
260 467
260 477
260 482
260 489
260 500
261 270
261 271
261 273
261 276
261 282
261 285
261 287
261 289
261 295
261 297
261 302
261 304
261 309
261 310
261 325
261 353
261 362
261 370
261 403
261 411
261 427
261 431
261 450
261 454
261 461
261 477
261 479
261 480
261 481
261 490
261 497
262 279
262 300
262 303
262 312
262 314
262 315
262 326
262 345
262 352
262 356
262 360
262 361
262 383
262 394
262 398
262 405
262 407
262 409
262 416
262 429
262 431
262 437
262 439
262 455
262 465
262 469
262 475
262 482
262 487
262 488
263 265
263 286
263 291
263 296
263 318
263 331
263 339
263 345
263 352
263 365
263 373
263 376
263 384
263 399
263 404
263 416
263 419
263 427
263 437
263 439
263 446
263 450
263 457
263 467
263 491
263 498
264 270
264 271
264 290
264 293
264 298
264 323
264 325
264 326
264 333
264 339
264 356
264 369
264 386
264 404
264 416
264 425
264 432
264 437
264 443
264 452
264 456
264 477
264 481
264 491
265 276
265 278
265 303
265 309
265 315
265 319
265 331
265 364
265 369
265 395
265 400
265 418
265 424
265 464
265 466
265 474
265 477
265 490
266 267
266 319
266 326
266 328
266 338
266 347
266 364
266 366
266 387
266 398
266 405
266 414
266 420
266 423
266 428
266 431
266 439
266 451
266 471
266 474
266 491
266 493
266 496
267 283
267 302
267 332
267 334
267 341
267 354
267 355
267 371
267 373
267 374
267 384
267 400
267 422
267 427
267 430
267 446
267 455
267 478
267 487
267 489
268 271
268 278
268 284
268 305
268 320
268 327
268 334
268 344
268 353
268 358
268 361
268 369
268 370
268 375
268 378
268 379
268 381
268 384
268 387
268 390
268 421
268 423
268 433
268 436
268 447
268 462
268 465
268 468
268 472
268 498
269 272
269 273
269 274
269 279
269 289
269 290
269 295
269 300
269 301
269 303
269 332
269 335
269 337
269 338
269 340
269 355
269 365
269 385
269 390
269 393
269 394
269 398
269 420
269 425
269 452
269 454
269 458
269 459
269 465
269 483
269 484
270 286
270 292
270 299
270 300
270 307
270 315
270 346
270 347
270 369
270 373
270 374
270 387
270 402
270 404
270 424
270 426
270 428
270 444
270 475
270 492
270 499
271 278
271 291
271 292
271 293
271 309
271 310
271 320
271 333
271 342
271 364
271 375
271 382
271 391
271 401
271 404
271 409
271 417
271 418
271 442
271 450
271 468
271 469
271 474
271 489
272 282
272 301
272 308
272 311
272 317
272 320
272 321
272 322
272 343
272 358
272 387
272 432
272 440
272 446
272 447
272 463
272 484
272 489
272 498
273 306
273 312
273 314
273 318
273 325
273 333
273 336
273 339
273 351
273 355
273 362
273 367
273 370
273 382
273 443
273 447
273 450
273 459
273 464
273 492
273 495
274 278
274 282
274 297
274 302
274 305
274 316
274 332
274 334
274 339
274 355
274 357
274 361
274 364
274 375
274 381
274 389
274 394
274 397
274 402
274 413
274 419
274 429
274 447
274 448
274 449
274 457
274 460
274 480
274 481
275 295
275 296
275 299
275 311
275 340
275 348
275 353
275 355
275 360
275 374
275 376
275 380
275 386
275 390
275 391
275 399
275 407
275 408
275 420
275 433
275 434
275 462
275 489
276 283
276 297
276 321
276 335
276 337
276 340
276 345
276 359
276 361
276 370
276 376
276 381
276 388
276 401
276 405
276 423
276 425
276 435
276 478
276 479
276 500
277 290
277 298
277 306
277 315
277 321
277 325
277 363
277 365
277 399
277 409
277 439
277 449
277 456
277 457
277 463
277 465
277 475
277 498
278 287
278 319
278 320
278 331
278 336
278 344
278 355
278 394
278 407
278 413
278 415
278 452
278 459
278 464
278 481
278 492
278 495
279 280
279 283
279 284
279 289
279 292
279 295
279 305
279 312
279 331
279 352
279 359
279 365
279 392
279 404
279 406
279 407
279 412
279 419
279 425
279 426
279 446
279 450
279 480
279 484
279 497
280 286
280 321
280 359
280 371
280 372
280 375
280 378
280 390
280 391
280 401
280 405
280 417
280 436
280 467
280 474
280 476
280 495
280 498
281 291
281 294
281 302
281 312
281 330
281 345
281 347
281 382
281 393
281 396
281 410
281 419
281 429
281 438
281 439
281 459
281 463
281 465
281 468
281 493
281 500
282 284
282 298
282 316
282 318
282 325
282 327
282 345
282 349
282 361
282 365
282 373
282 374
282 382
282 392
282 396
282 403
282 408
282 409
282 435
282 436
282 439
282 440
282 451
282 459
282 465
282 481
282 486
283 285
283 286
283 287
283 288
283 300
283 304
283 305
283 335
283 338
283 340
283 352
283 353
283 375
283 389
283 402
283 416
283 422
283 423
283 434
283 439
283 448
283 454
283 457
283 466
284 286
284 292
284 293
284 294
284 301
284 312
284 314
284 362
284 377
284 381
284 406
284 417
284 420
284 432
284 441
284 446
284 454
284 457
284 479
284 480
285 293
285 295
285 310
285 311
285 317
285 319
285 323
285 348
285 350
285 369
285 370
285 371
285 379
285 380
285 384
285 395
285 397
285 402
285 407
285 419
285 428
285 448
285 462
285 463
285 486
286 310
286 315
286 324
286 328
286 330
286 335
286 351
286 384
286 391
286 392
286 402
286 407
286 409
286 410
286 442
286 443
286 449
286 470
286 471
286 485
286 491
287 299
287 300
287 304
287 313
287 317
287 320
287 335
287 337
287 342
287 347
287 349
287 353
287 358
287 359
287 388
287 397
287 402
287 422
287 438
287 449
287 459
287 470
287 475
287 493
288 300
288 327
288 342
288 367
288 375
288 409
288 429
288 447
288 452
288 454
288 479
288 487
288 493
288 495
289 290
289 291
289 298
289 309
289 319
289 325
289 328
289 335
289 345
289 348
289 351
289 360
289 363
289 371
289 387
289 396
289 420
289 423
289 430
289 441
289 446
289 480
289 498
290 301
290 312
290 328
290 341
290 365
290 372
290 376
290 377
290 381
290 388
290 407
290 410
290 412
290 417
290 419
290 424
290 426
290 437
290 439
290 444
290 462
290 464
291 292
291 303
291 304
291 308
291 313
291 318
291 327
291 331
291 343
291 345
291 356
291 389
291 396
291 415
291 419
291 422
291 423
291 426
291 427
291 432
291 443
291 467
291 470
291 474
291 476
291 483
291 496
292 304
292 310
292 315
292 325
292 331
292 334
292 336
292 352
292 361
292 366
292 378
292 385
292 389
292 390
292 394
292 403
292 423
292 431
292 433
292 434
292 435
292 441
292 450
292 460
292 469
292 472
292 476
292 487
293 297
293 304
293 311
293 318
293 346
293 379
293 391
293 408
293 410
293 412
293 418
293 423
293 430
293 441
293 445
293 447
293 453
293 456
293 472
293 489
294 298
294 300
294 303
294 309
294 324
294 335
294 342
294 346
294 347
294 352
294 356
294 363
294 401
294 403
294 421
294 428
294 433
294 459
294 462
294 464
294 468
294 476
294 489
294 490
294 491
295 296
295 297
295 302
295 307
295 319
295 329
295 331
295 341
295 342
295 361
295 364
295 379
295 388
295 394
295 411
295 412
295 428
295 429
295 435
295 451
295 475
295 478
295 486
295 489
296 304
296 313
296 324
296 326
296 328
296 336
296 341
296 359
296 360
296 385
296 399
296 402
296 407
296 416
296 436
296 442
296 456
296 461
296 463
296 471
296 482
296 483
296 499
297 301
297 312
297 370
297 379
297 383
297 389
297 398
297 399
297 421
297 427
297 429
297 438
297 470
297 473
297 484
297 499
297 500
298 307
298 312
298 340
298 345
298 364
298 370
298 383
298 384
298 401
298 409
298 411
298 412
298 415
298 416
298 417
298 426
298 428
298 439
298 454
298 456
298 471
298 493
298 497
298 500
299 322
299 327
299 331
299 341
299 348
299 353
299 361
299 364
299 365
299 367
299 384
299 388
299 394
299 401
299 407
299 413
299 417
299 431
299 437
299 451
299 462
299 463
299 470
299 479
299 480
299 481
299 497
300 312
300 313
300 315
300 318
300 320
300 325
300 343
300 353
300 381
300 392
300 408
300 427
300 431
300 443
300 457
300 466
300 467
300 473
300 474
300 476
300 488
300 492
301 311
301 312
301 341
301 344
301 347
301 350
301 351
301 369
301 377
301 380
301 385
301 398
301 412
301 419
301 433
301 442
301 444
301 458
301 459
301 461
301 474
301 481
301 484
301 485
302 303
302 311
302 342
302 358
302 361
302 389
302 393
302 397
302 404
302 411
302 414
302 416
302 465
302 467
302 475
302 478
302 480
302 487
302 492
303 335
303 341
303 386
303 406
303 453
303 456
303 461
303 472
303 473
303 476
303 487
303 498
304 344
304 348
304 349
304 350
304 351
304 358
304 373
304 377
304 382
304 390
304 392
304 408
304 412
304 416
304 425
304 434
304 443
304 449
304 475
304 494
304 497
304 499
305 315
305 316
305 325
305 339
305 340
305 349
305 355
305 364
305 395
305 398
305 402
305 415
305 422
305 423
305 424
305 449
305 452
305 464
305 469
305 485
305 499
306 308
306 311
306 314
306 321
306 328
306 350
306 360
306 363
306 364
306 370
306 388
306 396
306 406
306 435
306 444
306 453
306 471
306 500
307 313
307 330
307 335
307 355
307 360
307 371
307 384
307 401
307 425
307 437
307 444
307 459
307 480
307 491
307 493
308 323
308 333
308 338
308 340
308 341
308 342
308 344
308 348
308 378
308 382
308 383
308 394
308 404
308 419
308 434
308 441
308 446
308 450
308 456
308 461
308 467
308 471
308 479
309 312
309 324
309 365
309 366
309 374
309 380
309 383
309 391
309 397
309 405
309 409
309 417
309 422
309 446
309 451
309 454
309 463
309 470
309 474
309 477
309 478
309 486
309 488
310 314
310 315
310 317
310 336
310 363
310 386
310 389
310 396
310 418
310 430
310 438
310 442
310 452
310 456
311 316
311 318
311 348
311 363
311 380
311 390
311 391
311 396
311 401
311 444
311 447
311 460
311 467
311 485
311 494
311 497
312 313
312 377
312 384
312 391
312 419
312 448
312 463
312 469
312 476
312 491
312 493
312 498
313 331
313 336
313 347
313 371
313 372
313 378
313 380
313 413
313 422
313 445
313 457
313 464
313 470
313 476
313 477
313 486
313 489
313 497
313 499
314 321
314 322
314 339
314 341
314 347
314 357
314 358
314 432
314 437
314 470
314 474
314 486
314 487
315 348
315 353
315 368
315 383
315 392
315 414
315 417
315 422
315 423
315 434
315 459
315 463
315 473
315 485
315 496
315 500
316 322
316 325
316 333
316 336
316 357
316 358
316 406
316 407
316 412
316 417
316 438
316 440
316 442
316 448
316 450
316 452
316 462
316 466
316 493
317 331
317 332
317 334
317 338
317 346
317 348
317 355
317 358
317 362
317 368
317 375
317 385
317 388
317 398
317 420
317 422
317 431
317 434
317 454
317 461
317 465
317 471
317 479
317 485
318 323
318 331
318 332
318 342
318 357
318 364
318 382
318 393
318 404
318 416
318 417
318 442
318 469
318 481
318 488
318 491
318 492
318 493
318 499
318 500
319 323
319 327
319 363
319 367
319 369
319 378
319 388
319 397
319 428
319 429
319 434
319 435
319 453
319 454
319 460
319 463
319 468
319 471
319 480
319 486
319 490
320 321
320 322
320 350
320 387
320 395
320 404
320 420
320 422
320 450
320 467
320 468
320 469
320 478
320 497
321 346
321 356
321 358
321 397
321 402
321 409
321 410
321 420
321 421
321 423
321 424
321 430
321 439
321 447
321 454
321 461
321 463
321 486
322 338
322 346
322 347
322 369
322 372
322 390
322 395
322 396
322 407
322 414
322 427
322 433
322 435
322 444
322 447
322 461
322 473
322 481
322 485
322 500
323 332
323 356
323 357
323 366
323 368
323 374
323 386
323 406
323 473
323 477
323 492
323 493
323 495
323 497
324 334
324 366
324 374
324 378
324 385
324 388
324 394
324 403
324 410
324 445
324 458
324 466
324 478
325 329
325 343
325 357
325 375
325 397
325 409
325 426
325 431
325 444
325 474
325 475
325 481
325 482
325 488
325 500
326 334
326 346
326 375
326 383
326 407
326 432
326 444
326 450
326 454
326 456
326 462
326 464
326 467
326 469
326 474
327 343
327 344
327 358
327 360
327 363
327 374
327 388
327 408
327 413
327 414
327 419
327 469
327 471
327 474
327 481
327 490
327 498
328 340
328 351
328 364
328 371
328 379
328 387
328 403
328 421
328 475
328 490
328 491
328 496
329 338
329 360
329 361
329 379
329 381
329 392
329 394
329 418
329 423
329 426
329 431
329 432
329 444
329 447
329 451
329 458
329 463
329 469
329 475
329 489
329 496
330 333
330 347
330 352
330 359
330 361
330 381
330 383
330 384
330 414
330 424
330 428
330 441
330 459
330 474
330 477
330 485
331 354
331 381
331 382
331 409
331 411
331 451
331 452
331 464
331 481
331 487
331 495
332 333
332 357
332 376
332 377
332 381
332 403
332 411
332 438
332 461
332 469
332 482
332 485
332 490
332 494
332 496
332 499
333 338
333 339
333 345
333 351
333 354
333 374
333 406
333 419
333 420
333 422
333 430
333 433
333 441
333 464
333 467
333 476
333 479
334 336
334 345
334 349
334 356
334 361
334 366
334 374
334 380
334 396
334 401
334 411
334 412
334 432
334 438
334 446
334 447
334 451
334 455
334 459
335 338
335 342
335 364
335 382
335 386
335 387
335 392
335 394
335 422
335 438
335 441
335 456
335 471
335 483
336 357
336 358
336 363
336 369
336 391
336 397
336 406
336 412
336 426
336 433
336 438
336 439
336 451
336 461
336 465
336 469
336 479
336 488
337 340
337 345
337 346
337 351
337 369
337 394
337 408
337 414
337 427
337 438
337 454
337 468
337 472
337 477
338 341
338 342
338 347
338 365
338 372
338 398
338 403
338 413
338 426
338 432
338 437
338 451
338 473
338 485
338 493
338 498
339 340
339 341
339 365
339 382
339 389
339 393
339 437
339 445
339 460
339 483
339 486
339 488
339 496
339 500
340 360
340 361
340 389
340 399
340 417
340 429
340 432
340 447
340 455
340 459
340 470
340 473
340 474
340 486
340 487
340 489
341 345
341 360
341 362
341 372
341 375
341 378
341 382
341 385
341 406
341 410
341 412
341 418
341 419
341 420
341 421
341 471
341 472
341 492
342 344
342 350
342 380
342 403
342 418
342 425
342 438
342 482
342 491
343 357
343 360
343 364
343 378
343 381
343 392
343 398
343 402
343 403
343 407
343 410
343 414
343 440
343 461
343 467
343 488
343 498
344 353
344 378
344 379
344 382
344 383
344 395
344 400
344 419
344 420
344 433
344 435
344 446
344 465
344 472
345 347
345 348
345 359
345 376
345 378
345 379
345 384
345 391
345 401
345 407
345 409
345 419
345 423
345 426
345 429
345 443
345 471
345 474
345 486
345 493
345 495
346 352
346 357
346 383
346 398
346 405
346 407
346 408
346 444
346 447
346 462
346 481
346 491
346 494
346 498
347 351
347 361
347 370
347 376
347 380
347 384
347 403
347 422
347 429
347 431
347 432
347 433
347 444
347 450
347 462
347 472
347 473
347 485
347 493
348 365
348 377
348 385
348 395
348 398
348 415
348 418
348 420
348 421
348 424
348 432
348 449
348 450
348 455
348 463
348 467
348 475
348 499
349 373
349 382
349 389
349 428
349 446
349 452
349 455
349 473
349 478
349 487
349 489
349 497
349 498
349 499
350 355
350 369
350 382
350 383
350 412
350 418
350 426
350 428
350 442
350 446
350 447
350 451
350 454
350 467
350 488
351 363
351 364
351 365
351 375
351 392
351 396
351 400
351 401
351 408
351 421
351 433
351 471
351 496
352 355
352 360
352 363
352 367
352 375
352 386
352 416
352 423
352 429
352 439
352 443
352 451
352 460
352 461
352 465
352 485
352 492
353 358
353 376
353 379
353 383
353 384
353 391
353 406
353 437
353 457
353 461
353 468
353 474
353 490
353 498
354 368
354 375
354 379
354 400
354 402
354 427
354 451
354 465
354 473
354 478
355 363
355 364
355 379
355 389
355 399
355 432
355 439
355 440
355 443
355 444
355 449
355 466
355 476
355 478
356 366
356 370
356 371
356 372
356 391
356 400
356 421
356 428
356 429
356 461
356 473
356 474
356 484
356 498
357 362
357 364
357 375
357 376
357 382
357 388
357 390
357 391
357 392
357 399
357 407
357 408
357 428
357 431
357 444
357 447
357 458
357 462
357 483
357 484
357 486
357 490
357 499
358 386
358 387
358 390
358 456
358 463
358 478
358 481
358 482
358 487
358 488
358 489
359 378
359 391
359 393
359 395
359 397
359 400
359 407
359 411
359 420
359 421
359 424
359 425
359 432
359 435
359 442
359 451
359 453
359 457
359 462
359 483
359 493
359 497
359 500
360 361
360 370
360 376
360 393
360 407
360 441
360 454
360 458
360 463
360 479
360 489
361 363
361 383
361 384
361 430
361 447
361 451
361 456
361 463
361 473
362 383
362 397
362 406
362 418
362 453
362 460
362 463
362 477
362 489
362 495
363 365
363 366
363 372
363 373
363 376
363 377
363 385
363 412
363 413
363 416
363 426
363 432
363 435
363 445
363 451
363 465
363 477
363 488
364 390
364 398
364 399
364 405
364 416
364 433
364 434
364 438
364 444
364 455
364 472
364 497
365 367
365 369
365 372
365 381
365 382
365 387
365 389
365 402
365 407
365 408
365 411
365 428
365 429
365 448
365 449
365 451
365 461
365 479
365 484
366 370
366 381
366 385
366 395
366 404
366 413
366 417
366 443
366 446
366 455
366 472
366 473
366 489
366 498
366 500
367 368
367 381
367 383
367 402
367 404
367 410
367 428
367 436
367 437
367 466
367 468
367 476
367 496
368 372
368 373
368 401
368 406
368 420
368 429
368 430
368 448
368 471
368 478
368 486
369 377
369 391
369 397
369 400
369 409
369 416
369 420
369 430
369 431
369 440
369 441
369 442
369 451
369 466
369 484
369 486
369 492
369 495
369 496
370 377
370 394
370 432
370 433
370 436
370 440
370 441
370 444
370 461
370 468
370 479
370 483
370 498
371 393
371 395
371 399
371 412
371 419
371 435
371 449
371 458
371 461
371 486
371 495
372 382
372 383
372 475
372 491
372 499
373 375
373 384
373 388
373 404
373 406
373 417
373 422
373 436
373 444
373 460
374 378
374 390
374 403
374 423
374 440
374 449
374 454
374 482
374 487
374 492
374 494
374 497
374 500
375 381
375 382
375 384
375 385
375 391
375 394
375 401
375 410
375 416
375 422
375 429
375 432
375 440
375 455
375 461
375 464
375 478
375 490
375 494
375 496
376 381
376 383
376 409
376 427
376 428
376 434
376 444
376 445
376 452
376 453
376 471
376 498
377 386
377 408
377 410
377 415
377 432
377 450
377 463
377 470
377 474
378 383
378 392
378 401
378 411
378 415
378 427
378 436
378 439
378 442
378 456
378 465
378 468
378 471
378 494
378 497
378 500
379 383
379 396
379 407
379 412
379 413
379 415
379 431
379 435
379 436
379 449
379 459
379 460
379 461
379 490
380 391
380 394
380 398
380 420
380 422
380 434
380 447
380 448
380 463
380 465
380 466
380 467
380 469
380 476
380 478
380 495
381 405
381 409
381 411
381 420
381 422
381 448
381 469
381 472
381 495
382 402
382 407
382 410
382 419
382 446
382 467
382 485
383 391
383 410
383 412
383 415
383 421
383 432
383 433
383 435
383 448
383 485
383 487
383 500
384 401
384 410
384 418
384 422
384 423
384 452
384 458
384 482
384 489
384 495
385 386
385 394
385 395
385 407
385 424
385 485
385 491
385 492
386 395
386 410
386 413
386 414
386 418
386 447
386 473
386 487
386 499
387 404
387 416
387 438
387 440
387 469
387 474
387 475
388 435
388 449
388 454
388 471
388 480
388 483
389 423
389 426
389 436
389 440
389 451
389 458
389 467
390 391
390 395
390 417
390 424
390 428
390 433
390 444
390 453
390 471
390 480
390 491
390 497
391 402
391 404
391 413
391 418
391 419
391 425
391 432
391 464
391 472
391 500
392 412
392 417
392 432
392 441
392 442
392 450
392 451
392 458
392 460
392 470
392 472
392 484
393 418
393 425
393 437
393 441
393 468
393 482
393 486
393 496
393 497
394 397
394 408
394 411
394 417
394 422
394 424
394 434
394 458
394 469
394 470
394 478
394 479
394 487
395 404
395 450
395 464
395 468
395 475
395 484
395 492
395 494
395 496
396 401
396 412
396 421
396 438
396 442
396 444
396 447
396 453
396 457
396 468
396 469
396 472
396 491
396 494
396 496
396 500
397 404
397 407
397 408
397 409
397 413
397 420
397 426
397 436
397 457
397 477
397 479
397 487
397 488
397 493
397 494
397 497
398 406
398 421
398 428
398 436
398 444
398 450
398 452
398 457
398 460
398 468
398 475
398 478
399 411
399 421
399 422
399 428
399 439
399 468
399 493
400 407
400 413
400 432
400 433
400 435
400 454
400 459
400 486
401 448
401 456
401 458
401 462
401 474
401 477
401 484
401 494
401 497
402 403
402 415
402 420
402 429
402 463
403 410
403 418
403 420
403 446
403 489
403 500
404 405
404 431
404 438
404 440
404 448
404 459
404 460
404 465
404 479
404 481
404 482
404 491
404 498
405 413
405 414
405 417
405 428
405 461
405 481
405 491
406 407
406 413
406 443
406 445
406 446
406 447
406 451
406 469
406 475
407 415
407 426
407 439
407 440
407 455
407 457
407 495
408 414
408 415
408 425
408 438
408 441
408 445
408 489
409 411
409 426
409 435
409 471
409 474
409 489
409 491
409 495
409 498
410 428
410 431
410 449
410 452
410 465
410 487
410 492
410 493
410 499
411 414
411 415
411 427
411 432
411 446
411 448
411 449
411 450
411 453
411 458
411 463
411 466
411 474
411 485
411 495
411 496
412 429
412 475
412 491
412 499
413 426
413 434
413 436
413 439
413 486
413 491
413 492
414 427
414 455
414 456
414 464
414 465
414 471
414 485
414 493
415 424
415 437
415 444
415 481
415 484
416 434
416 469
416 476
416 477
417 427
417 428
417 431
417 444
417 446
417 460
417 463
417 466
417 479
417 491
418 437
418 438
418 456
418 459
418 461
418 467
418 473
418 489
418 495
418 497
419 420
419 421
419 423
419 446
419 454
419 455
419 457
419 473
419 476
419 485
419 489
419 491
419 499
419 500
420 436
420 439
420 452
420 454
420 457
420 486
420 489
421 422
421 436
421 449
421 458
421 470
421 476
421 496
422 428
422 452
422 458
422 463
422 469
422 473
422 485
423 424
423 427
423 428
423 439
423 444
423 445
423 460
423 471
423 477
423 478
423 491
424 425
424 430
424 438
424 439
424 456
424 460
424 464
424 488
424 495
424 496
425 437
425 441
425 452
425 459
425 467
425 469
425 486
425 493
426 428
426 433
426 452
427 465
427 477
427 492
427 494
428 447
428 449
428 450
428 462
428 468
428 469
428 483
428 493
429 445
429 447
429 451
429 466
429 468
429 471
429 483
429 489
429 491
429 492
430 437
430 442
430 444
430 449
430 459
430 465
430 467
430 474
430 480
430 491
430 495
430 500
431 433
431 435
431 446
431 460
431 462
431 463
431 464
431 468
431 476
431 478
432 440
432 477
432 483
432 489
432 492
432 500
433 445
433 448
433 449
433 457
433 460
433 466
433 468
433 481
433 492
434 438
434 451
434 463
434 470
434 476
434 480
434 481
434 485
434 489
434 497
434 498
434 499
435 459
435 477
435 489
436 455
436 466
436 467
436 470
436 489
436 500
437 439
437 462
437 472
438 441
438 446
438 447
438 451
438 453
438 484
438 500
439 440
439 454
439 457
439 464
439 473
439 481
439 496
440 454
440 460
440 465
440 470
440 472
440 474
440 481
440 491
440 496
441 442
441 451
441 467
441 497
441 499
442 443
442 444
442 450
442 459
442 471
442 485
442 493
442 497
443 446
443 458
443 460
443 464
443 467
443 468
443 472
443 477
443 479
443 486
443 492
444 448
444 456
444 464
444 469
444 486
444 493
445 453
445 455
445 461
445 469
445 473
445 479
445 480
446 453
446 461
446 464
446 469
446 471
446 477
446 478
446 495
446 499
447 468
447 471
447 473
447 474
447 479
447 491
447 493
447 494
447 499
448 449
448 451
448 493
448 499
449 455
449 457
449 459
449 473
449 476
450 453
450 467
450 469
451 473
452 459
452 468
452 489
452 500
453 465
453 485
453 499
454 466
454 472
455 461
455 464
455 470
456 457
456 465
456 476
456 488
456 497
457 470
457 475
458 461
458 463
458 464
458 466
458 473
458 494
458 500
459 487
459 492
459 496
460 467
460 491
460 493
460 499
461 465
461 470
461 473
461 476
461 477
461 479
461 482
461 493
462 463
462 467
462 476
462 478
462 480
462 488
462 499
463 464
463 499
464 468
464 470
464 490
465 467
465 484
465 491
465 498
465 499
466 482
466 494
467 470
467 486
467 492
467 498
468 473
468 479
468 493
468 494
469 480
469 489
469 492
470 473
470 475
470 484
470 485
470 487
470 496
471 473
471 475
471 478
471 481
471 484
471 487
471 489
473 493
473 499
474 477
474 479
474 481
474 484
475 478
475 495
476 487
476 492
477 491
477 500
478 480
478 484
478 494
479 480
479 485
480 481
480 490
481 496
482 483
482 493
483 487
483 491
483 500
484 486
484 493
484 495
484 498
485 499
486 487
486 493
488 494
488 498
489 499
490 498
491 492
491 493
491 495
492 493
492 496
493 500
