2615 3860
237 545 1437 1881
372 914 1701 2134
273 442 1769 1963
1047 1662
152 1153
508 2155 2229 2300
1231 1353 1436
1078 2109
516 2004
697 720 2172
721 1639 2451
43 970 2514 2538
440 873 1424 2506
595 1572
402 1804
1703 1832
1213 2359
1442 2251
130 2066
432 508 2096
780 1456
449 1241 1998
213 1475 2522
104 895 2253
1966 2137
1481 1623 2125
806 1607 2377
94 285 1043 1422 1812 1916
576 987 1125 1957 2595 2597
204 1471
116 1398 1948 2134 2578
1363 1407 1978
417 689
1390 1613
303 593
1637 2134
111 1806
368 2179
977 1295 2599
43 1458
1487 2406 2541
1592 2211
317 429 2108 2561
735 2254
661 2200 2368
190 451 783 1496
269 1505 2598
78 334 485 531 1278
89 580 1613 2471
1029 1534 1758
275 778 788 2342 2487
693 1078 2056
188 217 458
89 1827 2538
312 625
132 1341 2135 2350 2555
822 1247
107 286 1231 1887
1611 2332
1384 1645
467 1129 1762 2134 2364
972 1895 2490
1661 1729
987 1638
953 1046 1212 1841
261 1101 1196 1657 1774
1384 2191
735 1042 2174
1365 2086
806 2537
1192 1807 1881
316 1189
314 1057
154 299
139 434 1285
136 225 873 2238 2580
1326 2495 2587
1296 1780 1921 2144 2595
632 1478 2411 2530
1342 1891 2497
102 1804
737 1941 2023
538 1938
1 540 1274 2145
1084 1280 1458
1125 1891
119 147 925 2543
441 1051 1944
702 1047 1372 1636
411 1231 2147
151 1030 1559 1621
1189 1409 1942
696 1423 2115
376 1125 2347 2350
748 2060
891 1911
1828 2190 2406
879 1711 1919 2433
440 2430
234 771 1887
468 1541 2049
1079 2584
358 1231
1341 2127
457 2258 2522
484 746 2210
853 1428 1864
232 243 1342 1517 1789 2191
2569 2588
266 505 933 952 1088 1100 1694
1143 1526 1884 2092
927 1257 2453
1006 1449 1827 2008
1214 1221 2450
741 2016
806 959 2496
217 577 968 1078 1847
14 1542 2369
430 2119
476 623 1424
2119 2509
706 1350 2444 2501
603 802 1860 2423 2446
827 981 2119
774 1780 1880 2290 2410 2498 2510
1297 1476 2558
266 1926 1950
707 2490 2527
495 1195
2107 2501
806 1144 2061
807 969 1837 2502
716 1396 1680 2042 2422 2448
1289 1462 1515
339 758 923 1627 1994 2317
1037 1307 2614
182 1557
597 936 1072
1066 2021
147 845 1246 1734 2271
448 862 1113 1601
210 884 1288 2535
876 1581
45 1756
154 718
1328 2532
11 223 656 1229 2448
215 403 968 2118
346 690 960 1992
340 652 1765
1311 1417
478 779 1981
697 991
42 1266 1671
332 1114 1344
217 424 2570
416 1814
434 1024 2253
1442 1711
2001 2306 2328
447 665 920 1688 2168
6 66 255 608
1679 2512
63 1573
885 1670 1987
629 2342
1047 1061
983 1594
895 2487
528 1260 2189
587 1538
1456 2072 2518
792 1304
137 1173 1490 1553 1889
1491 1895 2461
279 1067 1522 2288
741 1161 1707 1768
830 840 2085
926 1779 1887 2107 2229 2457 2469
1522 1871
1344 1632
914 1419 1708
952 1059 1379 1505 2303
24 1577 1636
1125 1221
714 1065
82 1680 1786 2454
481 683 1104 1728 2522
458 1185
590 1046 2177
160 1240 1749 2565
97 281 300 506 867
201 865 2307
523 1938
755 2221
304 1118 1197 1836
289 1111 2367
66 1980
68 1003 1442 1851
295 308 1075 2556
1222 1292
1418 1588 1997 2223 2309
595 1754 2576
159 2242
481 496 1597
461 474 1492
1373 2278
243 775 1470 1492 2315 2534
15 358 1029 1779
1484 1972
1786 1882 2249 2410
633 2411
694 1713
227 1492 1793
517 2053
397 1337 1409 1812 2355
362 436 1625 1851
1202 1907
31 228 489 774 852 1480
397 1423
290 655
1704 1829 2006
829 1026
697 904 1576 1894
1072 1560 2314 2449
1325 2503
1425 1441
130 497 1534 2244
542 874
660 1163
272 866
2067 2121 2517
1345 1844 2510
107 285 333 2445
448 543
441 2612
358 1597 1853 1986
446 2190
283 663
1089 1466 1633 2039 2436
75 282 408 501 1744 2043
1570 1580 1644 1689 2095 2483
326 1314 2242 2442
1638 2395
41 212 699 1128 1357 1622 1843
988 1118
457 1145
147 1322
131 1566 2027
181 568 1074 1342 2305
1202 2268
766 1246
217 479 1293 2595
1626 2083
1202 1359 1461 1835
199 1325 1599 1689
330 411 1735
167 337 1161 1772
981 1063 2365
23 416 810 1161 1190
905 1640 2412 2444
1 179 193 593 1869 2105 2537
34 560 1004 2148
1180 1423
50 1510
78 377 1262 1746
884 2373 2428 2443
740 1166
737 1690 2285
15 1183 1474 1529 1993
1716 1972
760 1394 1595 2373
341 1930
701 1104 2275
1145 1169 2237
888 1139 1846
261 484 519 1551 2232
702 2181 2258
741 928 1730
269 2112
2364 2399
359 412 426 796 1332 1762 2119 2226 2252
667 808 1035
1455 2251
260 289 1319 1521 1566
543 1044 2200 2274 2367 2468
945 1852 1937 2227
1945 1973 2294 2527
277 1740
723 908 1359
890 2514
554 758
545 590 1464 1569
1783 2118
1325 1707
39 1785
690 868
305 2371
266 1811
156 1617
361 2364
289 708 1153 2008 2367
1673 2085
685 2297 2495
966 1036
26 181 2216 2244
895 956
2318 2471
425 781 1329 1538
756 1061 1063 1888
1255 2162 2342
1377 1696 2515
375 1299 1973
102 1072 1264 1493 2527
1442 1827
563 1503
267 1146 2020
293 934 1065 1747
533 795 1162 1724 2040 2215 2309
371 1493
306 921
132 714 977 2565
1498 1822 1915 2463
652 1184 2562
733 788 1465 1624
549 1523
552 1307 1676
1442 2318
213 998 1008 1808 1987 2346
119 890 2260
819 1189 2034
552 1074
555 1052 1481 2202 2359
208 258 268 1750 2453
1187 1258
1428 1807 2498
45 1723 1727 1931
196 2185
28 493 885 1536
94 1721
2577 2583
288 2366
263 1114 2196
786 1040 1194 1592 1815 2348 2582
69 1244 1659 1719 2039
826 2170 2235
1104 1441 2444
1233 1831 2020
1763 1907 2245
490 1089 1757
517 762 1905 2505
52 1658 2541
974 1015 1584 1817
641 1673
690 1004 1048
1660 1661
99 828 917 1463
244 2499
1181 1416
635 2506
1225 1578
667 836 1929
265 992 2165
533 1602 1810
294 383 394 603
166 1420 1446 2327 2454
1169 1554 2353
629 1356 2339
296 1278 1758 1904
1820 2221 2495
71 342 1592
273 873
368 932 2319
28 104 443 578 1769 2417 2548
1013 1271
1264 1785
713 1285 1557
749 2400
859 1809 1913 2317
446 507 1493 2376
490 1676
271 539 791
133 740 1786 2340
857 1027 1611 2118 2339
172 510 2474 2593
128 1530 1627
606 1046 2256 2455
658 773
53 580 862 871 2543
44 606 1447
47 1000 1207 2578
1909 2223
971 2096
16 628 1024 1752 2397
335 471 975 2294
436 922 2448
126 132
1639 1891
185 367 566 982 1226 2001 2462
1560 1608
952 2069
337 458 1422
120 659 1374
57 243 377 1066 1788 2233 2260
42 780 1178 1627
1138 1965
1510 2048
1377 1519
79 192 575 651 1732
508 1236 1776 2218
1040 1897 2378
1018 1518
551 1980
2204 2429 2440
1470 1490 2248 2560
381 2083
1626 2067
153 356 536 2146
182 239 1728 1905
669 1520 2550
228 716 1175
384 1719 2048
695 1683 2234
13 281
572 943 1466 1536 1703 2094 2210 2324
331 448 1945 2267
1224 1658 1758
185 230 2049
1163 1353
513 684
357 735 1641 1728
377 693 1792
106 120
2289 2570
115 138 751 1738 1859
766 809
476 2389
121 591 2291
1262 1789 2505
134 2229
1287 2004
1332 2357 2402
855 1194 2070
1094 1822 2031 2110
301 440 1002 1068 2549
427 1267 1527 2602
828 882
1118 1815 2225
285 427 636 1793 2180 2498
690 1057 2415
2051 2339
1288 2192
679 733 2445
427 1545 1613
613 1065 1689 1845
30 1139 1725 2360
471 1395 2262 2315
802 1541 2279 2294
419 1200 1773
433 840 856 1322 1586 2045 2206 2294 2418
836 1369 2527
2121 2548
262 1637 1988
672 679 2433
345 2433 2464
300 755
145 1060
79 2070
170 340 2262 2480
362 1109 1183
10 288 719 1058
487 553 1119 1511 1701 1763 2346
587 1672 1906 2184
134 996
12 443
2152 2205 2261
253 1212 1652 1835
314 817
1325 1639 2286
1566 1920 2183 2299
41 1397 1466 1865
1423 1734
1327 1749
446 510 922 1646 2582
828 1828
823 1460 2166
524 777
616 2169
1316 1353 1675
210 1212
137 300
1272 2281
224 269 270 1629
977 2427
49 231 577 1597 2517
2095 2135
1707 1778
268 340 900 1292
271 291 631 1389 2076
137 552 748 2132
966 1302
46 679 1486 1929
1 2296
1162 1804
219 1372
104 1048 1557 1624 2218 2455
350 616 1554
352 1117 1334 2148 2261
478 2012
950 1349
711 2095
1669 2352 2498
605 1230 1368 2273
895 1339 1364
704 883 1849 2135 2391
860 1018 1100 1675 2295
246 617 788 1494 1518
169 1795
1706 2534
1333 2603
222 1550 1726 1918
514 2377 2402
745 960
163 1654
1390 1569 2133
30 1975
1054 2528
862 1548
518 624 2121
1455 1532
1840 1983 2394
597 1797
1166 1310 1620 1839 2482
816 1235 1542 1584 2265
1594 2270
590 1090 1895
1795 2436
262 897 978
386 453 506 992 2089 2580
357 839
211 290 1118 2405
26 923 1518
277 2573
656 916 1281
206 1780 2139
863 2215
497 1316 2214
263 350 2536
37 456 2236 2512
1408 1642 2036 2324
626 737
2 96 689 2210
125 594 1160
221 2169
110 897 1341 1436 1697 1932 2392
801 1790 2256
148 568 875 1626 1750 2174
631 2599
2240 2596
191 1765
1340 2311
300 1331 2381
157 1367
1155 1651
41 247 299 1036 1352 1482 1691
1781 2200
588 1437 2326 2422 2451
37 728 774 840 2443
637 1205 1709
192 1527 1863
315 321 1696 2190
1120 2030
139 1775 1834 2455
2211 2397
2193 2349
770 2524
542 1208 1215
813 922
879 1951
462 950 2135
227 598 1472 1725 2267
786 1741 1932
797 1450 1553 2263
1794 1919
1007 1029
1403 1993 2303
217 604
1260 2558 2579
663 1639 2213 2277 2533
726 1940 2205 2519
41 90 1972
1051 1428 2406
121 1549 2301
173 1154 1577
44 967 2456
305 1876
1060 1340 1367 1473 2266
279 1367
47 640 1407 1828
349 994 2576
623 1399
614 819 2440
494 737 2362
1326 1581
1968 2602
1579 2565
189 804
509 1930
158 816 1001 1013
2433 2535
781 836 986 1104
737 863 872 898 1395
801 2207 2231
562 1664
304 530 1278
486 1019
479 2234
260 1011 1518 2533
1572 1839
433 665 2558
164 433 2228
358 548 1060 1681 2148 2400
684 2217
118 572 719 1543
683 1100
356 422 557 979 1754
523 565 798 1229
1590 2015
297 526 988 1953
1626 2245 2396
355 1365 1549 1597 1865
116 1970
204 408 1320 1436 2076
970 2358
671 2237
794 1398 2118 2155 2296
478 2083
52 1286 2588
152 259 1651 1712
657 1351 1406
1696 1877
80 419 1801 2272
301 1476 1728
859 979 1869 2120
249 267 1825
961 2228
202 706 1980
109 1279 1673 2586
592 1055
817 1302 1380 2445
1378 2034 2425
766 1453
32 237 868 1893 2079
208 301 401 1379 1874 2028 2301 2572
19 1804 2243
114 863 1972
1709 2034
1253 1524 2433
147 1450 1474 2587
553 1777 2208
138 514 1997 1998
254 1094 1353
333 941 1029 2115
221 309 556 1257 1894
1111 2549
2180 2281
342 1048 1476
2453 2550
634 1186 2108
583 2337
559 720
230 1369 2547
111 185 2203 2357
258 512 582 1458 1601 2375
726 821 2132
444 908 1066 2129
931 991 1554
1251 1809
318 2277
546 1043 1345 1619 2565
921 1064 2469
267 817 914
751 1255
339 450
355 2481
634 733 2246
223 504 2192 2372
1860 1869
208 352 701
820 1805 1947
632 1405 1518
1253 2352
94 762 1075 1847 2237 2519
1107 2615
212 629
916 1299 1487 1807
1187 1626 1854 2162
1636 1734
153 469 856 1121 1472 2383 2536
346 1170
821 2210 2287 2546 2597
935 2231
668 688 1020 1597 1833
362 2117
978 1686
36 851
43 2304 2353
174 1399
2014 2147
33 1200
550 2260
2203 2580
863 887 1050
358 773 1012 1285
313 558 690 987 1817
191 272 1997 2076
1709 2020
1648 1756
195 212 635 1238
1533 1574 2100
166 2384
714 2180
1499 2582
107 696 1056
806 2373
462 659 873 1265
86 1859
879 1049 1128 2272
609 762 943
613 1067 1871 2068
234 885 2466
560 965 2367 2432
1263 1292 1530 2129
343 535 1467
167 433 1133 1597
70 113 1639 1724 2052 2530 2573
757 1183 1232 1806
828 998 1069 1445
1935 2255
11 199 780 1848
220 386 866
598 866 1969 2090
380 845 1102 2016
142 1577 1915
25 350 372 577
888 1698
1542 1648 2451
775 860 1449 1522 1572 1690 1721 2142
623 1814
42 1538
90 1253 2459
61 1734 2166 2565
480 2146
338 1460 1530 2082 2251 2518 2582 2609
1175 1290 2467
100 142
54 816
195 1708 2133 2289
1217 2336
1630 1764
1610 1965 2466
9 72 573 987 2444 2594
526 1079
347 965
593 1431
638 779 1035 1439
142 709 2376 2591
1761 2015
1244 1553 1794
406 1075 2168
364 1256
19 1177 1511 1862
238 1138
771 1606 2578
1620 2312
331 1852 2176
820 1817
1005 1664 2333
1225 2232
590 1892
255 1518 1932
67 615 822 1902
907 1268
817 1631
39 479 1411 1741 2276
234 1724 1781
437 2256
392 1391 2376
45 697 1893 2519
1810 2570
1486 1551
435 2214
181 716 1296 1397
549 608 1454 1588 2169
143 500 1526 2096
578 1724 1751 2405
464 2251
278 910 1380 1495 2218 2225
923 1852
241 877 2018
647 1739
396 441 491 810 2300
454 465 2405
319 413 860 1089 1476 2010
853 1287 1810
1201 1488
2136 2586
1041 1139 1652
515 2052
369 1364
410 1187 2042
701 1232 2023
162 1102 1210 1510 2545
507 2162
45 778
1253 1520 2429 2573
530 1180 1684
1208 2083
1582 1888 2432 2515
199 1042 1940 2430 2463
715 1279 1598 2462
174 1448 1588 1628 2276
269 746 1510 1917
1127 1244 1769
1722 1901
1089 1928
144 892 1232 1771
1076 1199 1978 2393 2402
1356 2105 2173
1154 1288
100 1221 1580 1877
182 537 1554
289 1110 1751 2451
1556 1665 2519
738 870 2015 2342
266 1814 2462
201 557 1363
80 626 745 946
604 1445 1648
994 1593 2040
1125 2211
413 2165 2326
1426 1506 2132
338 1844
227 1372 1446
784 978
793 1075
42 371 927 1110 1242
738 822
313 790 1094 1107 1701
264 1094 1153 1340 1592
1160 1430 1542
767 2082 2114
107 1758 1762
356 488 1559
808 1033 1424 1820
841 2370
1311 2200
347 468 1145
1444 2131
224 403 2264
237 340 592
1131 1851
539 1124
281 1071 1870 2434
986 1233
1653 2119
437 1196
644 803
946 1810
1342 2286
767 2578 2598
127 1777 2575
1045 1670
80 1311
352 872 1127 2342
190 798 1280 2447
1022 2443
930 1587 2228
1004 1587 2538
1696 1793 1813
168 244 435 654 787
47 838
305 342 712 1054
774 1781 2280 2570
69 379 1437 2583
825 1166
1188 1780 2273
304 502 1043
1516 1665 1698 1706 2223
1035 2158
2066 2341
287 1120 1416 2551
1995 2563 2585
247 260 526 960 1479 2442 2594
120 277 1257
413 1834
616 1016 2095
155 1414 2311
1379 2429
1928 2118 2558
195 735 859 879 1252
494 992 1116 1185
716 806
1273 2287 2429
713 738 755 2105
146 1491
698 996
81 355 1344 1913
791 2496 2590 2608
12 1991 2335 2462
66 116 1140 1163 1565 1752 1761 1928 2094
759 1060 1880
154 723
646 1302
379 1248 1292 1640 1661 1897
656 1114 2474
1102 1321 1839
1014 2121
458 536
1522 1616
18 1497 1764
427 1356 1490 2598
1022 1363
461 1578 1945
2 1142 2391
276 1416 1495 1730
122 1709
568 2358
215 720
802 1789
1806 1969
373 1787
69 2300
675 1373 2263
1295 1825 2228
269 2348 2501
195 361
992 1502 1893
96 232 588 2496
1100 1179
690 792 1103 1901
5 927 1417 2297
424 560 1512 2552
255 986
110 1042 1148
1482 1747 1761
1790 2040
281 375 799 1294 1653 2551
322 1075
290 708 2149
69 1155 1342 2420
154 592
2135 2178
102 192 1321 2152 2467 2474
50 1169
636 678 2388
1864 2406
261 1014 1482
1761 1784
371 1689 2026
1871 2393 2469
132 383 957 1547 1861 2222 2233
2493 2585
340 1337 2477
427 453
1134 2043 2188 2408
1586 2284
635 766 1275 1519
827 2190
874 1810
431 566 1475
1681 1717 2301
395 809 1098 2324
385 546 1191 1695 2604
1594 2614
109 1044 2069
1784 2213
37 204 810 1005
832 1442 2353
866 2402
280 597
1363 2450
780 1268 2106 2408
451 668
426 664
591 859 2021 2277 2464
763 825 985 1622
320 1059 2250
1207 1289
717 1757
79 1259 1325 1565 2141 2428
922 2281
124 437 636
1620 2399
94 633
1460 2050 2405
876 2232 2267
546 1130
984 1686 1988
686 1074
886 1471 1530
2021 2088
922 1041 1230 2539 2565 2583
2241 2588
116 515 1337 1400
146 1882 2159
433 849
940 2442
524 597
492 1594 2375 2381 2474
521 2326
75 272 1764
248 563 953
985 1815 2389 2600
35 1451 2593
608 1177 1221 1262 1507
56 1188
28 1671
260 1041 1751
549 1436 2085 2497
1101 1166
375 1262 2001 2398
583 934 1856
456 622 1605 1614 1943
771 1524 2144 2175
912 1720
473 1946
1254 1607 2321 2594
417 1016 1018 1065
1185 1407
855 1351
17 604 665 1853
2085 2186
1399 1587 2309
1416 1711 1792 2205
146 2613
337 512 902 1027 1414 1417
1650 2211
263 843
2038 2383
222 804
489 819 1171
351 366 1514
712 1665 2137
409 830 855 2016
93 1190 1477
79 794 863 1466 2156
1057 2479
1499 2107 2445
859 1014 1258 1283 1342 1380 2037 2287 2361
60 695 2158 2377
1696 1707
1953 2192
747 2163
277 382 579 940
1398 1410
14 142 1303 2322
736 952 1510 1672
1058 1920
1341 1747
563 800 1876
1325 1528 1622 1753
16 536 1225 2145 2399 2568
950 1289 1390 1468 1859
801 1494 2514
1 385 1907
1174 1763
1601 1905 2002
389 1195
8 435 1846 2602
1078 1239 1268 1299
1287 1992 2057
1295 1466 1766 1783
394 1293 1321
472 860 866 871 1060 1378
745 1661
1675 2013
1345 2090
2102 2447
1235 1816
216 1897 1935 2613
313 541 854 1182 1762 2180
146 403
609 1687
1129 2008
308 1551 2529
2461 2567 2581
449 1358 1673
710 804
403 1493
351 2252
340 1002 1901 1929
84 100 396 820 2193
1871 2350
1665 1777 1940 2277
841 1703
299 901 1241
1793 2024 2579
1171 1806 1981
16 228
167 507 1660 2456
479 2318
662 1684
993 1048 1492
42 520 862
1708 2096 2340 2349
29 139 400 906 912
793 1855
1258 1721 1895 2239 2601
162 1423 2167
1195 1298 1873
744 1554 2607
1769 2152
122 1027
996 1072
50 2425 2458
821 2510
514 728 855 2318
347 1002
647 671 1760
473 1366 1634
717 1265 1749 2021
659 1217 2549
306 1395 1623 2462
1210 1698
275 688 2544
54 1631 1968
1187 1405 2197 2389 2453
148 1237 1415 1546
207 667 2310
181 192 480 1028 1031 2320
197 464 588 1346 2547
446 1374
711 1059
1692 1927
1604 1855
1072 1666 2548
254 661
794 1683
153 1349 2424
99 1066
394 998
1079 1426
572 1724
114 724 815 1268 1896 1928
1187 2147
177 957 1464
9 2146
715 2469
254 1392 1535
286 1488
796 801
2077 2452
1165 1809
25 147 1276 2144
364 1503 2508
123 1452 2476
243 1804 2588
313 643 784
2286 2318
70 1712 2248
1159 1338
232 2603
211 2574
659 2221
1468 2074
455 1203
1649 2470
1507 1706 2153
710 1344 1435 1646 2187
343 436
1721 2003
712 913 1724
242 1253 1304
23 361
76 1097
900 1377 1840 2441
305 931 1139 1154 1785
1441 1458 2036
1185 1549 2002 2368 2476
681 2144 2440
604 1717
1589 2137
1198 2274
1382 2289 2604
498 1055
906 1632
210 725 2072
138 649
728 1578 2281
970 1394
254 793
1326 1466 1594 1611 2367
1688 1847
426 1823 2119
1016 1126
822 2403
374 2169
1956 2505
549 2324
785 1489
650 1939 2171
2078 2172 2595
104 148 1374 1660
890 2467
510 1037 2071 2104
290 594 810 979 1637 2506
1185 1234
276 777
295 319 1579
213 380
1055 2014
842 2587
429 1330 1878
314 1347 2226
248 1012
200 332 354 615 2505 2580 2613
112 1319 1815 1859 2369 2383
961 1414
760 2420
54 762 1148
750 931 1873 2612
819 1658
311 524 811 1708
551 2431
188 2147
102 1148
200 760
397 1163 1651
421 1941 2178 2424
1085 1534 2278
1728 2269
1039 2314
56 77 543 1064 1908 1951 1964
72 951 1713 1904 2254
1880 2461 2584
811 2441
1084 1895
143 909 975 1762 1856
739 894 2254
276 701 935 1598 1917 1959
261 1187 1273
431 743 1176 1723 1766
835 1459
385 972 1373
1366 2153 2171 2284 2415 2458
130 457 1165 1175
139 355 906 1953 2003
9 1523
900 2043
45 936 2173
1505 1572
712 1237
2236 2498
2435 2551
68 1271
1039 2066
536 551 1641
151 953 1890
1731 2447
302 995
541 1486 2103
349 1393
617 1419
542 739
66 1609
876 1812 2583
375 1030 1113 1741 1865 2157
53 1578 1774
1233 2420
311 1014
341 1793
679 863 2405
764 876
300 1295 1764 2528
1993 2173 2378
324 683 1212 1258 2311 2469
68 1665
1493 1699 2063 2289
1430 1543
472 523 1489
302 1318 1845
1271 1368 1492 2168
680 1942
189 203
309 1424
840 2185
395 498 1340 1474 2495
760 1735 2084
300 327 852 1781 1809 1891
543 831 1468 1683 1893
933 1673
1436 1885
60 599 1569 1897
199 667 1515 1639
1797 2454 2550
243 2090
740 1323 1427
91 274 845 1796
505 1774
375 1716 1805 1838 2516
679 890 1417 2474
896 1023 1820 1968
1156 1507 1807
640 1082
409 1199
753 823
1839 2143
356 467
1274 1766 2547
1198 2561
28 46 338 2278
79 382 968
757 1192
1252 1545
622 750 912 1582 1683
1047 1216
943 1843
536 1243
576 1897 1960
339 666 955
1312 1392 1700 1802 2045
597 728 2462 2541
535 1437 2384
352 422
1764 2448
409 1271 1638 2169
1300 1678 2497 2514
254 1873
532 1310 2369
220 843 2066
1379 2079
1261 1481
788 1692
514 2281 2486
39 152 1642 1711
782 1540 1917 2515
1109 1252
9 1254 1752 2492
358 1104 1617 2507
1727 1889
2474 2573
2030 2476
385 1392 2474
238 697 1037 1942
276 2164 2469
571 874 2117
587 2494
390 588 767 1873
726 787 2574
36 89 970
675 997
1219 1331 2458
318 1070 2038 2177
929 2379
268 361 419 1183 1264 1388 1747
1101 2270
91 320 725
192 1251 2160
668 1267 1562
177 620 1335 1368 1472 2378
978 1730
202 1424
114 975
180 771 1515
717 1144 2403
54 1357 1784 2168
188 1633
947 2176
571 1633
149 1450
249 397 1152 2292
178 1289 1895
302 1738
2003 2550
1355 2459
95 1363 1943 2276 2472
25 284 1755 2353
499 1694 1712 1730
692 1674
1392 1933 2131
383 429 507 1263
1419 2052
719 734 837 1326 1572 1700
134 645 911
283 1062 2492
21 196 853 1220
1084 1389 2441
395 1115
1746 2181
97 390 1758 2356
1467 1557 1780
2382 2405
1120 1406
93 1241 1558
175 2172
707 1209 2071 2293
662 829 2115
375 424 879 1760
1168 2327 2472
754 877
51 357 720 2607
128 1651
1782 1903 2083
1611 2156
47 121 724
2127 2351 2590
185 1062 2377
355 721 860
723 1714 2158
73 724 950
602 1553 1766 2081
924 1334 1701 2400
105 490
552 1181 1837
1009 2204 2348 2512
1169 1549 1613
49 963 1475 2501
2311 2581
104 480
519 893 1380
1001 1127
821 1584 1857 2372
590 2446
738 896
36 388
822 1103 2467
1708 2541
9 1792
60 981 1486 2092 2188 2490
610 2243
1211 2535
1543 2604
933 1116 2074
71 1205 1890
530 942 1564
659 2123 2174
2133 2462
259 769 1602
752 1040
722 1748
1344 1353 1447
553 575 1175
362 1393 1535
196 2168 2484
202 365 2037
134 934 1039 1918
1401 2590
1506 1515 2091 2231
591 1188 2174
118 152 947 1268 1450
1179 1562 1962 2138 2375 2393
181 2213 2220
8 1196 1938
267 959 1094 1409
1089 1683
244 351 929
180 854 2430
1945 2514
2030 2450
987 2131 2212
294 974
116 971 1261 1873 2314 2411 2494
1919 2523
1918 2209
502 1127
1220 1622
1646 2009 2030 2112
980 2453
1562 1767 2497
138 635 2091 2261
603 931 2352
60 440 1567 1972 2579
235 2551
640 2053 2107 2550
442 1087 1497 1848
1175 1192 1406 1540 2234
1622 2109
830 1014 1233 1844 2037
1622 2165
411 2383
1044 1869 2350 2444 2463
834 2242 2369
367 2451
478 1230 1498 1905 2233 2333
1127 1256 1809
2035 2155
20 804 1947 2049
133 393 1463 1972
1463 2500
995 1930
1352 1640 2103
486 1555 1769
872 1942 2249
980 1254 2575
828 1314 1325
13 659 1824
164 1370 1578
11 204 848 2553
869 1564 2396
223 416 558 971 1343 1658 2312
25 1625
891 1200
1095 1362 2102
647 1552 2284
192 1222
23 64 1201 1726
455 2391
688 1846 2123 2129
295 896 2582
476 768
1898 2329
279 282
670 931 1193
2004 2542
635 1185 1438
114 601 1924
491 2264
387 1760 1961
76 1130 1427 1581 2214
441 1041
615 1739
1344 1607
108 319 1450 2512
246 517 1617 2433
745 1124 1300 1604 1645 1944 2588
722 937 1224
7 21 461 1540
222 401 2181 2344
1272 1758 1885
351 828
285 884 1980
22 218 1153 1508
52 601 890 1367 1424
403 1919
97 1585 2013 2384
719 873 1338
926 1306 1817
1204 1972
989 1916
419 732 2372 2516
997 1397 1613
412 1078 1409
289 1430
726 1997 2245
1797 2030 2236
1057 1413 1840
103 255 269 495
330 1658
933 1059
485 1591 2584
1249 1646 2180
1097 1474 1743 2060 2190
854 941 2276 2351
270 528 1806
2133 2598
47 824 1424
507 594 2545
876 2410
218 1727
525 1435 1589
1300 1423 1650 1799
275 767 2563
1605 2041
749 2155
584 937 1115 1396 1485 2289
772 947 1588 2241
1618 1657 2123 2137
1859 2437
522 2148 2256
316 2429
43 748
813 1322 1914
553 596 1531 2467
514 682
1218 1290
934 1258 2358
461 2553
5 198 468 1120 1868
558 1640
281 600 1421 1432
1544 1802 2499
593 978 1434 1934 2079
260 413 1161 1738
872 1416 2285
130 475 2435
792 1744
1423 2135
1131 1859
1082 1541
29 150 1030 2307 2509
228 676 998 1188
2139 2372
434 1493
638 756 1923
576 1014
129 640 668 1581
348 609 2463
605 1477
987 996 1385 1494
224 636 1022
1722 2246 2458
90 361 767 896 2193
1035 1967
683 821 1393
2081 2283 2297 2614
381 422 1320
990 1210
1633 2079
642 2276
870 1731
413 1059 1093 1915 2134 2374
838 1254 2009
218 1533 2236 2444
73 1397 2321 2594
2039 2273 2534
1309 1693 2154
1136 1536 2574
17 579 950 1055
186 244 1931
36 643 1344
1420 1470
395 562 1341
854 2311
2222 2543
149 1261 2407
1470 2302
47 613 1921 1943
856 1039 2612
1295 1449 2095
527 1030 2341
1789 2348
102 966 1569
335 1227 2578
1788 1904 2602
63 2532 2575
858 1264 1285 2198
25 828 1672
1052 1526 2324
184 472 796 972 1513
196 943 971
197 981 2102
595 1015
440 1703
938 1176 1960
755 784 1510
787 1648 1781
174 652 816 1584 2588
589 1177 2049 2246
1398 2191 2575
880 900 974 1295 2496
66 313 2194
19 961 1314 1838 2511
60 399 987 2172 2375
1400 2546
68 419
461 609
484 2464 2522
212 809 1896 2536
49 177
155 905 2044 2612
809 2545
562 1042
710 2344
279 1519 2175
228 942 2072
1542 1978 2369
1336 1643
325 543 617 1829
469 950 967
480 562 1479 2183
111 1090 1394 2583
72 980 2136
127 295
1269 1456 2073
296 754 1740 1941 2125
798 1882 2036
649 1701
1373 2062 2258 2547
53 1726
915 2073
2295 2607
594 1552
216 2410 2491
718 1010
234 444 2264
559 1587 2520 2546
294 779
2245 2393
19 98 101 1188 2584
1094 1107 2201
700 850 1233 2510
65 1852
158 1973
601 698 1633
1587 2529
1087 1893 1976
1471 1669 1763 2497
396 767 1643
159 617
853 1645 1889 2601
492 2273
747 1079
645 2148 2153
120 139
133 410 1538
1255 1531
446 2066
514 1378
1027 1198
1948 2362
735 772 1090
185 1617 2140
1825 2506
468 2468
263 2390
672 989 1539
196 258
215 507 1945
216 1538
308 1718
34 454 613
311 1642 2147
1010 1787
954 1797
117 120 361 422 1318 1337 1477
407 961 1930
655 779 1860 2027 2153
478 1137 1800 1861 2258
33 1091
180 217 307 583 1455 1704
1114 1133 2144
394 1728
1645 2426
308 2407
505 2185
593 1476 1952
402 868
1798 1857 2503
1630 1943 2279
1308 2067 2270
54 561 752 1097
85 489 573 629 798 1024 2568
1262 1778
1656 2129
1224 1297
153 1932
1004 2100
760 2175
947 1936
599 1423
614 1558
1730 2395
1204 1779 2460
110 230
230 995 1377 2396 2602
1101 2477
785 1193 1744
206 309 932
298 451 1857 2151
1838 2411 2586
239 763
1142 1393 2057
1030 1185 2384 2489
148 395 1181 1263 2500
117 798
1062 1222 2044
136 1044 2107
299 388 1869 2166
244 1038 2353
928 2087
785 2610
769 1041
1156 1406
1273 1577
302 1853 2527
944 1934 2106
231 1086 1327 1388 2480
803 1218 1462
1028 1807 2590
668 2076 2326
365 606
193 577 840
473 561 1107
93 170 2289
1423 1829 2047
262 554 1235 1557
546 1815 1910 2281
820 1002 2280 2382
400 1266 2309
1235 1469 2330 2460
613 972 2143 2438 2500
667 1349 2429
1357 1818
722 1228 1363 2514 2585
1709 1928 1956 2025 2384
98 1938 2494
108 292
550 998 2413
1332 2532
2058 2161
212 1329 2251 2419
577 915
1012 1974
571 908 2096 2548
405 1347
773 1143 1351 2200
979 2152
293 802
1204 1443
678 884 1032 1243 1278
27 1137 1888
1194 1701
448 608 672
124 2251
136 357 517 930
3 281 1522 1538 2015
1934 2259
627 1614 1633 2178
328 876 1302
33 268 464 1378 2375
559 834 2500
1274 1283 1458
1956 2245 2509
263 967 1296
74 327 461 1008 1086 1993
159 332 505 696 2040 2188
187 199 1651
970 1773 2161 2538
1723 1941
1191 1854
360 551
69 443 2409 2506
825 907 1380
557 1169 1584
113 947 1473
2244 2421
539 730
1065 1814
33 167 313 1644 1725
628 2058
1162 1469 2537
97 628
560 781 1133 2058 2498 2521
161 1700
493 868
671 1331 1993
762 1339
543 1285
576 2145
343 956 1832 2199 2336
151 1968
446 869
990 1335 1429
1101 1358
2450 2594
58 165 2584
1185 1846
320 2537
226 2172
345 382
347 619 731 1012
745 1685 2246
61 856 1067 1207 1251 2383
1148 1837
229 730 1024 1517
604 1579
3 283 1437 1981 2206
473 2404 2608
12 1267 2195
211 2090 2255 2578
105 2328
107 2018
536 2228
337 812 1120 1365 2178 2272 2503
142 180 1336
9 2343
1000 2409
1010 2330
195 962 2215 2356 2458
712 2540
192 1450
318 1042 1437 1500
1010 1042 1043 1627 2411
1588 1840 2338
2036 2275 2563
19 438
975 1278
1534 2457
743 941 1944 2393
610 1878
777 2128
973 2110
129 1048 1538
202 1333 1694
385 1115 1781
647 1146 1257
57 516 596 2362
34 57 1221
1092 2490
777 1563 1571 1954
190 816 1640
1469 1606
5 1613
4 718 1471 1536
855 1443 2294
211 416 595 1662 2285
977 2280
961 1205
800 1626
302 2481
74 610 1196 1277 1496 1583
953 1399
1680 2259
1437 2463
344 1224 1409
21 437 825 1530 2399
481 1289 1623 2604
728 2349
1633 2182
67 177
95 943 1291 1885 2569
1113 1370 2301
1491 1721
1443 1561
40 49 1424 1522
286 2096 2250
991 1257 2074
493 923 1037 2369
49 146 1656
865 1067 1325 1398 1875
238 2563
767 1311
513 878 918 1845
136 434 486 969 985
397 720 1117 1443
1055 1375 2188
244 315 1087 2342
943 2451
59 966 1253 1321 1362 2553
678 722 966 1523 1541
1583 1686
1199 1407 2212 2365
454 1464 2529
309 587 2166
737 971 1169
204 258 1217 2049
675 735
207 2152
802 984 2361
65 210 929
36 894 1227 1432
2126 2564 2612
152 710 1307 2061 2096 2307
354 422 2395
764 944 1990 2159 2260 2536
20 1129 2528
1177 2572
73 874 1794 2131
808 2417
774 1471 1860 2214 2486
436 454
1037 1921
89 1302
504 1825
1193 1688
114 927
358 2130
667 2132
1433 1704 1978
235 1516 1774 2327
566 1509
484 1251 1453 1569 2184
258 941 1974
657 928
1321 2611
1834 1868 2281 2546
183 371 2026
21 2514
994 1778
773 1583 1755 1887 2081
456 1265 2066
678 1280 1953 2288
557 1920 1959
529 1092 1688
654 930 1907 2157
1522 2046 2247
1411 1582 2200 2445 2551
1033 2087
421 798 1125 1309
1507 1850
138 398 2190
626 1183 2000
953 2336
484 768 1235
1023 2384
483 1026 2493
203 663
90 252 568 884
24 195 824
110 701 2328
389 1124
254 390 408 2032 2406
59 1354 2440
461 763 1603 2232
372 1246
464 599 1853 2298
127 936 1138
68 2021 2295
956 1614
438 1186 1757 2022
790 1053 1592 2582
1314 2461
823 1369
1445 1690 2196
1965 2315 2419 2491
1357 1627
367 392
1897 2566
1181 1632 2035
346 1098 1651
1543 2461
1004 1438 2175 2579
37 191 1271 1309 2486
406 2455
838 1108 1329 1888 1893 2223
573 2221
617 2034 2576
11 1569
318 1269
78 723 1700
530 777 1473 2017 2309 2378
1184 1242
685 2389 2589
334 604 638 2389
658 848 1432
1972 2612
1559 1772 2491
321 414 1339 2541
581 1738
134 733 1422
692 2256
900 1218 1298 1336 1477 1749
106 1012 1825 2045
698 1792
2522 2606
1672 1690 2080 2158
139 1787 2004
1917 2003 2155 2463
1090 1527
149 242 1835
2529 2545
879 1526
271 372 408 558 819 1975
903 940 1098 1739 1978 2295
1253 1650 1817 1841 1915 1933 2032 2434 2485
1091 1411 1902 2056 2536
650 1631 2542
400 510 658 1056
1280 1469 2491
193 932 1071 1623 2343 2417
79 745
369 2233
840 1626 1785
134 904 1073
445 877 1915
932 933 1621
1635 2245 2380
192 332 629 2318
1023 1819
603 1311 1635
462 879 1415 2518
24 2178 2333
1341 1597 2027
245 601 792 2460
884 2239
332 783 1845
229 1435
490 1560
722 2005
454 1566
1312 1706
492 1948
383 493 2287
1121 1696 1769
683 1442 1904 2128 2260
1301 2215
216 1812 2214
510 851
238 968
1091 1773 2166
1526 1905 2146
162 893 1397 1470
875 944 1329
43 347 1931 2231
320 678 876 1255
661 1269 1293 1953
144 746
613 1807
763 2591
610 1259 1585 1993
121 1852
346 484 947
43 747 1713
129 288 526 714
2080 2176
76 430 1176 2476
1118 1383 2475
1552 1765
340 2038 2343
102 2496
1214 1747 2300
527 1443
214 2020
205 719 2104
422 584 1035 2605
268 480 1060
184 648 781
268 1852
1116 1332 1418
294 428 1347 2516
844 1005 1550 2008
140 426
845 1239
787 2344
695 751
265 409 833 1264
1372 1601
1011 1925 1943
286 2462
406 620
321 1479
1296 1436 1759 2089 2598
976 1014 2264
285 1975
36 1206 1973 2538
813 1290
1139 1542 1682 2306
11 1577
468 817 1164 2149 2240 2562
479 790 1345 1517 1719 2005
13 545 729 1176
721 2475
566 1868
1646 2455
147 668
307 495 1122 1919
456 1744 1783 2548
890 1975
518 1259
1540 1665 2104
1626 1773
932 958 2018
1248 1700 2615
631 1582 1762 2252 2545
1380 2435
1763 2297 2368
265 572 1244
877 1474
343 738 1110
1672 2219
614 795 1697 2018
208 668 1195 2594
100 427 641 783
86 1414 2019
1318 1680 2057
501 1222 1660 2106 2447
1311 2612
1196 1551 1708 1744
1798 1947
227 550 1386
91 279 1755
242 928
93 820 1866 2536 2546
372 989 1248
164 2557
403 710
846 1798 2231 2596
279 478 838 1533
77 339 1599 2534
875 1460 2563
1798 1945
473 2303
510 866 1131 1875 1908
1884 2214
824 1617 1784 2378
523 2302
1206 1932
1565 2294
916 1801 1912
944 988 1466 2178 2262 2584
2333 2455 2608
353 2501
481 2259
218 591
68 383 565 1078 1257 1416 2009
222 1688 1801
408 1072 1688
609 1172
1148 2570
208 364 2583
198 555
1217 1241
546 643 1510
453 1414 2412
2135 2160
1293 2338 2535
908 954
256 1393 2549
545 970 1268
1546 2403
19 308 848
228 537
775 853 1162
431 615 1227 1780
387 766
515 1832
320 1063 1495
261 2038
1278 1949 2287
1564 1873
962 2049
87 1177
36 589 1140
218 961
729 1397 1964 2488
823 1440
794 1252 2150 2574
623 1383
96 1630 1928
290 412 535 1581
645 949
1554 1970
301 987 1036 2001 2232 2290 2292
753 1199 1605 2158 2273 2306 2570
134 1667
29 50 1731
741 2466
804 2360 2383
247 788
1309 1345 1648
120 321
1018 1855
1766 2061 2577
265 1074 1273 1345 1716 2194 2563
1724 1837
522 632 775 1642
196 508 980 1075 1345
332 352 699 2378 2481
887 928
180 2364
839 2000
1904 2493
586 2096
1207 1326 2608
154 2099
258 706 1003 1877
912 1265
1044 1086
156 404 430 2023
177 662 1271 1388 2469
956 1285 1725 2204
122 1099 1921
72 369 1154 2230
343 713 888
98 1244
772 2052
342 2425
504 1419
608 1895
240 441 708 1269
466 803 2124
282 394 1243 1249 1301 1903
1546 1891
957 1347
1443 1508 2333
489 821
397 2052
805 1436 1596
1396 2088
1208 1561 1810 1834 1947 2410 2583
833 1292 1903 2332 2592
409 1204 2311
476 775 897 1274 1649 2264 2384 2550
526 1490 1600
760 1125 1913
359 847 881 1528 1880
1486 1822 2284 2503
589 1372 1421
889 992 1698
244 405 1467 1964 2194
111 289
478 1648 2289
721 863 2407
1730 2010
64 482 961 1358
682 2252
775 2032
151 273 2505
21 1515
72 485
1460 2109
317 1088 2227
503 2278
1206 1260 1374 2427
130 997 1137 1483 2452
260 1060 1490 1523 1611 1938 1950
520 812 1909 2029 2560
675 1589 1787
176 378 1810 1880
1273 2234
437 553 1106
400 2200
1339 1820
2115 2248
428 578
615 1209 1514 1605 2323
206 502 1984
1481 2275
311 343 1345 1968
1034 1602
162 2467 2547
390 1193 1407 2170 2341
498 1262 1947
394 1177 1820
1329 2300
364 787 1186
612 841 2169
1012 2599
136 663 959 1784 2458
2259 2590
630 749 986 1599
430 1398 2393
610 1623 2375
478 2454
113 580 897
1635 1862 2077
429 1010 2436
704 1016
464 1419
872 1543
927 2338 2597
1498 1802
996 2131
215 222 899
1176 1284 1570 1822 2493 2520
659 804 1740 2296
1288 1329
51 2188 2267
20 726 2387
25 1704 1773 2279 2458
73 684 1062
704 1350 2182 2277
430 771 1473 1745 2164
733 2564
674 1137 1389 1606 1684 1739 2578
72 969 1065 2260
2125 2384
22 2388
1917 1946 2415 2436
214 598 945
170 179 976 1183 1722
416 1659
400 1501 2345
940 2314
191 996 2165 2232
238 354 541 575 679 722 1356
1238 1269
849 1319
1724 2031
833 1800 2244
153 397 890 1274 2515
1337 1353 1965
709 1244 1591
92 1465
154 1044 2227 2246
83 1048 2175
471 1853
458 1160 2370
2219 2615
7 133 559 2232 2535
84 647
111 960 981
371 423
1087 2266 2455
899 1297
1350 1505 2323
312 2605
489 1069
247 1553 1712 1993 2113
46 194 365 1135
778 949 1913
215 254
1274 1984
43 515 754 1964 2376
17 1601
1018 1115 1560
2583 2588
464 1184 1523 2032
417 1645 2609
1362 1495 1725 2436
1010 1766 1826
587 954 2031
288 1592 2391
1113 2585
512 1269 2424
588 1803
504 2216
390 628 1112
598 758 2005
566 1293 2065
530 854 1499 1748 2129 2161 2297
347 1959
1494 1793
1737 1914
1293 1837
176 2263
99 2002
635 2589
78 1395
134 1132 2346 2358
196 934 1127 1982
1328 1535
435 778 917
384 1299
672 1059
391 597
678 2035 2222 2416
527 1460
1481 2295
868 964 1115
944 1001
78 331 645
1303 2557
420 762 1802 2498
104 587
541 1049
821 1698
90 1181
1016 1110 2448
908 983 1481 2324
891 2080
886 1168 1736 2470
249 1618
417 756 1162 2183
817 872 910 2160
1675 2284
481 2529
2009 2325
908 1361 1948 2137
557 1180 1953
4 188 722
1156 1505 2073 2319
1243 1295 1657 1795
1287 1467 2368
1016 1267 2369
788 1106 1610 1991
277 828 1465 2194
212 1889
225 958
2 116 1468 1595 2614
54 535 1855
692 1592 2008
135 2055
441 1144 1933 2074
97 227 609 796 1239
1218 1710 1809
31 995 2473
268 690 2368
989 1125 1674 1980 2248
1226 1753 1983
118 302
363 2529
372 1394
420 717 2476
463 1389 1736 2146 2428
16 1551 1658 2426
1406 1941
688 1470 2302 2325
358 838 2270
139 831 1731 1784 2037
42 822
222 1723 2589
278 977 1660 2434
1208 1914
377 1352 1593
1786 2511
190 2070
320 2584
206 873 1348
169 1984
7 87
873 1118 2382
98 295 740 2472
232 1374 2415
2265 2568
54 932
176 1056 2196 2302
98 1086 1310
101 184
592 887 965 2030
111 2072
784 1553 2229
673 1126 1137
452 2204 2450
744 1129
761 1287 1748 2502
595 724 1817
571 702 1407
377 1919 2231
514 1494 1808
393 2576 2578
220 706
481 1062 1402
181 713 999
303 1506 1636 2077
695 1631
275 2237
863 2345
79 396 504 1150 2021 2045 2278
247 1127
282 760 850 1144 1675
328 1007
785 2023
436 1223
164 1059 2351
663 1641
189 237 1187 1886 2014
87 295
76 77 552 577
1509 2382
398 406 940 2107 2144 2298
202 835 1562 1746 2498
844 1100
1246 1987
88 114 967 1296
526 568 651 1793 2371
1417 2397
489 748 1241
93 1897
1021 1428 1708
1099 1205 2467
673 803
131 580 1486 2065
16 427
40 87 273 377 1174
443 1918 2296
995 1802
1363 1654 2440
73 331 2262
1562 2377 2510
583 1260
1744 2398
671 687 1991 2011
945 1302 1760 2234 2316
1057 2115 2401
286 477 1044
1273 2487
70 1448 1806
1574 2212
773 778 1171 1698
1497 1942 2599
1102 1289 1463
126 1269
2151 2523
1337 2613
309 1108 1507 2391
476 1119 1120
1350 1792
148 2570
76 1894
650 2326
611 2387
641 1670
626 2137 2292
1207 2402
1008 2243
130 1330 1379 1544 1774 1978
186 1537
130 701 1554 1690
353 1592
237 1017
166 2479
43 2360
75 459 929 1097 2176
299 2614
588 1764 1918 2248
1551 1871 2132
1 128 1015
874 1323 2130
25 1311
627 1873
658 1103 2151
58 906 1108 1439 2473
1200 1267 1807 2476
451 2481
106 439
680 849 1028 1827 2077
1447 1473
323 701 1617 1686 2221
379 1452 2506
562 673 2007 2541
296 940
1003 1579 2573
203 2148
515 720 2104
623 1041
763 2131 2582
66 2438
1680 2098
885 1789
1614 1847 2278 2399
26 273 1640
352 1131 2410
139 2060 2419
239 1347 1498 2240
335 2158
404 823 1039 1125
1435 2240
1630 1891
1854 1858 1952 2336
879 1426 1717
545 750 1897 2396
153 2032
145 980 2018
2181 2295
279 2098
162 1699
1403 1941
841 980 1092 2006
1266 1627
1300 2450
401 527 2157
633 1291 1710
1208 1972 2018 2301
52 1139 1358
316 2144
618 2260
417 1641
245 1123 1765 1860 2258 2368
392 1047 1840 1958
734 1680 2544
1658 2307
1610 1621
670 1456
1168 1764
410 943
21 1332
493 1683 2450
1071 2242
384 554 1360 1534 1594 2553
417 628
65 1385
466 647 1541 1927 1997 2256
412 1754 1967 2399
303 1090 1155
106 575 1381
132 305 1270 1898 2413 2547
26 786 1117 1662 2493
1238 1763
651 1272 1570 2212 2391 2395
731 1499 2007
104 2331
5 954 2074
1299 1803 1850 2045 2317
8 127 793 2255
524 764 1156
1759 2550
319 577
696 857 1894 2317
2254 2276 2348
415 1725 1746 1836
524 615 2042
756 1819
472 1303 1529 2074
1552 2575
26 387 675 856 1332 2174
884 2288
221 630 2039
839 2090
149 374 627
684 1799 2471
193 1542
504 831
126 1043
507 2299 2603
1863 2049
141 974
900 1432 1918
108 1317 2582 2604
527 698
567 2013
80 1014 1051 1702 2048
816 1023 2065 2236
503 1102 2342 2487
641 808 820 1129 1749 2017 2085
722 937 978 2328
668 1279
102 344 433 1914
669 1313 1942
1285 1611 1893
503 610 965 2608
137 1244 1398 2588
1226 2340
1208 1803 1919 2454
326 1272 2592
1519 1759 2315
855 1280
1855 2424
600 2038
1030 1371 1929
1302 1388 2405
71 1521 1848 2434 2484
30 624 951 1531 1677 1853 2157
304 1057 1560
167 2152 2557
1096 1829 2172 2303
1201 1269 1595
98 301
187 1042 1205
186 661
844 2391 2542
833 1101 1801
150 491 1439 1930
470 1081 2442
149 222 383 1292 1472 2161
166 2165 2364
1156 2176 2297
1568 1905 2134
916 961 1002 1961
375 1578 2420
316 2275
382 823 1262 1482 2237 2524
313 2542
372 1696
408 711 2344
591 630
964 971 1340 1652 2342
5 1090
812 954 2227
680 796 2143 2351 2499
668 1299 1903 2529 2576
99 613 1821 1840
1971 2449
225 2210
311 1882 2592
1339 2132
200 614
403 781 1230 2304 2376
202 1109 1418 1629 2564 2593
272 2592
364 1120 2541
663 1769
184 418 822 1473
1129 1760
651 2112
1439 2425
364 1419
647 2615
468 701 845 1218 1492
53 507 1415 1823 2190
2204 2277 2471
93 505 716 2446
646 1717 2221
648 1221
1167 2313
930 1882
1478 1829
532 594 2036
1104 1703 2108
1103 1151 1698
101 223 696 1194 1525 2538
762 2186
768 954 1796
135 251 969 2394
856 1516
234 996 2445
829 1248
228 572 917 934 1154 2005
127 437
315 1831
1237 1715
146 933
459 912 1829 2187 2318
416 863 1393 1446 1962
73 474
378 761 1056
204 541
83 2499
655 739 1994 2466
284 1768
1662 1811 2212 2216
1268 1787 1791 1905 2386
132 672 854 1033 1827
979 1610 1711
210 1729
887 1481
143 2027
62 1126 1244 1746
1045 1083
211 1100 1301 1513 1887
8 2613
433 1152 1874 2537
1089 1236 1630 2305
522 527
1199 2166 2450
2149 2305 2524
349 574 1220
948 1076 2043 2046 2367 2509
1269 1498
1040 1394 1924
987 2027 2073 2419
266 283 381 850 1080 1583
2210 2269
51 601 2527
361 1245 2279
1023 1706
351 530 1686
327 1336 1365 2550
1183 1803
197 2260
29 2363
355 984 1941
2010 2383
734 1084 2486
427 2314
320 2257 2302
234 1289 1339
305 2180
475 859
406 746 1637
53 249 745 809 953 2044
1427 1711 2372
554 2251
118 147 187 713 790
246 1936 1996
491 1177 1299 1872
53 527 549
506 1447 2230 2391
887 1536
299 374 2500
101 231 1268 1631 2257 2418
1661 2548
953 956 1756
1387 1407 1562 1646 2378
2010 2169
80 106 1531 2406
182 199 883 962
40 41 1266 1534 1983
1628 2504
1231 1435
280 484 728 984 1795 2191 2583 2615
1587 2192
2343 2534
5 1975 2125 2511
159 258 1810 2368 2479
246 1208 1804
774 977 2102 2103
640 741 993
830 1815
63 210 697 1552
1596 1738
93 735 870 1950
361 2417
257 2174
804 1287 1564 2031 2548
672 899 1250 2111
17 1766 2024
1589 1711 1719
294 1059 1066 1805
1485 1588 1683 2428
648 970 1373 1561
2340 2589
265 1077
278 886 1299 1662 1741
182 526 1962
1550 1888 2403
1332 2065
199 469 993 1868 2448
764 964 1927
1763 1994
352 1859 2570
310 815 1324 1655 2010
5 131 2519
286 440 1866 2315
1404 2173
172 1147 1806 2455
458 1624
1615 1795
723 991
1312 2259
1978 2039
564 1075 1318
318 766
395 500 1425 1450 2217
766 1251
536 2549
159 604 779 1020 2071 2096
895 1059
270 393 1142 1642
457 1001
137 1025 1184 1514
648 832 981
252 729 2146
412 2468
860 1666
604 710 2237 2238
654 1697
406 1206 2428
364 2185 2237
471 527 2229
202 1222 1305 2007
23 271
1367 1398 1705
9 936
66 932 1113 1564
19 220 1097
1157 1822
927 1212 2454
202 467 645 972 1824
466 1218 1272 1586 1988
236 527 1458
1396 1520 1668 1993 2056
145 2009 2512
524 747 1664 1800
82 2025
336 1329
597 960 1506 2146
119 948
248 1355
216 329 589 1582 2379 2467
1184 1361 1841 2007
994 1119
313 392
123 404
368 1300 1523 2274
28 1188
472 1382 2039 2259
716 968 1084 1469 1760 2276
1558 1800 2435
73 568 2196
881 1455 1533 1540 1933
519 2162 2396 2557
593 1734 2016
237 1100
730 1404 2229 2304
2027 2156
803 2488
137 1142
370 543 1097 1595
522 636 684 1819
1181 1557
214 421 2066
75 827 1647
1271 2174
374 2476
369 629 1044 1151 1303
1801 2137
101 312 728 1312 1597
440 1334 1379 2505
1673 2130 2506 2515
521 1359 1393 2411
369 1056 1538 2024
579 1287 2028
1921 2107
240 1880 2280
229 1187
239 2346
743 756 2571
706 774
208 1428
1689 2358
916 2210
307 1068
57 1981
67 2349 2579
1755 2209
9 927 1005
204 975
790 1013
59 930 2404 2509
75 1232
940 1854 2152 2167
909 1792 1878
272 1482 2026 2483
793 825 1864
325 1747
724 1471 1801
318 898 972 2264 2533
576 2314
453 1171 1570 1762
52 895 1611
149 608
1347 2119
486 487 1881 2363
281 533 1369
1143 1638
482 2098 2511
286 476 632 1159 1632 1867
304 467 1525
250 615 1260 2446
82 113 773 1029
572 877 1403
1273 1641
1256 1441 1985 2312
1040 1427
383 633
2064 2308
252 1352 1724
402 1373
900 1412
1483 2116 2194
878 1115 1283
475 1069
418 2169
223 452
142 308 1055
17 395 1638
758 2287
1524 2198 2490
679 1159 1161 1442
1586 2603
1390 1801 1854
517 941
474 747 1663
241 1779 2596
289 1275
1305 1948 2130
627 2505
1977 2122 2506
577 1295 2531
308 571 1959
591 667
470 574 675
309 697 1772 1891 2399
430 1092 1379
340 567 1217 1295
1600 2586
136 645
919 1756
519 1845
895 1193 1793 1898 2058
39 362 1100 1191
371 2576
476 1356 2034
1045 2230 2474
564 682 1341 1511
541 1046
730 2294
642 771 2389 2592
489 1279 1851 2233
235 2104
1033 2219
260 284
157 621 747 1712 2157 2281
1930 2558
1549 1814
158 191 1334
452 1530 2091
977 2160
72 2289 2322
149 1551
875 1631 1741
57 713 983
332 744
72 514 1103 1708
959 2262 2488
757 1612 2590
776 975 1111
438 686 1571 2099 2168
968 1101 1130 1353 1495 1540
349 395 1281
408 713 750 755
1758 1787 2153
2025 2334
965 2015
190 223 1134 2026
981 1144 1836
470 1559
1842 2505
814 995 2375
245 535
717 1098
1511 2214 2228
1002 1424 1666 2335 2425
775 2134
194 596 1672 1866
760 766 1681 2115
682 1969
2303 2322
302 657 913 1270
424 1565 1860 2015
236 309
826 994 1726 2548
409 473 704
557 1264 2502
957 2236
1024 2159
705 796 944 2438
936 1078
454 639 1420
2075 2306
743 1582
1632 2491
561 714 1019 2477
974 1564
263 1817 2387
553 712
125 311 1332 1699 2004 2184
1394 1782 2311
422 926 966 1228 2357
207 1931
1242 2556
1199 1623 1709
383 1532 1604
481 1162 2487
802 926 1058 2344
207 845 1427
504 561 1865
1738 2323 2464
142 177 1836 2118
191 800 1058 2030
2290 2374
1304 2125
1798 2202
2349 2513
1763 2262
704 1638
865 1620 2044 2232 2529
379 1088 1281 2330 2387
377 400
69 585 1251 1746 2499
288 806
125 946 1896 2396
109 654 1955
125 311 1978 1993 2017
1518 2364
596 1513
126 1201 2034 2190
228 249
1037 1472 2107 2496
124 1223
731 1351 2553
1314 1340 1827
2223 2318 2351 2358
811 2157 2287
211 1674
775 1736
651 1759 1771
967 1790 2114
511 1562 2254 2595
480 1788
968 2120
158 2280
156 1373 1952 2243
1123 1350 1636
294 579 1887 2175
756 1222 1606
629 868 1766
932 1272 1833
286 380 386 839 1204 2480
593 917 1620 2487
330 1036 1891 2466
478 524 1145
1172 1777 2003 2510
928 985 1605
1394 2105
299 1436 2115
1484 1694
1492 2128
46 394
760 1403
386 453 2008
1241 2564
1469 1529
1761 2423
2098 2219
105 672
263 841 1053
1315 2215 2551
1100 1740 2185
856 1419 1762
2348 2454
1159 1924
1452 1592
124 398 542 1813
904 1258 2608
965 1159 2137
538 2456
198 446 980 1252 1798
820 1082 1674
1232 2137 2215
734 2433
1285 1326
1102 1473 2427
417 1819 1896 2358
1514 1637
2336 2551
1792 1823
371 1448 2414
362 1001 2450
717 809 1183 1372
38 2020
630 1647 1737 2327
878 1760
309 2009
341 638 1417 1481
494 979 1794
1089 1357 1665 2052
2179 2249 2340 2572
315 1690 2449
607 1987
796 1079
227 2444
2074 2173 2263 2400 2407 2492
623 1065
658 2483
285 1760
429 1214 1868
841 1468 2061
6 185
1820 2069
438 669 1950 2133 2277 2480
113 742 1392 2282
408 2163
32 791 2386
900 2105 2564
632 2493
398 825 1815 2372
176 782
688 1054 1740 2223 2335
381 1009 2003 2523
2318 2491
207 908 1021 2009
106 388 661 2546
1107 2235
23 1733
1718 2336
604 888 1331 1627 1834 1930 2158 2438 2465
6 1186
969 1627
454 1006 2240
750 1832
430 953 2355
400 1595
363 1172 2456 2612
87 246 673 2002
331 1784 2121
1402 1494
872 1484 1840 2306
2280 2497
1879 2427
553 1403 2007
426 484
763 1033 2444
1834 2289
269 965 1027
779 1297
1199 2454
799 1016 1633 2325
1050 2585
401 1209 1920 2524
1418 1819 2594
113 642 2598
1071 1211 1458
719 733 2438 2453
182 508 889 1086 1854
106 906 1349 1860
365 1607 1920 2007
640 1407
479 750 897 1317
532 839 1117
723 1004
356 1068 2429
311 466
217 912 1145
123 340 577 1057 2439
21 1289 2273
395 1091 1304 1388 2448
258 1454 2172
1165 1464
2016 2190
570 1141 1347
102 596 1426
1186 1233 2543
14 519
1104 1375 1888
100 1087 1565 2216
450 491 1841 2041
529 2285
949 1583
2198 2355
447 549
317 1087
2101 2211 2263 2420
1088 1938
574 587
515 1312
335 1380 2179
1310 2172
725 2086 2270
639 2359
1708 2163
132 2109
1237 1527
325 1158 2105
28 233 1303 1750
1527 1728 2389
897 1017 1037
782 1075 2035
1087 1814
239 1079
1864 2304
926 2544
344 836 887 1553 1947 2377
120 1543
1218 2410 2413
1620 2325
543 2523
1043 2406 2468
652 865 1901 2515 2537
374 887 2194
386 974 1175 1581
756 806
273 1309
523 786 993 1214 2493
1740 1919 2343
196 251
933 2350
1350 1650
1407 1521 1549 2353
214 467
158 2079
1657 1801
186 2131
630 1114 1988
768 1032
727 841 2178
1944 2365
235 522 861 1223
361 403 1937
328 1038
559 865 996 1490
793 2044
260 429 2237 2447 2526
953 1847 1922 2340
198 1287
280 970 1264
189 762 2252
788 2419
208 1089 2485
1069 1565
635 2126
2165 2194
176 1188 1853
686 1027
350 2377
859 1520
1282 1365 1489 1578
1519 1709 1723
1 2241 2540
426 1908 2283
1262 1747 1761
80 465
1001 1928 2237
294 1087
2031 2301
453 469 1608
1139 1987 2079 2286
1408 1517
1249 1351 1631 1747 1770
981 1589 1846
89 680 1975
1802 2481
659 1265
571 1204
547 934 1658
815 1620
950 1276 2598
207 966 1442 1737
859 1825
200 762 1661 1803 2580
1610 1723
110 1522
397 1337 2090 2314
573 2093
820 927 1153
110 379 580 1130
682 1293 2536
582 864 1467 2462
1027 1232 1856 1893
91 539 720 2279
61 651
127 1938 2409
802 1263 2051 2292
27 33 1750
899 1072 1541
56 93 2388
942 1052
364 491 1534 2189
1906 2239 2375
534 2263
321 505 980
333 489 2431
1101 2548
357 2079
1716 2489
2279 2551
235 974 1016 1448 2069
47 764 878 1293
755 1222 2243
1310 1699
800 1001 2003 2211
746 969 1108 1553
259 2360
711 968 2460
519 606 1181 1297
513 1626
654 726 1012 1380
416 2278
463 807
1943 2447
44 321 652
772 1557
1008 1200 1393 1571 2176 2499
466 1789
706 804 2354
1706 2023
1507 1735 2313
133 1226 1413
440 483 1157 2211
250 794 1518 1589 1998 2079
24 152 350
206 2066 2286
661 1615
305 1314 2421
975 1393
20 381 1433 2184
449 1660
459 1226 1841 1846 1979
111 381 1549
790 1110
1221 1406 1469 2324
1255 1318
568 1376 1579 1617 2438
560 708 830 1248
111 1249 1744
636 769
1493 2109 2132
2440 2499
841 1493
1975 2340 2364 2436
227 2024
1169 1351 2092 2564
740 2523
983 1982
972 1109 2410 2584
824 2501
1630 2592
285 824 939
1541 1610 1838 2229 2234
413 520
107 625
936 2436
542 771 1466 2168
188 1192 1307
46 1997 2458
535 1849
1427 1550
1899 2543
1645 1817 2295
151 900 1347 1895 2446
813 1792
34 1062
952 997
63 309 1514 1989
764 919 2357
1004 1030 2074
633 653 2246
393 429 911 2516
1500 1725 2169 2208
516 545 978 1196 1557
1562 2559
1035 1261 2424
585 1585 1606
1441 2003 2355
1358 1751
556 1618 1759 2448
912 1490 2322
605 942 1042
437 1217 1405
505 1773
895 923 1735
448 500 1254 1491
250 853
657 658 2543
305 457
113 456
336 351 616
321 748 1237 1994 2438
17 1337
441 607 746 928 2182 2449
1296 1432 2006 2089
220 955 1455
572 2359
578 854
551 995 1464 1913
703 1518 1585
242 245
278 825 2065
433 2159 2480
375 794 1293 2193
212 1916 2310
517 1455 2394
1024 1728 1950 2333
610 1287 2210 2516
929 1280 2478
437 2303
1131 2083 2184
314 946 1084 1575 1605
1168 1432
697 2176
959 1571
480 706 722
530 538
816 926 2535
285 2023
282 636 1366
636 1350
793 1153
1762 1990
1731 1879 2381
994 1870
386 1103
1012 1572 2193
1048 1108 1549
742 872 1927
80 398 526 1097
957 1408 2082
2239 2537
2299 2301
1189 2576
101 599 961 1068 2215
614 1864
79 2129
170 372
1389 1660
287 1652 2493
1265 1994
41 1802
185 191 1636 1788
1754 2248
708 836 862
1392 1787
1018 1773
320 1265 1883 2179
114 714 1152
1662 1779
1095 1445 1929
188 481 1662 1817
740 951 1561 2069
864 897
209 1350 1894
238 690
690 831 943 1854 2181 2420
70 1718 1756
1491 2367
766 2353 2597
1727 2004
1030 2251
171 936 1751 2486
1131 1406 2608
1636 2033
2455 2554
388 1430 2355 2434
1042 1159 1572 2016 2241 2505
135 1011 1084 1947
1258 1679 1719
1676 2066
594 2354
69 286 856 1742 1804 2484
308 314
35 54 315 2351
1856 1903 2121
457 657
622 924 1409 1772
1103 1301 1820 2504
1374 2245
390 1566
356 1311
711 1988 2253
250 780 1721
860 1005 1934
1764 2383
92 192
606 784 1449 2158
357 1268 1701
1008 1209 2016
1595 1673
1165 1474
1562 1703 1980
304 2178
1064 2271 2386
1105 2273 2594
26 1174 1605
960 1869 2389
683 1119 1191 2475 2596
437 692
135 769 1896 1953 2072
444 1355
692 1984
380 717 1712 2166
728 1975 2317
1289 1918 2297
775 862
1253 2182 2266
105 853 905
1093 1875 2149 2528
756 925 947 1445
2115 2215
2481 2493
1131 2504 2565
544 1074 1585 2055
1517 2277 2545
468 832 2514
129 320 1271 1710
268 2027
1846 1920
188 689 779 875 1943
124 2174
1390 1648 2100
459 557 731 1142
1899 2255 2471
218 2221 2546
305 640 1151 2252
281 653 1241 1475 2593
1472 1476 1870 2239
1665 1723 2427
115 296 2312
186 1218 2314
11 1599
31 533
1443 2343
1835 2379
862 1168
176 353
24 29 430 875 1192 2070
623 661
254 711 1828
1132 1232
1123 1296 1599 1703 2146
247 1112
393 581 1950 1959
380 622
1947 1998
792 1533 2235
1475 2348
1491 1775 1913 2510
765 1323 2385
31 70 222 363 2014
595 1688 1750
25 1149
1395 1651
1718 1987 2002
1787 2184 2326 2499
1477 1923
1090 1416 2024
46 1166 2264 2270 2363
471 773
1640 2580
357 2560
808 1470
830 1217 1231
101 1457 1594 1698 1716
318 820
122 677 824
150 1214 1775 2253
1 1048 1997
281 373 606 815
2166 2481
55 598 617 1333 1418
1202 1913
1065 2113
121 1222
1469 1880 2362
1639 2003
1210 1398 1476 1534
2097 2224
813 2134
229 1359
793 995 1052
1277 1602 2596
239 952
974 1062 1071 1531
279 2395
94 940
161 1382
484 992
812 2429
995 1452 2608
726 917 1997
214 2069
132 818 831 2060 2168
190 1651 2117 2216
66 876 1320 1804
2344 2594
427 435 708 1881
1145 1154 1438 2370
95 779 1577 1754 2567
91 801 1081 1509 2359
158 235 1217 1243
530 2061
545 2217
6 98 1841 2097
923 1235 1265
85 1002 2275
114 956 2038
91 662 1755 1838
353 661 1245 1573
181 198 2474
301 1668
896 1835
547 805 2504
65 791 1564 2607
75 1825
1275 1379 1487 1954 2033
1981 2349
151 265 688 1386 2307
508 1333 1622
850 2091
1166 1253 1713 1750
108 962 1870
240 1624 1631
780 818
1487 1801
344 2160
1055 1804 1892
656 1740
407 2198 2288 2537
179 917 2026 2435
1610 2185
1132 1404
203 279
1888 2000 2158 2396
1176 1439 1460
523 723 1349
230 326 1114
337 2301
816 1056
409 1477 1543 1608 1623
512 535 768 1532 1699 1719 1903
379 1471 2054
576 2608
1999 2267
212 896 1577 2380
46 1018
564 2317 2560
601 1107
1302 2036
259 1672
1479 1559 1830 2152
36 283 566 1519
283 970
436 2436
804 1543 2480
202 730 1431
1402 1790 2212
576 2128
462 2013
672 1200
288 789 1020 1832 2541
135 698 889 1022 1904
819 1439 2445
663 2034
95 460 1428 1521 2101 2277
123 1542
208 1066 2374
200 1435 1705 2195
37 48 1041 1098 1397 1694 1965
140 832 1637 2140
899 2180
669 1847 2048 2502
1577 1888 2100
630 701 2420
1608 1900
82 277 824
1231 2573
834 1030
21 1224 1472
244 277 2597
88 252 1421 1636 2016 2252
608 1145 2467
708 1403 2297 2560
4 122 267 357 1188 1208 1460 1707
510 2258
40 237 2140
1509 1789 2579
524 698
1506 1644 2296 2463
1308 1643
480 2022 2468
69 628 691 1963 2148
6 238 273 569 1909 2269 2310
504 2108 2280 2574
71 392 2148 2469
363 1759 2198
1187 1452 2331
350 912 1036 1037 1617 2212
495 1624 1807
1043 1142 1758
378 711
237 1945 2436 2527
924 1520 2543
1917 2490
456 813 2444
698 931 1566 1710 2387
695 1026 1491
783 934 998 2082
493 1859
381 2041
748 1477 2197
152 809 1601 2071
433 2323
1506 1770 2221
37 1711 2046
39 59 341
82 772 1073 1396
358 1951 2579
2243 2415
771 1121 2536
615 823
594 1560 1798 2253
193 409 533 1301
1028 1119 1336 2038
2282 2525
1235 2005
790 2396
989 1968
130 513 730 1358
114 1852
790 1120 1959
885 2059
2079 2175 2290
98 316 1891
1186 1983
80 1461 2307
734 2102
686 2235 2545
382 1418
948 990
1573 1710
947 2278
1279 2468
812 1968 2055
1504 1700
655 1251
228 678 1869 2528
683 997
376 2202 2229 2300
