899 1316
644 793
117 604 809 897
160 319
14 540
62 720
131 459
150 208 711 851
5 22 623
324 520
304 529
600 631 678 721 789
98 278 362 642
20 61 506
239 456 476
658 702
74 392
449 761 866
771 798
423 635 863
225 463
492 681
183 380 661
46 272 797
163 203 386
452 624
71 136 347 397 474
44 468 692
65 272 373 406 466 598 808
8 111 140 278 660 710 821
269 387
106 302 472
449 556
46 749
408 796
220 531
147 197 506
254 323
261 663
802 835
182 249 779
47 529 857
131 316 662 768
285 703
171 449 586
84 390
38 182
183 395 435 764
243 331 394 756 761 892
421 422 448 618 744
210 456
158 496 504 653 792
616 735 819 826
466 862
244 377
773 877
162 397
67 495 761
35 784
389 821
813 818
283 284 328 494 690 739 832
190 475 567 568
345 347 583 828 888
391 721
445 458 491 537
284 428 729
106 308
528 703
638 647
600 601 813
85 251 528
147 683
21 312 477 873
348 705
327 340 396
123 390
61 482 826
239 561
282 337 495 779
381 717
565 833
144 586 662
469 855
555 652 864
61 174 203
312 439 552
308 357 583 781
47 369 433
20 808
643 816
68 338 683
226 737 876
142 225 485
66 86
150 644 864
255 315
517 684
67 191 713 772
37 227 702 744
7 176
169 246 324 605
8 75 811 892
328 491 798
271 345 581 781
368 572 856 871
98 185 663
364 372 389 773 803
176 422
62 172 756 857
366 499
109 415 420
438 628
224 327 472 650 786
205 542
68 249
624 713
63 86 724
599 757 872
120 351 728
230 385 728
466 833
303 670
29 661 681 784
159 314 548
541 627 820
66 310 410
100 335 557 642 701 863
145 891
214 506 507
83 482
107 763
412 732 814
114 518 809
21 299 324 473 785
50 458 591 698
158 689
116 307 759 804 866
87 314 465 697 778
213 232 323
26 566
18 401 564 723 822
1 99 753
158 212 338
150 847
357 618 859
343 368 544 715 718 743
54 144 618
17 266 701
344 369 525 700 754 766 855
295 311 732 822
16 47 98 570 863
182 510 672 725
217 314 508 811
441 442 450 835
31 185 549 879
335 754 851
136 284 722
45 246
26 264 294 536 666
227 750
785 841
40 119 478 611
675 758
61 514
362 402 457 730
100 103 347 502 789
107 432 439
25 492 503
270 350
228 567 740 787
256 548 606
174 711
577 628 801
44 741
556 728
102 155 589
69 369 375 894
6 419
596 598 712
68 799
180 243 770 783 828
221 392
526 831
3 203 296 564 621
230 261 356 684
248 321
289 778 813
62 707
65 330 668
33 291 320 850
37 115 656 762
563 589 632
285 727
649 841
643 793
115 280
371 583 698 781
24 161 327 386 418 471
226 580
463 600 730
568 789
42 807 875
178 372
4 243 321 360
109 266
86 597
148 307 442
16 381
30 163 312
82 231 423 476
361 635 674
37 296 313 491 525 758
343 788
167 830
557 575 791 876
386 667
267 370
71 78 123 282 618
591 676 699
243 568
20 230 278 564 670 796
183 301 306 393 792
385 590 783
345 661
47 128 451 702
166 180 231 333 450
96 687 762
54 664
254 492
561 805
674 685
20 135 558
181 184 367 629 740 782
184 191
207 483 490
605 830
130 757
721 775
677 820
248 719
19 96 447 542
244 834
150 290 626 746
500 540
192 348 374 715
6 193 273 724
622 805 855
109 113 197 266 707
306 536 670 867 871
59 530 590 684
56 285 320 459 513 523 608 748
38 514
76 408 413 458 500
362 522
4 221 268 565 688
584 617
389 618
104 270
212 582 744
223 897
52 294 583 635
188 251
109 144
221 301 537 558 570
415 825 875
1 525
16 299 391
225 354 379 562 743
161 344 860
464 532 679
214 348
205 322 363
65 97
325 542 577 661
755 854
54 791
229 817
71 689 887
147 311 556
231 624
185 649
586 780 877
430 509
563 584
464 535 672
45 393 516 685 763
298 573
500 654
21 233 492
363 420
134 444 606
101 337
285 340 538
57 830
581 596 598 634
45 334 576 650
4 65 107 792
127 258 475
78 194 821 889
362 524 648 837
208 615
14 507
190 844
232 247 720
385 610 792
52 75 278 524 625 718 825 854
17 204 413 557
347 791 817
43 67 86 230 362 663
327 527
318 556 781
298 640
365 609 647
90 294 313 617
169 387 416 855
10 630 887
293 676
391 791
109 228 738
396 456
37 72 100 108 256 347 469 783
199 307 352 512 705
465 713 725
14 284 450 628 683 755 886
274 382
134 243 863
295 315 862
568 578 729
57 629
178 502 560
6 22 283 323 501
249 262 804
138 518 743
10 95
89 165 771
194 258 697
8 72 159 468
108 112 804
78 331 652
313 631 791 870
194 512 875
46 516
525 738
102 218 416 605
284 448 480 725 815
84 629 648 892
10 119 160 373 439
379 662 784 846
260 398 760
6 390 513
531 636
87 218 754
55 467 645 705
418 463 656 845
307 380 747 751 824
293 645
184 338 897
531 664 761 835
73 292 572
181 244
419 641
212 344
624 768
375 661 705
227 424
13 235 540
405 527 781 831 897
133 235
667 734 821
493 550 705
66 736 773 829
34 289 607 863
278 466
322 883
400 702 873
206 660 764
190 255 645 684
225 333 475 869
38 439 756 782
213 663
313 863
436 572
316 641
446 504 665 672 787 892
200 292
464 720 830
68 154 160 199 626
205 391
303 842
477 683
219 695
590 652 716 836
103 192 276 831
148 677 866
19 153 291
256 265 320 382
115 148 442
370 553
313 645
147 434 892
110 613 638 722 830 840
85 345
637 742 757
84 620
277 361 505 556 865
177 381 846
332 336 714
191 853
369 814
29 832
504 791
88 664 770
697 709
625 734 770
270 311 361
607 722
201 429 504
270 277 481
141 615
254 363
345 839
207 273 406 428
304 758
650 671 758 783
154 408
166 712
428 691
258 289 334
49 311 750
250 831
24 607
40 199 498 528 707
338 370 684 825
240 285 476
106 225 476 495 814
62 116 801
370 609
635 677
115 149 200 375 878
134 707
377 492 518 571
430 864 892
257 310 512 780
385 794
78 224 245 455 547 746 753 791
175 787 814
172 258 318 668
166 567 870
48 426
329 666
33 449 544 836
101 140
269 441
367 435
459 605 777 868
66 126 300 493
207 349 754
176 205 622
90 515 829
1 214 332 648
77 104 680
534 574
405 414
86 99 198 751
44 456 560 863
18 433 702
302 355 522 632
21 429 782
182 440 640 703 870
231 590
303 774
145 616 848
492 815 838
338 446 569
143 587 678
282 497 815 817
79 178
285 459 564
329 571
44 271
451 600
305 578 803
510 897
278 749 793
626 695 891
414 488 526 634
92 230 477
436 442 670 850
345 706
601 644 770
425 616
419 507 638
117 525 536 804
86 145 150 242 328
109 110 582 694
281 639
112 122 380
1 618 653 875
363 804
482 485 701
3 146 764
87 418 463
103 176 305 474
80 767
54 177 180 474 638 643
534 649 766 841 847 894
43 88
60 606 724
109 153 273 490 732
20 205
408 414
397 797
86 101 130
88 197 444 451 807
289 649
348 385 623 624 627 712
23 844
95 359 547 721 730
94 623 838
647 663 807
299 318 614 652
122 349 649 744
314 553 743
340 450 507 512 660
122 744 875
81 278
215 660
131 751
213 268 398 717 835
100 126 130 417 614 778
733 884
140 600 609
145 168 490
444 512
202 209 280
270 774 790
568 636
25 437 461 864 874
286 432 840 860 875
6 621 854
425 777
572 763
63 115 234 323
65 375
254 474
491 540 856
442 695 809
41 68 289
32 137 378 702 865
392 534 607
311 638
104 134 407 419 574
720 857
617 789
316 753
632 812
26 613 748 827
151 801 816
661 689 746
173 836 880 897
334 390
406 661
415 519
71 419 668 729
475 840
260 603
146 479 567 699
858 894
158 348 635 871
94 596
554 809
330 344
16 881
41 198 230 584
173 305
251 552 613
119 639 647 759 858 862 878
388 572 802
733 792
231 790 840
247 621 711
80 183 338 369
33 40 518 647
184 297 749
165 391 421
306 542
149 397 398
634 657
290 498 573
66 125
72 814
245 604
59 239 546 567 807 818
185 868
501 573 691 893
161 224
17 282 722
440 776 849
49 805
10 204 377 500 517 821 851
354 411
205 349 748
65 349 715
239 542
330 367
372 498
6 239 459
192 672
37 387 453
266 525 708
95 432 896
27 718
42 608
514 759
94 798
20 291 760
136 430 627
13 505 677 786
19 264 526 858
220 483
122 307
114 644
68 216 241
217 355 641
353 498 635
749 888
365 401 428 605
104 600
431 606 806
31 312
68 194 701
125 223 711 732
54 117 558 637 672
622 739
80 416
367 481 498
78 269 328 644
213 777
3 604 743 771
21 22 396 488
60 301 392 492 552
57 359 899
421 454
708 836
46 305 410 512
324 703
149 339 469 855
575 878
487 746
717 841
11 287 399
25 258 295 312 785
224 556
87 109
220 232 263
705 887
48 427
563 709 770
42 184 305 749
667 783
531 587
435 442 809
94 442 488 609
340 822
18 433 823
674 891
451 617
70 95 706
72 346 398
198 507 618 717
551 603 898
298 332 879
36 135 140 143 163 189 744
449 548
119 644 654
160 561 624 739
421 533
388 653
76 822
127 663 763 820
23 66 673
10 40
135 393 617
277 787
146 343
90 282 568 592
212 807
198 743
420 587 688
26 331 769 797
310 705 750
97 224
415 827
19 383 504
292 570 594 811
71 210
249 632
145 205 309 683
234 379 556 683 781
187 192 879
537 845
151 399
444 627 767 817
635 658
92 863
46 336
390 664
100 110 532 562 682 792
14 814
12 614 756 880
462 752
39 840
264 389 410 740 837
102 404 461
324 349 368 451 558 633 767 814
251 354 362 809
147 347 898
148 203 724 839 844
211 381 795
137 729 860
38 304
293 837
94 103 269 405 503
43 310
514 746 782
223 322 797 837 888
372 710
207 319
257 389 440 547
164 789 790
93 101 331 343 348 762 811
42 99 224
70 299 648 833
144 668
419 475 563 844
138 403 632 689
413 697
126 292 416 581 660
143 149 616
320 331 802
74 130 518
510 784
182 277
172 323 361 802
403 844 856
407 559 571 581 763
228 393 722
309 499 790 803 867
397 807 847
125 139 380 576 750
333 436 444 578 648
1 332
440 493 494 891
289 388 676
785 826
509 683
189 891
247 385 390 649 670 897
661 765 842 846 894
255 487 700 711 714
14 349 622 693 706
203 495 632 686
60 736
330 826
188 701 726
266 310 592 597
14 130 150
25 62 725
100 118 390 789
339 539 811
480 666
159 645 891
213 484 839
650 730 771
167 247 477 506
159 179 274 478
242 509
212 809 898
403 455 883
365 777
234 303 545 582 749 851
227 636
636 801 840
88 583
371 627 753
83 217
22 427 433 485 547
87 527 594
198 862
400 472
111 392
220 468 647
626 677 864
704 739
87 341 872
41 504 627
292 326 597 791
200 340 823
224 698
674 761
95 178 192 805
398 805
21 601 623 715
224 507
265 269 709 761
20 746
99 399 420 709 808 862
7 241 581 601
121 553
641 740 868
145 286
154 360 376
293 515
105 107 281 363 605
664 776 786
239 887
311 722 832
501 763 802
123 664 752 763 825
37 392 646
317 385
174 228 331 602
386 496 659
234 585
111 116 699 761 802
425 457 506
109 463 758
33 812
25 136 882
473 533
347 759
85 330 416 517 584 892
30 40 534 696
656 888
8 599 618 810
19 44
364 456
64 635 854
3 782
301 333
489 816
207 474 500 622 860
195 834
515 717
440 464 797
265 613 749
178 712
377 867
57 317 689 706
115 435
93 209 303 391
78 513
689 701
527 732
211 513 785
328 868
137 678
272 313 397 416 478 512 885
296 405 579 688 813
482 883
351 875
50 443 492 653
281 788
311 639 729
408 558 709
202 247 456 556 839
377 379 750
119 135 303
96 274 466 864
793 818
133 629
145 608
12 237 352
149 529 589
391 659
414 424
631 666 868
185 552
19 264 420 426
424 660
273 416
336 358
268 573 598 777 881
149 251
609 760
152 513 537 859 860
315 365
337 614
86 339 590 730
8 420 560
96 255 891
24 204 784
245 458
439 548
347 405 508
148 715
17 327 401 865
88 299 516
25 316 410 854
487 594
449 478 517
177 643 837
147 151 688
19 124 594 842
393 486 719
88 268 696 725
671 890
578 752 812
20 239 839 841
71 370 844
190 389 770 829
176 274
293 412 527
563 746
193 537 760
230 351 808
324 415 649 806 828
17 394 615
47 536
18 526 593
146 355
299 809 888
630 770 887
281 807
404 619 893
261 866
129 328 483 637 824
1 244
10 724
285 409 419
101 356 790
213 356 414
76 194
33 256 710 868
506 610
274 588 617
28 253 697
86 163
190 472 487 636 696
110 240 305 879
12 83 844
392 607 638
167 217 430
88 466 566 828 897
168 458 529 553 637
123 271
33 361 365 399 752 794 805
256 334 491
117 186 289 752
74 213 621
28 175
83 374 562
44 66 115
307 416 607
376 815
22 847
240 247 706
23 161 642
127 330 347 384
443 803
203 373
337 487 805
44 175 670
98 569 766 817
154 344 365 456 703
285 609 887
332 469 667
515 648 806
474 492 666 740
284 291 866
473 696
226 255 820
27 670
50 714
390 562
131 718
131 218 296 363
305 340 855
317 605 769 784 831
389 796 816
29 200 328 587 713
103 425 433
68 488 611
25 121 385 762 838
271 279 626
749 857
69 403
96 202 335
74 270 814
162 224 383 634
92 598 624
21 47
317 728
43 566 797
134 326 751
200 288 377 896
66 334 734
137 192 338 482 539
114 425
671 774
19 233 616 647 728 751
14 608 698
135 167 243 576
348 547
349 651
138 342 464
432 531 861
447 476 788
46 813 836
327 717
321 438 499 540 617 632
4 32 331 596 731 743
10 78 118 174 268 282 405 626
291 744 806 817
123 397 470 515 544
298 348 564 739 770
73 233
329 424 710
239 254
324 533
87 683 758
638 664
98 249 553
784 826
96 681
76 85 275
157 608
189 473 568
44 641
50 58 172
46 93 564
81 321 379
22 150 419
101 602 647
25 178 305 631
226 406
337 455 879
83 271 272 881
417 429 553
151 282 507 732 870
85 323 479
668 766 774
584 607
338 734 800 864
196 268 843
96 537
61 99 449 499 557 584
57 332 448 751
521 714
255 268 281 453 894
437 536
444 794 873
143 184
56 293 479 621
464 469 803
413 420 433
147 433 595 605
33 148 324 418 485 491 690
57 460 824
600 839
12 192 586 742
210 232 770
66 487
391 505 513 643
155 660 740 873
572 880
27 569
30 570 605 721 856
149 420
308 856
80 608 617 720 788
70 220 674
428 816
29 132 221 512
94 191 738 745 804 891
702 720
69 590 792 871
72 95
565 729 769
141 419 451 691 755
15 18 104 606
123 676
222 277 368
100 208 393 509 892
247 558
45 437 614
246 610
436 562 869
229 386 772
24 369
256 615 655
103 125 774
84 155 294 340 636
54 68 720
563 670
8 238
265 272 377 493 639
14 126
273 504 750
43 764
23 26 140 442 575 711
18 225 574 582 657 698
399 463 519 712
580 843
49 387 439 447 831
613 752 831
307 710
303 666
243 477 524 624 625 640
285 511
473 485 622
435 440 790
254 700
209 266 437 475
54 821
149 705
447 583
11 144 497 835
72 293 636
126 364 467 684
358 588
198 403 695
17 389 720 889
264 267 335 748
31 518 542
141 420 570 878
122 160 453 525
22 414 582 810
410 412 865
50 406
18 284 421
200 277 512
366 645
3 130 313 840
238 390 515 809 812
161 372 613
161 765 814
487 764 781 824
103 214 318 474
639 706
433 527 639
382 408 663
281 511 846
259 475
416 622
166 381 562
334 746 818
312 356
237 326 630 691 733 828
41 154 156 422
25 99 556
147 261 355 450 898
237 304 308 643
354 713
33 178 418 589
117 485 557
412 570
54 152 192 310 647
139 407 729
435 582 614 718 823
6 91 198 451 697 711 797
49 122 413
103 349 870 898
227 394
264 561 637
289 662 693
404 680
488 498
99 354 367
257 295 696
177 583 839
447 607
75 565
469 823
208 439
72 172 194 344 501 612 764 844
1 22 345
252 331 528
263 864 867
369 594
51 62 824
421 482
125 355
269 283 854
254 307
412 754 897
549 865
166 211 566 873
196 227 270 569 654
227 534 642
370 640
90 230 838
551 642
422 739
223 247 362 570 733
100 341
169 557
197 202 638 713 865
2 480 681 725 883
200 289 400
398 627 718 739
53 329 405
172 774 878
500 531 581 723 823 874
507 705
406 555
368 541
227 543 888
202 676 740
207 726
754 834
401 423 781
562 701
184 195 432
207 258 544
504 804
176 728 834
229 256
529 643 857
790 803
506 540 594
140 403
52 320 396 636
217 423 476
167 613 614
42 49 232 264 335
70 255 273
250 358 428
332 469
61 872
674 802
148 775
372 396
133 270 399 577 606
14 253 263 629
343 767
172 805
671 821
742 781
333 859
362 499
424 822
491 514 682
273 539 551 599 855
81 306
565 607
69 440 712
11 743
513 572 892
46 639
264 377
334 696
260 757
45 72 534 648 671 755 858
348 356 488
314 857
121 695
582 700 730 750
128 482
228 696 751
129 145 384
165 311 633 777
258 584 822
429 783 895
291 527 622
41 294 630 671 682 851
198 658 691 833
9 604 865
43 440 609 866
485 726
578 712
268 295 321
41 209 386 404 535 860
496 797
104 506 527 531 596 774
3 247 435
597 700 771
206 424 494 709 879
507 576
92 443
121 758 817 838
49 689
52 583 767
42 343
258 712 785
129 291 475 857
78 355
191 249 820 876
65 240 557 767
162 233
76 94 523 589 669 682 862
28 148
131 133
322 379 578
342 408
571 801
711 768
99 143 170 331 366 435 824
354 602 782
192 798
292 504 740
339 366
91 311 468 628 852
93 428
267 293 326 466 478 637 797
275 580
168 297 499 630
531 871
41 59 282 656
225 652 668 725
438 762
71 119 203 322 336 601
236 414 666 805
223 340 820
39 340 428 584 695
8 435
