1792 2581
217 488 499 694
195 277 858
314 1388 1652 1747
768 1076 1638 1664
1216 1579
120 1071
1046 1391
565 1668
114 1088 1407
158 663 740
708 761 810
12 734 1420
233 332 1491 1505
339 1122
784 799 1702
125 671
609 1698
986 1447
681 1290
938 1725
1263 1659
332 388 576 1028 1038 1353
425 477 750
903 1030 1243 1391 1494
662 705 1073
551 774 963 1178
340 1067
463 508 793 1422
20 1376 1566
165 405 1502 1664
622 982 1144 1682
559 663
22 211 1740 1783
600 1129 1437
881 1282
148 500
1228 1391
223 356
1419 1420
324 1154
1136 1601
436 1217
46 1067 1599 1787
356 719 790
170 633 1722
209 1651
418 956
389 1791
301 317
1179 1709
807 1531
761 1540 1552
628 717 1776
142 548
2 473 550 790
467 1064
701 840 870 1196 1608
240 572 1649
198 737 824 1064 1528
255 401
668 676
671 1342
309 436 1063
337 1122
106 801 1160
955 1598 1617
310 699 1017 1063
23 823 1005 1666
56 121
396 495
272 751 1172 1283
266 1443
1058 1152
241 394 1183
115 178
212 278 1408 1542
423 1309 1597 1719
624 946
88 845
712 1385 1559
437 1643
43 848 905 1239 1277
1332 1443 1717
130 734 1459
104 317 1013 1294 1613 1682
932 1412
963 1103 1397
640 1143
478 1746
177 851 1242 1734
150 598
235 860 1570
1083 1304
592 1246
272 353 991 1184 1678
168 243 568 1558 1700
553 996 1325 1371
429 1496
73 1386
672 866 1322
295 542 964 1321 1510
150 1559
574 1587
483 861 1010 1532
875 1211 1791
325 601
27 1635
438 738
220 239 465 1248 1257
164 193 881 1166
516 1303
214 278 353 481 1336 1377
983 1474
430 445 586 1187
7 296
179 372
14 441 951 1002
177 1707
1026 1588
340 1002
53 983 1405
1029 1414
740 1370
294 1376
526 1232 1348
638 960 1241 1364
15 280 283 1183
639 758 946 1539
291 570
386 926 1412 1522
399 1330
126 784 1131 1458
403 409 1103 1443 1549
66 1537
54 1226
406 916 1236 1405
1194 1662 1742
466 701 1630 1709
850 1346
397 1579 1670
244 979 1147
454 510 1094 1498 1612 1678
1085 1748 1773
968 1064
544 559 725
261 1480
209 1465
683 1326
594 795 929 959 1523
11 503 1165 1181 1241
58 497 583
316 647
1464 1650
1057 1130 1266 1517
120 507
566 1726
268 720 826 1163 1558
103 558
509 818 1719
304 1408
128 660 958 1295
8 304 1472
856 1131
819 1525
114 1363
334 1713
221 1117 1648 1687
648 767 1338 1584 1643
692 1346
425 969 1090
1312 1765
1132 1189 1764
62 1701
1332 1598
67 731 950 1021
1029 1066
947 1665
841 1163 1618
161 339 1255
1 1057 1073 1181
230 958 1048 1118 1221
226 305 561 1193
353 1407
742 1767
227 1543
136 1095
188 452 836 894 1518 1685
153 1029 1448 1500
391 1335 1539
605 969 1584 1738
183 1001 1303
840 1622
170 1458
1111 1543 1782
408 965
1224 1628
263 473 547 1222 1753
840 850 1569
306 616 1214
1156 1382
871 1485
98 143 207 476 1253
1163 1593
1137 1478
1279 1739
814 959
10 411 1091 1644
128 494
232 610
1082 1448
244 1041 1437
262 284 338 1576
649 1403 1538
668 1059 1362 1377
316 592 1619
187 550 1732
145 794 820
125 761
101 534 1095
303 1119
788 1751
1099 1396
943 1059
797 837 1396
612 662
90 209 469 1192 1601
503 710 1281 1367 1669 1670
59 132 209 714
488 714 1477 1576 1763
28 237 1067
1008 1398
328 620 750
1204 1358
405 1281 1591
344 389 1292
393 1792
164 595
1041 1349
827 1232 1428
328 364 1214
485 696 865 1622
44 623 1226
119 919
1197 1774
360 1056 1489
4 871 1618
861 883
101 441 668 850 1747
770 839 1418 1580
287 1012 1284 1555
549 739 809
120 545 937
8 498 1087
231 255 510
105 1330
417 577 905 1637
415 675 712 1021
83 542 831 1294 1691
100 1191
358 405 1097 1589
670 864 1058
611 1274
779 1194
358 645 659 978 1719
1238 1444
100 189 850
643 658 1256 1342
189 330 1152
202 296 1151
221 849 1286 1350 1426 1583
886 1366 1514
962 1631
235 407 1766
155 239 344 918
907 1677 1727
68 665 839 1286 1369 1452 1518
709 760 817 1695 1706
959 1318
782 867
356 1064
389 409
10 80
97 857 1089
228 274 665 1634 1681
108 671
72 646 884 1122
907 1325
75 546 1775
62 161 311
241 261
712 732 1618 1739
27 577 674
64 480
588 607 1063 1176
336 1337 1452 1708
235 904 1423
609 1123 1557
165 583 1381
372 1029
867 1233
147 703 873 886
182 1445
517 890 1218 1737
459 1726
267 995 1291 1293
331 1021
538 1378
9 1034 1552 1569
1084 1492
1111 1711
103 429 849
4 1236
538 1084
725 808 1329 1572 1629
417 497 617 747
1325 1420 1491 1506
615 1694 1695
176 947
71 837 1029
24 35 438 446 764 1220 1582
940 1541 1704
382 488 648 1437
64 150
1252 1754
185 1232 1245
717 1061
798 859 1634
512 649 1207 1673
385 960
762 776 980
941 1257 1499 1599 1653 1743
1095 1119
185 203
194 567 1363
43 1686
156 952 1424 1645
1214 1352
543 821 1455
236 1419 1737
317 813 1001 1070 1120
342 1670
1154 1522 1643
897 1076 1774
25 247 620 847 1224 1539
1605 1641
220 1409 1569
1013 1627
766 1439
485 1437
887 1407
1554 1594
292 309 746 1095
72 473 667
137 185 1379
377 564 938 1494 1603 1669
42 1771
206 241 656
1034 1084 1647
1263 1412 1464
220 1620 1785
231 669 764 1681
176 520 899 1575 1694
813 1696 1734
1190 1373 1731
24 420 938 1283
1272 1280
155 1407
443 544 1303 1415
884 1200 1639
911 979 1674
58 91 606 615 803 1783
18 844 980 1175 1310 1582
575 998 1585
910 1511
1419 1447
945 1234
677 745 860 1001 1735
34 812 917 1336
10 133 415
408 974
344 582 780 832 1581 1723
51 218 307 440 811 1347 1415 1435 1546
57 1008 1555
925 966
212 1158
293 653
579 760 934 982
455 1744
5 33 35 1296 1636
232 1603
180 707 1007 1254 1606
469 1505 1662
104 1106 1241
831 1377
1177 1303 1614
157 207 1713
413 631 727 1123 1731
159 1071
33 346 791 1736
758 907 1427
1215 1239
616 952 1114 1167 1521
99 843 1202 1361
211 1068 1354 1499
331 505 706 958 1072 1527 1744
473 1015
251 976 1127
945 1425
507 1644 1680
752 1631
48 439 571 965
664 811
1329 1700
558 1398
391 484
750 1392
615 861 1645
81 578 1097 1218
441 488 958 1030 1621
203 978 1073 1325
160 641 1316 1755
172 177 835 836 1054 1677
103 751
236 1076
905 1355 1381
190 659 799 1356
682 720 1651
403 775 1194
673 724 1743
1131 1144 1672
645 1074
388 1012 1626
334 966 1368
346 646 919 1096 1554
999 1234 1423
343 1181
259 693 1011 1742
78 345
747 756
1116 1184
170 287 994 1332 1356 1451 1493
915 1135
784 1583
383 1104 1116
367 373 598 779 1119 1629
571 915 1568 1570
298 627 874 1075
474 716 731 1601
1207 1217 1439
167 958 1167 1375
699 871 1781
1120 1537
831 947 960
239 1283
362 1448
1245 1739
488 1469
1143 1772
839 939 1179 1333 1721
287 378 449 1761
69 300 1743
1179 1692
620 977 991 1331
213 1398 1625
498 771 1696
263 595 1667
784 1357
1205 1375 1483
152 1680
2 1073
202 364 1258 1564
1126 1186
207 300 418 545 610 1638
337 690 814 829
1193 1742
563 693
112 1316 1482
10 817 1206 1453
1003 1592
145 782 1126 1460
1217 1649
27 659 1370
647 789 991
164 978 1346 1546
84 307
147 286 1167 1249 1361 1502
184 1515
196 967 1610
292 1120 1260 1564
1163 1359 1375
243 706
212 1427
980 1683
1330 1528
16 1631
172 247 444 822 1077 1139
899 905 1729
280 444 1453
214 248 288 359 616
56 1507 1646
145 572 953 1079 1570
301 642 1450 1743
768 1521
1032 1250 1610
395 510 1454 1552
823 1698
420 689 869
97 502 1295
127 1239
230 389 591
1424 1504
4 255 376 499 611 745
145 1248
277 1090 1118 1722 1756
322 1277
39 227 1403 1627 1702
1257 1677
481 824 1790
1377 1478
888 1069 1791
33 523 749 1123 1189
172 561 1077 1568
95 1196
105 420 576
228 831 1020
699 1005 1059 1576
181 895
335 617 682 1279 1484
46 185 1086
682 930
185 384
108 621 1175 1457 1570
469 562 786 1040 1217
1318 1650 1792
36 1539
11 1085
449 1668 1692
457 914 1714
169 962 1443 1739
878 972 1495
700 1495 1566
867 1606
803 1070 1446
231 675
277 1547 1674
4 75 1547
142 589 852 871 1526 1705
984 1333 1588
246 409 976
599 623 1603
196 679 867 1286 1755
562 756
155 606 885 1666
552 1038
253 1388
265 800 1197
388 1468
48 901 1741
413 559 581
125 1119 1620
394 421 1569
924 1297
281 1492
306 547
323 679 1084
42 432
129 234
291 657 1081
548 580 1193
566 700 1132 1166
62 1449 1506
1215 1408
65 973
209 277 445 1142
185 700
178 989
884 1166 1202 1622
671 895 930 1290
446 907
91 119 1749
223 523 724
760 1012
132 1601
813 1573 1599
578 1650
646 659
124 1587
28 394 615 731 732
1580 1677
1 1129
875 1134
297 1147
722 872
1074 1241 1335
38 436 472 564 1071 1095 1656
178 1222 1581
1027 1290
318 598 1320
226 1778
934 1703
283 499 783 1404
709 1159 1552 1666
478 658 1126
1221 1419 1468
563 1507 1593 1679 1725
963 1481
387 836
788 1100 1765
81 1744
731 767 1418
151 288 1528 1583
567 1327
856 1614
185 396 920
14 151 622 1445 1472
630 746 1160
396 1276
981 1294 1621
79 142 1100
635 647
401 477 673 1101
471 958 1003
64 418 1694
60 125 466
181 481 1407
1673 1687
72 155 1024
849 1070
637 661
130 259 1004 1632
384 1555
363 369 736 1743
725 856 1115 1512
661 1228
139 947
522 946 1349 1545
231 417 1268
18 151 290
452 687 956
146 428 977 1352
107 1339
289 1277 1429
163 834 1100 1114 1588 1629
404 1087
1622 1786
551 818
1049 1183
929 1056 1119
160 615 1686
1032 1184
149 349 954
593 854 975 1411
376 1769
378 429 611 1531
368 854
649 983 1281 1342
514 1058
863 1275 1536
55 89
152 1029
632 910
525 1782
189 1259
647 740
220 811
55 269 1409
410 438 575 1643
714 1162 1204
234 367 594
290 416 801 1195 1371
209 724 1031 1178
102 529 583
156 423 729 895 944 1546 1746 1791
945 1178 1274 1341 1347 1749
199 1772
383 1393
392 395 598 934 1334
1109 1116 1361
452 1382
402 507 1318 1652 1674
282 1077 1209
296 1021 1111 1234
935 1490
150 649 794
291 467 884 1792
261 270 309 1297 1389
154 460 827 1537
874 1692
444 1102 1349
403 421
584 1513
23 312 611 747
1241 1501
326 1658
396 890 1057
540 1098 1105 1233 1499
91 1112 1144 1182 1281 1591 1765
646 1649
1348 1569
83 1206
220 1753
284 503
12 432 1441 1526
171 300 1192 1497
28 1286
75 865 1619
130 387 768 938
266 512 783
959 1069 1361
337 344 561 1066 1215 1300
303 1604
135 162 385 1104 1324 1723 1763
1267 1371
144 320
1541 1641
15 573 1273 1776
1443 1447 1559
202 768 845 893
500 746 1763
78 905 1641
233 1270 1779
207 640
467 617 848 1473
1208 1424
1241 1268 1474
539 1142 1311 1478
454 477 1452
338 702 976
47 1260 1330
193 886 1674
410 652
321 343 1559 1653
845 1298
113 940
316 1039 1063 1679
187 474 523 1353 1561
532 1705
158 827
43 115
433 590 1010 1268 1297
709 857 1008
738 1393
791 1298
149 178 1353
87 1614
252 593 1291 1370 1699
440 1223
429 735
62 106 635 1089
259 435 519 1452
138 1551
462 1060 1154 1361
894 1711 1764
115 707
596 1408
651 1505
43 1260
319 379 399 548 1041
59 1047
1191 1419
277 299 489 1008 1099
1396 1602
1220 1769
61 849
703 732 1278 1468
239 1556
286 301 673
305 1346
211 1317 1378 1489
1 606 1685
130 893
240 308 1552
265 519 659 1653
393 1514
230 306 1224 1448
160 487 569 1268 1704
128 1646
467 814
43 254 465 637 904 1016 1283 1678
242 517 581 606
435 499 1154 1213
353 511
154 1418
210 1101
439 1154 1408
108 559 1014 1032 1658 1780
1047 1272
567 1351
183 527 563 832 1686
891 1783
1151 1705
8 784 1418 1664
533 1258
121 1130 1614 1702
337 406 462 564
240 266 742 936 959 1283
420 678 1112
350 665
26 129 1653 1756
1450 1603
783 1021 1056 1096 1244 1319
498 792
121 183 750
961 1669
57 942 1080 1253
14 352 400 1184 1388
271 1124 1566
461 1154
75 795
357 880 1077 1194 1606 1774
69 1302
257 535 1082
7 1197 1356
240 1640
865 948 980 1288
913 1310
932 1421 1665
269 1230
217 466 555 1536
951 981
715 1281 1413 1496
136 239 523 1233 1582 1650
822 981
175 1230 1414
47 964 1262 1486
100 132 208 840
548 1510 1647 1684
1186 1259
45 520 1708
525 1137
672 852 876 1480
45 81 1642
1383 1640
28 75 249 777 872 1322 1644
140 469 940 1439
78 228 1748
764 815 1044 1456
787 1345 1759
494 1453 1782
71 349
441 760 1519
117 344 370 1090 1346
1370 1780
596 1234 1238
996 1175 1605
145 1061 1698
223 633 1490
143 1076 1527
181 239 1190
905 1273 1699
554 1764
57 163 894 1663
273 281 1718
564 1076
157 332 1041 1373
457 620
917 1323 1697
114 692
856 1102 1673
47 257
908 966 1160 1752
1522 1711 1724
464 1378
1234 1630
335 1487
120 1294
475 718 784 1701
1314 1424 1593
1122 1212
425 458
75 599
215 1175 1409 1438
417 1689
284 397
591 1527
521 561 1181
1104 1215 1469
133 910
1094 1414
902 1542
1203 1449
476 720 1394
603 909
452 506
275 596 1107 1578
710 761
581 996 1117
768 1331 1669
107 776
58 152 357 840 1548 1729
116 1553 1740
669 770
3 90 904 1232
7 483 1635
767 1583
336 734 1585
3 135 238 407 609 631 1111 1191 1319 1424
667 1599
1187 1397
230 1374
236 658 1209 1292
58 1339
156 694 1550 1634 1703
117 142 1631
473 643
108 1361
901 1057 1213
174 1087
71 336 446 1623
34 728 730 890 1191
107 709 1179
1278 1513 1670
18 239 326 1201 1454
520 616 1438
404 892
1294 1569
592 1720
69 364 441
142 656 1089
189 562 1171 1456
720 762 1536
1085 1783
1278 1652
110 580 833 1062 1125 1369
109 315
367 613 946
424 652 1644
228 230 421 720 784
461 1174 1249 1307 1655
588 596 1386 1545
618 658
714 1138 1144
490 1627 1792
1555 1653
544 1010
36 1147 1422
1725 1758
511 1003 1388
875 1154
1473 1588
979 1032 1239 1524 1580 1732
751 1611 1633 1742
234 1082 1258 1744
960 1421 1628
249 892 1405 1474
1092 1410 1657 1769
276 803
115 398 1111 1503
464 1118
262 687
1014 1058 1224
1378 1397 1672
19 706 1325 1431
345 1602 1674
716 1317 1469
197 1035 1250 1363 1679
69 1139 1683
888 956 1106 1426
38 103 1541
1342 1543
192 210 449 924
539 886 1785
325 596 1311
272 1209 1666
370 649
942 1562 1615 1688
1039 1351 1443 1764
669 1629
786 1070 1441
227 629
257 391
746 966 1446
47 140 462 854 1264
172 627
267 950 1521
620 1156 1551
111 756 1290
105 299 1000 1393
982 1056 1497 1694
154 1322 1425 1531
753 1769
248 1388
553 1354
1684 1732
185 281 484 783
760 982 1075 1245 1424
36 497 1305 1554
860 1408
1708 1762
17 1210
35 685 737 850 1470
39 475 1201 1230
642 1382 1546
11 285 578 1446
234 486 495
131 1554
1368 1723
839 1009 1429 1468
148 881
612 899 1043
389 1551
670 1751
670 951 963
410 886 954
789 1175
581 1792
246 278
96 511 597 1524
184 767
362 1073 1112
575 1041
218 407 732 923
384 1623
63 952 1022 1603 1633
710 1008
255 471 499
29 925 1439
6 1037
385 978
189 338 1690
603 1011
821 1207
164 400
820 902 1420
594 690 1142 1533 1699
13 1603
890 1335
231 755 1415
1177 1434
415 442 512
468 1061
382 1099
342 1001 1144
213 1490
1177 1574
727 935 1429
262 316 662 1071
635 721 1412
200 998 1073 1518
289 1116 1513
894 1749
709 1753
316 1242
498 1280 1772
598 616 1672
4 1276
112 1039
749 1536
43 1315
1096 1120 1421
300 1773
78 219 666 1333
240 615 886 1136 1478
539 1223
599 999
151 778
9 166 451 758 1784
142 459 1083
415 663 839 1057
163 583 651 1333 1448
175 1402
539 1274
1463 1764
1260 1456
379 670 1623
401 1028
61 594
101 441 862 1224
1298 1575
165 599
440 1544 1594
3 438 1614
324 785 1451
24 179 358 1328 1407
401 1673
425 894
102 1006
443 664
152 573 1365
355 610 1148 1242 1344
151 835
129 346
636 734 1316 1600
17 358 555
374 445 450 927
28 81 803 839
1137 1777
325 361 700
236 1444
432 559 704 847 1692
690 1255 1280
510 609 1602
902 1046
338 796 1168
800 1262 1633
889 973 1009
271 678 1572 1605
26 53 246 1734
330 898
54 83 725 1137 1287
698 1344 1368 1448 1722
462 1085 1166 1512 1781
245 651
743 1234 1635
626 871
61 838 1210
1183 1591
18 1788
652 1146
252 1265 1280 1354 1401 1507
550 695 990
787 1010 1197
303 939 1273
664 907 1655
34 1233 1276 1579
1358 1738
484 544 1351 1433
227 770 1586
121 125 607
193 320 576 1449 1512
265 307 436 518 1547
1225 1673
548 598 855 951
141 1095
622 1618
63 175
250 844
634 1193 1364
519 842 1207 1245 1488
318 643 1329
370 1104
1137 1397
424 522 632 1069 1744
306 1645
422 424 582 659 1381
560 1585
926 1214
447 1263 1473 1771
516 1087
127 651 859 1147 1644 1687
6 93 161 286 1779
132 696 953 983 1666
14 396 1692
29 935 947
595 613 625 868 1411
263 548 1153 1323
602 673 686 1146
483 1000 1378
74 1072 1380 1634
646 679 1517
39 171 969
382 467 690 738
317 504 1553
115 863 1207 1532
381 393 844 1043 1691
115 551 603 1059 1715
344 433 610 1495 1684
121 247
1213 1250 1363
87 1187 1669
235 1129 1521 1553 1592
700 817
357 438 755 1541 1568 1620
1265 1484
222 1694
288 684 938 1347 1525
545 927 1397 1769
521 1214
446 563 1731
473 572 1211 1462
493 1738
357 1099
860 1053 1345
1194 1761
527 946 1662
302 308
353 676 1720
544 806 1481
1 823 1561 1639 1640
834 854 888 1106 1445 1733
409 918
1146 1313
488 645 1536 1791
86 1451
882 993 1649
1023 1098 1183
1212 1645 1736
292 309 936 1284 1385 1653
559 1189 1333 1347
255 1207
175 189 745
47 299 564
588 786 1083
320 423 495 1303
382 644
244 422
211 1510
181 477 1188 1202
88 497
252 735
770 1255 1369
201 441 956 1441
18 211
569 1165 1429
280 845 1473
1014 1427
1001 1768 1778
945 1091 1622
168 589 940 1741
280 914
602 1054
105 411 738
1045 1065 1546
1226 1423
73 1262
49 277 1731 1776
1118 1325 1563
57 1252 1374
6 419 1669
518 565
1382 1496
168 176 819 914
1140 1707 1745
401 1009 1605
221 274 1063 1181 1339 1577 1774
54 847
104 1086
181 268 583 1425 1705
485 1378
88 540 1420 1760
511 636 1094
799 1067
272 904
631 652 1297 1606 1749
286 358
189 992 1404 1755
376 545 909
42 392 529 967
204 556 651 1015 1143 1291
1410 1456
369 1152
9 445 894 935 957 1364
32 1080 1347 1531 1611
279 619 1298 1436 1717
495 529 691
164 272 1575
336 457 748 821 1210
211 381 867 1013 1317
108 182
785 1219 1331
132 1775
265 619 1444 1663 1762
1210 1758
127 439 561 712 774 886
107 617
405 1346 1445
156 458 465 633 1083 1194
324 407 597 1695
1196 1705
1481 1709 1725
171 624 1087 1232
263 423 756 1040 1321 1497
420 580
147 735 1428
247 774 1049
869 1766
25 1637
584 1749
756 1319
1381 1502 1607
82 833 1141 1436
120 842 1082 1471 1533
813 1362
441 916 1457
818 1636
470 1254 1415
23 797 1494
661 1388
643 1257 1382 1419 1427
443 617 1145
156 361 1596
717 1758
412 671
332 1484
234 262 1251
294 1714 1788
448 449
557 1773
203 338 389 1160 1371
21 1372
813 1703
319 847 1549
389 1256
412 1767
384 809 1075
115 301 354 1149
183 648 824 1035
885 1670
1072 1199
645 830 846 1207 1356
475 1293
1047 1149
385 1642
105 1240 1369 1508
53 795 1102
303 572 985 1014 1184 1395 1644
650 1119
825 1650
1008 1127 1186 1616 1674 1755
325 1104 1236
333 797
179 1276 1737
585 802 1060 1682
163 213 448
934 1311
605 809
392 1154
786 1502
762 916 1499
754 1256 1641
160 678 896
467 869
1091 1094
430 717 740 849 974 1310
1256 1559
1238 1686
109 870
1029 1780
263 1284
293 956 1206 1381
257 506 1010
1049 1552
736 1276
179 698
499 619 1357 1601
412 648 1497
1193 1292 1296 1497
669 1331 1625
261 924
59 118 127
276 776 1072 1164 1175
175 1054 1211
614 1007 1513
37 1403
287 774 795
1513 1753 1775
54 653 1375 1691 1742
13 1637
1381 1685 1729
679 1079 1258 1761
426 1255 1677
1142 1337 1423 1543 1569
232 1090 1279
682 1608
69 453 506 543 635 863 1041 1203
12 462 1720
151 606 1233 1452 1632
54 112 509 658 1078 1436
149 766 1521
576 1689
1621 1680 1772 1782
120 1319 1351
200 1031 1136 1388 1534
298 603 1305
118 266 680 1228 1319
531 1726
81 1564
30 307 498 990
442 1033 1088 1756
928 1333 1780
991 1688
1436 1506 1759
604 692
258 1177 1364 1610
893 1293
377 431 975
476 1635
3 307
470 717
575 1223 1576
750 1321
186 1191 1357
94 263
41 668 1572
414 959 1465
195 1043 1216
686 1183 1636
1020 1631
294 1103 1697
96 703 1231 1428 1628
50 393 643 938
9 474 1181 1396
447 744 1561
1236 1323 1668
381 1599
477 1445 1583
848 852 924 1051
560 686 752 877
646 1167 1254
61 1680
454 791 1150
860 1318 1357
141 699 1525
31 215 335 489 1173 1767
43 629 646 1255
145 252 434
1196 1256 1445
434 876 1480
405 1782
267 931
381 1379
609 1671
74 376 411 479 570 1019
202 274 1221
297 1725
686 1007 1698
1280 1470
425 1751
799 1572 1735
1076 1657
886 994
49 353 1268
393 508
567 834 1056
218 1419 1591
1077 1189 1330 1438
804 1297 1733 1771
452 495
294 937
54 87 1223 1703 1723
1166 1239
76 213 498 1176
773 1191 1641
259 667 1375
562 1277
2 881
804 847
64 960 1330
202 627 860 1267 1437 1515
479 1453 1470
379 1072 1181
337 483 560 761 1672
884 952 1085 1379 1780
49 234 500 1485 1511
269 775 1340 1671
73 321 963
669 1306 1498
1388 1485 1572
117 348 1509 1517
26 281 520 1723
286 461 838 1299
96 249 1337
1087 1771
434 769
214 861
710 1368 1783
104 799 1676
414 1256 1715
296 1310
786 1200 1242
1062 1566
409 1679
450 689
16 546 655 672 1213 1623
707 1709
1237 1387
137 887
874 1198 1224
100 668
129 490 710
400 1762
290 384 421 1665
327 946 952
6 746 1603
425 1356
1391 1424 1445
211 1565
394 415 667 1106 1284 1637
1120 1131 1384
635 712 900
7 179 754
682 977
594 677 1171 1256
8 1392 1417
90 137 948 1425
61 869 1332
820 1554 1649
324 1151
752 1261 1517
198 1090
477 1229 1625
270 435 769 869
171 556 598 1142 1749
609 798 1020
831 967 1607
474 615 1094
411 1481
95 131 256 1436 1672 1784
1312 1528
680 1281 1437
140 1767
8 937
336 562 778 1111 1233
165 651 1176
212 772 938 954 1045 1296
209 910 1079
706 924 1224
1058 1572 1610 1711 1713
7 1316
403 638 1086 1488
861 1322
1056 1744
1095 1111
357 477 1296
395 711 1253 1285
95 476 1389
788 906
193 205 261 1350 1441
17 859 1536
963 1103 1137 1555
128 264 1077
218 999 1553
298 930 1298 1339
102 1001
886 1247
240 1593
8 390
1490 1636
280 423 1311
72 941 1550
802 1436
58 171 379
2 474 936 1070 1130
436 610
239 1003 1117
140 1581
203 426 983
138 1536 1539
108 109 1460
895 1598
256 1410
130 952 1357
29 75 425 669
12 1083
316 427 526
971 1128
47 80 268 612
118 724 1317 1748
711 979 1228
160 739 1515
739 953 1098 1252 1624
90 1216
786 1670 1703
1302 1713
440 1505
597 1627
164 1351
862 1335
371 1373
874 1087 1342
303 1003
1144 1478
357 386
45 1725
154 558
115 208 1560
854 965 1159 1520
422 777 1585 1669 1678
607 1696
299 399
155 1072
180 1303 1379
263 1239 1308
3 373 1049 1396 1489
326 998 1396 1546 1707
567 820
227 737 1552
231 492
309 1086 1499
842 1291
160 943 1677 1751
713 1222
648 1585
619 943 1453
799 908 1140
928 1129 1350 1477 1640
301 828
338 811 1049
38 1071 1480
1581 1615
107 126 761 1158
807 947 953 1668
1063 1286 1329
604 861
445 930 1131
369 484 1392
418 1081 1309 1625
228 305 420 586 1162 1538 1733
1498 1729 1769
957 1479
107 211 274 1638
190 195 1490
442 1461 1542
470 643
699 1505 1638
455 678 1554
156 325 918 1428
187 490 684
483 852
217 376 467 1007
23 661
560 985 1583 1684
385 852 1210 1720 1742
426 917 1539
370 863 1250 1788
21 495 701 1725
328 934 1196
1274 1587
342 1317
1272 1379
1547 1704
665 893
181 218 441 1034 1275
350 401 977 1194 1663
241 609 1420 1687 1767
290 834
934 1588
74 213 741
785 1178
161 320 604
206 625 726
84 1326 1403 1791
307 717 1108
149 1587
739 1003 1193 1200 1368
545 1488
124 1445
253 1033 1137 1250 1428
500 1581
244 903 1224
835 1584
347 1239 1521
786 795 1089 1290
456 1685
489 671
298 1463
505 1581 1637
316 1606
239 818 1257
760 809 1422 1724
42 942
109 839
247 392 922 1707
554 1327
77 838 970 1438
283 810 1267
1350 1535
617 1473 1528
92 1340 1354
238 394 1426 1530
328 612 725
51 1627
188 1102
642 959 1021 1061
101 330 944 1341
149 412 653 1112
1475 1543
1202 1534
1059 1341
550 794 1266 1313 1586
74 432
384 641 1136
984 1098 1566
505 672 1750
202 391 1281 1588
438 813 1258 1386
1607 1776
230 817
724 1739
268 997
36 96 958 1484 1741
488 1310 1359
1096 1287 1655
339 971 1081 1318 1400 1620 1738
102 497
230 726 778
259 335
574 788 990 1032 1620
172 631 865 899
934 1468 1609
152 504 776
510 738 1687
129 1370
180 349 980
2 725 805 1281 1377
474 954 1357
284 384 401 1353
442 792 822 1111 1243
160 411 819
455 927 1362
122 208 1356
638 1178 1478
558 1767
418 1691
43 1286 1717
189 707 708
35 603 1110
724 753
349 776 1297 1390 1688
659 872 1383 1479 1545 1613
419 940 963 1094 1217
105 307 415 860 1155
180 926 1094
273 904 947 1094
476 675 845
1212 1458 1579
354 1057
111 1547
892 1424
423 1349 1378 1391 1497 1782
536 955
662 840
818 1503
204 289 370 1242
1143 1422 1682
428 777
338 551 1698
788 1031 1251
19 470
139 549 643 836
59 549 759 1515
173 257 333 1297
1022 1262
49 217 225 626 742
419 1585
21 868 1660 1744 1791
77 450 1369
810 1214 1506
506 1107
61 272 597 1267
723 1398 1612
929 956
384 481 510 739
635 823 1371 1640 1679
687 1233
26 435 645 1414
987 1331
543 573
692 1214
25 318
34 409 510 1624 1743
91 133 227 1263 1332
399 784 1410
85 517 566 616
1693 1703
1103 1541
506 658
64 1128 1592 1622
1091 1266 1779
161 264 1255 1513 1514
231 1675
110 1427
627 1568
594 1334 1571 1784
133 563 749 925 1668 1786
954 1194 1319
111 1700
155 505 1253 1328
309 1148
597 952
71 259 269
544 834
177 581 821 1484 1674 1759
996 1307
818 1059 1122
854 906 948 1697
70 842 1207
723 1028
123 208 794
741 1704
613 1688
1573 1586
876 1229 1458
197 703 974 1154
76 419 504 676
128 388
322 695 778 805 1278
107 1118
762 1661
133 503 941
921 1059 1148 1528
286 404 1697
473 963 1772
454 1692
769 911 1156 1242 1778
107 163 1407 1441
155 662 1669
1130 1241
539 783
943 975
1141 1630
248 294 332 576 632 1550
629 1004 1171 1769
847 1496
46 389
272 567 867
243 261 394 1465 1568 1744
387 1379 1592
161 1218 1754
305 470 686
470 665 674 1336
433 923
884 1266
737 1502
384 652 1424
207 1689
351 1002 1697
684 833 882 1320
371 1296
35 840
608 853 1107
1161 1240 1640
292 1236
129 1361 1724
752 932
525 1757
311 1033
353 510 600
669 943 985 1528
109 207
417 1525
208 1546
595 685 1563 1581 1622 1674 1775
1076 1141 1252
46 566 854 936
443 919 928 1410
439 739 769 1451
342 734 1366
478 1010 1096 1743
856 1309
307 810
9 978
341 462 768
508 1510
766 908 1238 1283
968 1600
1301 1649 1740
948 1143
917 1214 1436
883 1787
515 700
406 1265
473 1074 1736
642 835 1665 1733
867 1474
357 890
8 795 905
197 1412
366 945 964 1498
1060 1171 1623
395 410 674 857 1160 1243
604 1540 1668
1533 1592
968 1086 1366
221 1790
640 712 974 1034
395 1444
27 802 839 1196 1642
517 1450
365 1236 1317 1398
205 590 1316 1566
1286 1311
487 1534
175 678 1048 1275
575 1046 1216
481 1520 1675
139 1652
610 1279
327 1326
958 1116 1516
36 1047
94 1323 1373
399 1077 1305 1316
287 1405 1677
53 1036 1368
247 478 481
488 1137
87 1229
289 693 699
820 1093 1127
42 66 317 1238 1304 1757
900 1652
846 1120 1338 1373 1638
1156 1720 1759
271 692 1443
509 641 902 917 1470
856 1312 1594
265 802
276 331 447 1310
46 343
903 1170
1263 1701
421 1075 1167 1449
276 447 1226
572 804 978 1415
1661 1670
498 549
758 1087 1414
172 1666 1712 1720
313 1332
425 1413 1438 1593 1605
1582 1636
49 704 956 1446
179 850 1557 1568
689 760 1595
124 177 1006
901 1723
222 631
987 996 1226
15 48 1142
328 1162
52 518 997
1142 1229 1458 1610
434 1276
683 758
130 417
668 983 1260
812 1196 1412
329 904
42 261 387 983 1566
1579 1651
274 1274
37 223 512
428 1075
369 553
244 466 549 607
302 821
667 1366
344 448 476
446 1389 1719
163 541 586 929
1194 1399 1775
274 1258 1277
297 1377
7 292 570 1220 1448 1677
295 1717
151 372 1235
663 1158
879 1151 1313 1353 1580
45 1408 1420
64 1202
343 991 1202 1534
1438 1511
836 1273 1296
150 521
997 1003 1468
519 875 951 1513
861 1323
286 596
588 940
143 432 1572
634 883
423 1449
750 837 1290
291 369 676 1721
638 1121
268 1179
1447 1497
100 108 168 1531
1317 1414
703 1132
598 838 1001 1149 1389
695 899
1053 1515
447 738 1304
646 1216 1258 1577
66 145 966 1728
128 168 213 381 844 1200
565 1141 1478 1518
856 911
248 1644
381 1610
72 994
946 978
982 1158 1594
140 181 1734
209 1376
303 375
403 595 1336
109 261 1477
834 1246 1274 1405 1455 1636 1738
704 1258 1386 1455
394 1031
285 1678
835 885
1327 1452 1558
418 828 945
1099 1309
165 1541 1691 1717
40 396 1648 1761
109 881
416 1652
231 984 1776
725 833 1056 1234 1342 1415
94 478
81 1515
81 631 1438
232 391 771 869 992 1116 1532
528 1501 1507
95 773 1381
264 696
197 288 541 1104 1427
415 914 1083
186 1104 1472 1701
537 871
23 515 916
676 751 1095 1215
131 300 559 1171
215 1297
774 1468
465 1071 1631
797 1347 1432 1758
827 1100
936 1321 1778
303 496 1646
26 830 892 1491
945 1553
394 620 844 996 1452 1502 1534
213 924 1025 1739
478 723 1324
197 693 1370
387 589 1451 1492
392 1569
742 1594
97 157 698
622 774 1636
63 268 282 578 885
830 1642
303 389 1089 1601
57 91 930 1131 1222 1592 1748
1196 1368
1046 1064 1631
1594 1775
228 1610
187 791 1311
1014 1505
221 332 1684
203 1031 1453
331 547 837 1493
106 786 1278
120 785 1298
235 434 1598
966 1478
8 711
59 977
960 986 1387 1711
12 1006
1 16 1169 1583
126 168 439 635 664
1098 1222 1344
1155 1649
303 1634
189 322
1649 1748
566 1365 1376
449 1122
333 442 470 1771
373 1375 1454 1785
432 968
168 996 1385 1645
224 324
26 34 773 1485 1722
586 1073 1160 1545
919 926
128 975 1550 1644
101 278 695 925
850 1527 1618
413 1706 1734
831 1196
137 816
443 587 837
395 563 739 1465
1267 1319 1563
400 954
469 874 1706
627 862 1103 1336
61 511 1457
883 1029 1494
747 1517
490 702 1087 1354
156 484 1641
56 149 927 1079 1197 1230
241 733
962 1527
787 801 1106
74 679 1085
274 443 861 1005 1624
868 948 1598
198 247 1682
961 1001 1485
60 409 1128 1588
283 791 871
491 504 1004
878 1042 1496
158 638
607 784 799
223 1350
868 870 1032 1345
227 939
158 212 1354 1470
373 1435
258 966 1007 1724
885 1529
90 1586
594 1553
96 159 1646
668 969 1077
381 1321 1760
124 811 951 1683
653 1729
599 1349 1594
164 492 699 1211
3 271 1396
440 614 776
667 1369
248 510 1723
256 487 1142 1280
252 1421 1497
185 844 1733
137 1062
326 1409
373 727 932
286 490
419 1436 1537 1695
1213 1575 1698
1726 1764
387 847 1066
769 1634
391 1593 1609
145 411
132 703 1128 1524
199 1207
93 1637
87 412 506 800
1534 1763
233 1047 1350 1568
168 597 1413 1673 1702
225 1553
329 778 1680
176 1533 1717
485 953 1692
351 481 1091
137 1610
240 621 1069 1324 1628 1666
103 774 1577
27 1687
7 177
186 193 257 259
227 317 406 420 454 593 942 1413
269 1314 1345
833 1479
527 768 1685
110 157 751 1671
519 1558 1686
1176 1236 1591
906 1071 1402
632 668 1163
1124 1599
643 1715
876 1140
183 528 1349
62 723 1142
248 1227
540 1502 1649
210 1143 1177 1389 1530
161 1311
881 1449
53 467 1460 1571 1722
287 387
1561 1684
616 1592
45 438
54 518 806 827
246 717 1429 1449
390 421 876 1496 1741
619 805
712 818
932 1157 1370 1441
778 943
632 724
179 1232 1492 1563
448 1082 1505
772 1246 1292
1 1631
670 1643
474 522 670 1199
629 973
231 317 381 472 616 1021 1427
261 707 1052 1359 1557
710 1552
105 951
522 1756
124 670 817 1514
584 791 843 1433
878 1076
1420 1607 1687
1447 1482
1028 1298 1319 1404
930 1662
71 382 513 662 781
307 604 1472
665 727 1734
229 1245 1556
575 613 936
163 1740
187 778 1606
620 741 1547 1713
439 1641
901 1070 1101
399 1518
521 1090 1499
287 1404
780 1349
370 1035 1162 1687
935 952
379 983 1235
1576 1604 1652
1044 1502
465 909
100 1107 1535
1381 1533
572 1467
665 669 1274 1717 1750
1512 1719
913 1292
264 1033 1183 1533 1684 1772
134 281 1760
614 912 1308
435 956
428 1695
897 1217 1728 1741
53 149 504
311 471 1534
707 1128 1356 1419 1479 1749
748 1379
212 734 980 1084 1322
90 763 894
1254 1336
292 1550
939 1621 1651
485 706 1027
21 626 1629
485 738 1033 1761
978 1748
255 725 1028 1099
1004 1079
1245 1621
240 780 928
152 167 832 897 1117 1250 1710
1032 1200 1491
309 448 890 1032 1217 1769
4 152 310 391 1164 1332 1618 1679
701 1266 1521
607 746
28 435 1594
527 799 823 1054
191 204 1658
549 664 697
140 1181 1647
7 1349
865 938
599 852 1779
218 541 849
33 343 960
8 282 1675
1079 1574
42 277
1112 1590 1708
197 507 1170
1103 1479 1650
893 924 1590 1603 1689
158 617
1448 1481 1625
221 890 1245
756 1310 1335 1507 1515
241 547 826 1136 1473
140 287 1152
294 637 766
330 1441 1477
1100 1143 1678
1192 1422
507 853 974 1018 1406 1787
69 157 163 583
429 530
12 1625
501 1748
277 421 494 1106 1644
108 837 1094
124 422 624 921 1028
651 764 1230
541 602 646
774 875 961
324 980 1659
1080 1159
942 1160
94 705 1393
333 638 703
377 949
133 939
442 1362
492 1071
177 483 1460
200 600
300 871 1606 1631
51 769 1115
29 258 1664 1693
838 1013 1250 1685
521 1333 1397 1416
654 1270 1272 1547
268 1403 1628
793 1249
205 1005 1215
448 673
42 58 379
791 1230
158 800 1191 1268 1695
818 1616
179 400 1697
611 706 1178 1230 1421
209 1317
34 374 524
45 1540
821 988
293 937 967 1725
728 927 1005 1398 1618
442 853 939 1386
1304 1646
478 1099 1335
710 725 919 1197 1229
83 572 689
76 597 651 1429 1521 1718 1762
1089 1282
1287 1525
1167 1633
1146 1319
945 1447
1440 1484 1663
203 1495
27 373 419 649 888 1149 1474 1711
550 670
122 269 1498 1567
806 810 1334 1362 1734
161 1792
318 843 1487
1633 1734
398 1712 1743
688 1017 1149 1257
51 576
125 560 713 1341
1028 1149
837 1312 1342 1590
638 714 1043
856 1406 1421 1701
278 1329
1010 1593 1737
552 928 1049
218 269 473 1213 1505
757 1050 1133
1615 1679
421 927 968 1680
785 1046
450 1283 1292
294 620 1220
228 447
610 1599 1640
422 1171 1263
282 1237 1442 1525
933 998 1209
470 1517
462 1218 1506 1643
196 376 1031 1092 1114 1412
393 663 756
1391 1564
658 1637
729 1186 1468 1780
18 875
25 452 1585 1767
465 477 1316 1532 1720
836 1007 1467 1624
767 1059
395 527 1064 1246
358 1251 1736
1301 1366
935 1028
78 399 985 1012 1698
222 279 325 659 1247 1320 1396
413 689 1120
1371 1491 1538 1622 1759
114 645 854 954
270 503 1278 1789
39 971
248 1347
693 1116 1269
120 222 1718
760 843
426 1190 1218 1423
327 545 1682
54 752 1372
346 1316
581 1081 1333 1723
930 990 1209
1343 1577
438 1279
195 560 968 1271
291 1379 1452
546 969 1370
748 1151 1783
413 666 933 1187
701 1494 1675 1706 1733
362 1503
1213 1535
884 1200 1342 1444
117 485
110 1413
876 1304 1407 1476
35 248 340 428 457 1002
380 806 952 1479
691 1185
706 855 1485 1605
1005 1614
288 325 489 563
786 1299 1580
1267 1289 1686
259 1262 1763
33 240 1055 1090 1651
571 1407 1484
631 969
119 826 1233
976 991 1770 1787
245 1304
69 997 1312
180 571 718
66 281 629 750 1626
1029 1578
148 149 305 990
24 225 611 735 1377
204 408
161 1156 1391 1712 1738
182 565
798 1357
23 333
666 1599
146 690
263 1634
604 647 1704
85 800 1430 1444
362 612 844 1134
157 979 1480 1697
381 571 830 1127 1713
1325 1510 1792
812 1263 1729 1773
62 817 837
309 413 577 1131 1321
110 701 797 1397
154 357
306 667 687 1202 1211 1693
388 500 1003
195 294 374 390 617 622 1083 1211
172 282 383 616
1483 1595
183 344 1187
1361 1647
608 1536
30 196 214
567 921
1048 1382
207 218
28 1653
216 396 1100 1564
944 1486
1704 1749
186 1101
849 1075 1088
367 490 1011 1339 1414 1684 1752
80 652 1102 1184
89 1742
56 912 1625
119 1565
352 466 788 1227
1276 1336
79 1753
100 874 968
561 619 1285 1368
455 802 914
532 673
982 1477
203 549 570 1678
196 489 1642
907 1592
527 673 985 1160 1392
282 1417 1663
85 1180 1501 1547
652 769 845
228 1136
585 768 1682
260 364 571
317 1006 1256 1419
603 1682
527 1082 1630 1704
178 817 1295 1573 1588
36 1541
86 878
939 969 1292
597 1051
117 648 985 1364 1480
91 566
40 318 765 1158 1240 1423
673 1186
196 1198 1360
611 651
1144 1466 1504
594 1089
356 652 869 1720
498 852 890
638 773 1159 1534
761 773
3 961 1330
374 1084
208 917 1191
15 951
545 797 851 1222 1616
280 732 1241
1129 1242
383 779
1112 1270
712 724 1665
298 1362 1716
596 881 1130 1759
73 205 546 1439
699 1209
826 1067 1290
498 1633
726 1192 1581
216 482 1236
252 484 499 1701
64 641 1287 1493
940 1471 1654
76 563 1058 1502
101 948 997 1692
19 1715
91 454 917 1153
621 1263
284 1373 1639
296 1247 1479 1695
1009 1719
1598 1618 1730
274 1636
356 822 1363
866 932 1113 1470 1774
159 395 617 1706
236 517 887 1051 1089 1099 1245 1695
10 300 425
695 1415
281 439 970 1227
1363 1753
665 1648
1325 1392 1552
164 674 700
176 477 597
810 1406 1618
299 1009
242 421 512 1002 1082
448 1591
593 855
1418 1705 1740
448 500 701
450 846
1311 1315
107 1767
440 1101
142 844 1717
