4436 6607
3436 4093
1733 4427
2421 2886 3652
949 2745 2974
820 1278 3112
1709 2406
523 1077 3412
932 2032 4013
798 2808
496 3324 4028
2807 3554
417 1438 3753
1971 2591 3387 3948
587 3794
281 3989
88 449 1601 3263 3468
625 2329 2775
3086 3336 3358
981 1235
1594 4002
1434 1979 2360
494 510 1015 1408 1625 1917 2191
3855 4118
455 3854
194 3137
1254 1989 4362
2990 3325 4150
515 626 1271 1638 2359
1133 2323 2547 3533
1945 2028
1484 2403 4192
3451 4007
1565 1748 1844 3090
1247 2196 2817 2971
174 882 3853 4137
888 2011
1424 3732 4263
1241 1620 2508 2663 3867 3954
1794 3338
511 2926 4411
2320 3947
714 2726 3157 3248
541 3803 3822
6 467 739 3365 4068
162 317 4359
313 4039
2883 4270
2418 2941 3447 3569
3424 4288
1259 3360 3405
1285 1447 3168 3886
75 530 2308 3028 3503 3732
495 2162 2734 3386 3773
535 581 599 778 1968 3550 3578
868 1524 1609 3027 3123
2110 2291 2756
489 1399
996 3825
2848 2925 3315 3408
402 2110 2758 3032 3755 4260
652 2587
1012 1968 2206
318 1100 2658
585 1435 1689
1689 2112
1329 4263
3336 3809 3888
828 2513
1458 3775
127 4436
2028 2715
1360 2443 3138
15 3161 3986
2109 3668
1261 2502 2617
469 1012 2661 3584 3659 4173
909 1591
1280 4107
53 1404 2123 3304
485 790 1810 3111 3154 3741
779 4211
1859 2422 3070
1664 1919
50 294 1296 2616
260 368
474 1120 2486 4010
937 2614 4331
1745 3252 4198
393 1030 2204 2980
3 1858 3911 4058
1517 2631 3084
42 2467 3194
831 3855
532 4194
329 2664 2748
2959 3873
608 1843 3479 4126
1023 1223 2070
97 2754 2839
2636 2693 2841
1034 2413 3251 3480 3645
670 1231 1257
3458 3504
2245 3652 4339
1375 2721 3087
1625 4123
474 985 1748 2041 2705
647 870 1809 2246 4140
865 3315 3996 4392
1944 4179 4384
689 3157
947 1127
593 1002
4002 4162
685 875
71 1824 4122
53 764 1007
622 3763
2452 4109
2649 3252 3520
845 1685 3247
1324 1569 1927 2931
4 4187 4199
174 4078
201 296 1051 1057
777 3422
1005 2739 3256
289 3082 3503
809 2026 2477
1156 1303
893 1630
1617 3220
2720 3819
3528 3678
551 1594 1729 3655
1168 2098 3381 4089 4399
83 631 2230 2705 3855
1576 2480 3872
1046 1590 2341 3659
334 3062
2088 4310
1061 1832 3228 3241
2132 3823 4185
852 1004 1121 1809 1962 2024 3511
409 3165 4162
51 291 2922
827 1556 1901 2348
2484 3253
1440 1748 2269 3172
772 1154
1645 3864
1665 2617 4130
3523 3946
1162 4298
2175 3854
1369 2794 4108
3335 3629
8 2072 3849
1502 2274
9 3607 4200
22 809 1482
177 180 1332 3794
1364 2749
215 1567 1759 1834 2266
575 2748 3276
2516 3803
1970 3635
1400 3530
311 3070
681 771 3586
2706 2804 4207
674 1380 2778
197 3480 3626
1646 2199 2249 2853
2023 3590
1116 1542
96 406
1666 2372 4100
922 1927
547 1409 2324
274 3161
954 3839 4332
2611 2800 3209 3224
1362 3219
1640 1957 3973
3030 3683 3792
2635 3715
165 4227
425 2574 3367 3473
950 2028 2583
1894 3039
2233 4045
544 601 1825 2772 2926 3078
147 4112
703 1332 1941
1609 3489
2988 4105 4298
1642 1912 4144
333 4190
1450 2207 2254
627 3329 3709
1017 2277 2805 3453 3455
1285 2201
1426 4360
977 1815 3385
841 1387 2504
223 2677 3658
557 632 781
337 441 815 1601 4219
269 411 2903
99 1779 3881 4168
309 465 751 974 1209
2128 3048 3188
1172 2169 2906 2989 3220
838 4412
2037 3072 4216
24 1566
647 3095 3626
340 1171 2688
1222 1696 2158 4147
318 925 1548 4024
1246 3270 3664 4143
366 1354 3931
122 1396 2057
1799 3704 3881
2645 4161
523 4310 4348
3770 3914
2869 3911 3983
3334 3442
161 1846
1869 2831
598 835 1073 1648 3179 4229
1074 3301
1398 3583 4358
1858 4385
2704 2874
706 2381 2561 2832
613 1769
97 1322 1467
531 2760 4253
1434 3378
1380 1743 2519 2622 3022 4139
459 1665 1860 3204 3606
3109 3486
1514 1528 2625 3102 4239
1337 3517
1001 2546 3711
1851 2052 3114 4233
60 568 1700 4008 4364
509 2057
363 1084 1830 2939
2628 3587
457 4217
1155 1344 1402 3622
2733 3068
29 79 1231 1390 2466 4375
1797 2009
2243 2443
253 430 3136 3972
291 388 3717
3370 3756 4004 4040 4273
2665 2998 3069
193 2417
108 2445 3643
273 1093 2546 3641 4259
384 4094
2581 2966
1419 2039
2645 2676 3483
2360 2607
1214 4219
1773 2530
28 2520
3252 4273
1712 4340
2316 3783
1017 1123 2414
1734 2953
107 2568 3858
3267 3966
403 896
1288 1344 1919 1931
587 1387 1420 1873 2267 3035
405 422 2410 4292
3415 3505 4294
3979 3998
217 496 3220
2770 3414
457 487 516 1484
720 1820 3867
988 2482 2571 3966 4220
947 1915 3328 3566
411 582 1986
2582 2900
1668 3197
1018 3247 3403 4121
2807 4384
2363 3483 4436
1076 2040 2848 3438
485 1106
323 3208 3301 3577
3689 3976 4382
3751 4321
985 1270 3370 4206
732 768
873 1669 1670
1439 3015 3142 3729
1695 3066
691 2536 2651 4207
271 941 1314 2583
2478 2992 3097 3793
537 1197 2181 2311
580 1501
3086 3341
1748 1891 2734
2836 3562
278 1770 2545
1442 4159
800 2498 3581
490 3281 4102
395 3015 3170
2623 2704 2793
1768 2435 2828 3098
914 996
1982 2485 2904
947 4117
1957 2284 2471 4189 4196
1292 3338
397 3119 4117
441 4107
852 2331 3965
258 1565 2813
1126 1426 2821
637 2460 2746 3394 3996
3462 3849
3434 4231
2051 3155 3239 3497
3748 3779 3873
1207 2819 3014 3846 4244
2190 4286
1211 2931 3950
1169 2037 3447
745 1192 1376 1520 3569
2294 3769
1124 3651 4151
800 1880
370 4036
508 1095 3982
1020 2808 3591
2187 2846 2876 3780
8 1004 3695
6 693 2488 2864
142 4049
1354 1556
4036 4413
2442 2547 3837
795 2647
166 1057 2864
667 2690 4263
1706 3222
1566 1687 3506 4360
659 1416 4431
71 148 282 4213
775 1305 3598
1 3501
769 867 1792 2446 2747
3517 3832 3856 3986
74 641 1852 2151
1722 2457 3831 4217
3382 4309
3930 4313
68 163 734
1269 4142
1039 1629 2805
731 1375 2451
965 1625 1818 2519 3624
998 2870
906 3121
3580 4358
423 1626 1632
583 1492 3041
218 2897 3161 3445 3943
224 3693
305 2754
69 3158
231 1929 2019
1394 1686 1801 2123 2191 3920
835 4001
2175 3875
1073 3047
735 1190
222 1470 2047
4066 4390
2930 2978 3260 3460
2212 2968 3786
36 610 1779
1932 2688
591 1407 1626 2812
94 2948
736 2447 2514 4312
1557 3343 3684
690 785 1480 2898 3565
2889 4289
1713 2507 2730
47 3632
966 1914
91 230 2055 3775 4024
3128 4155
2108 4017 4110
247 1759 2718 3944
2363 2404
1453 2694 2842 3227
536 1809
269 1381 2831 4338
289 1946 3861
3230 3357
1508 2264 2727
728 1642
912 2356 2714
1689 3500 4163
304 4372
2095 4105
978 2181 2240 3922
1579 3701 3805
374 3026 3150 4107
943 4081
1162 2110 2597
731 967
319 3689
2748 3711
145 1212 4360 4417
163 526 1146 2965
867 2711
113 1608 1836 3820 4009
31 789 1723 3232
1291 3568 4004
75 2364 2848
3660 4029
240 4220
635 670 4013
773 3065
223 3394
1173 2175
245 989 1364 4306
884 1176
184 238
3501 4336
475 1766 2531
245 2007
1955 2173 2881
893 1997 2218 3959 4403
2543 3386
349 2396 3625 4229
89 493
869 1948 3144
85 336 838 1362
3368 4421
407 727 1467 1673
198 1537 4032
391 1283 2229 2538
1883 3771 4003
1104 2753 2995 4249
515 1437
2660 2783 3312
1739 1879
498 602 2493 3346 3925 4381
122 2254 2298 2468 4009
725 2216 2442
488 686 1768
1287 1670 2904 3601
236 2407
272 1994 2177 2776
266 4042
2182 2519 3465
523 998 2445 2682 3649 4264
1481 3865
378 460 528
697 1399 4162
2050 2680 2761 3115 3539
889 3409 3734 3900
492 787 1427 3787
2299 2717 4364
2039 2770
20 3253 3368
70 2190 3601
118 490 1690 2402 3079
1905 3423
238 703 1324 2248
1697 1918 3468
653 1905 3167 3880
104 785 1461
461 1040 1963 2282 3517 3768
922 1556 3929
1402 1411
934 985 1572
232 637 3680 3691
1166 2314
882 908 1219 2773 3374
1482 2848 3090
671 3113 3650 4028
349 466 1238
476 964 1073 4175
1291 1502 2105 4280
782 1779 4082 4424
2420 3449 4016
1701 1763 2314 2601 4197
1172 3257
265 285 516 1644 2942
1399 2154 4308
1535 4153
54 3386
121 2225
2045 3217 4273
300 472 2310 2724 2986 4354
448 3036
1325 3068 3891
2205 3339 3351
88 1533
2814 4049
1748 1840
3298 4198
927 1300 3298 3669 3712
319 1041
970 1022 1638 2205 3099 3125 3319 3451
1501 1923 4417
3805 4092
2050 2241 3395
2217 4052
114 954
2294 2519
517 1092 1741 1873
1401 2006 2439 3289 3411 3589 4147
927 4045
2867 3253 4035 4277
800 2480
2284 3811
2238 2310 3079
339 710 1440 4283
2287 3258
387 2151 4371
2129 4111
143 1680 1830
581 2092 2397
1057 1621 1816 3573 4022
885 4148
951 1111 2549
1172 3476 3998
1738 2716 4159
202 613 1940 3561
1361 1764 2294 2578 3308 3713
2735 3742 3949
992 3098 3327
1603 1883 2093 2608 3688 3691
830 853 3206 3933
325 657 896 2861
1833 3288
2296 3408
614 1943 2229
1766 2342 4042
791 1265
3921 3961
802 1826 3604 4221
398 1927 2005 4158
360 542 1361
2132 3923
523 1282 2214
4019 4190
3303 3414 4294 4392
3008 3619
299 1896 2120
729 1151 2065
45 95 2220
1574 2549
1138 2205
34 997 1552
485 4149
1178 2726
3115 4119
1645 2998
761 2362 3817
1489 2464 2764
400 1268 1761 2304 2554 3560 3716
1095 1857
195 1195
2623 4304
505 3737
474 2165 4254
619 1776 3687
3744 3996
29 656
228 439 647 2626
793 1130 2501
3671 4367
1892 3247 3278 3918
703 3424 3754
1419 2485 2677 2835 4417
1424 3910
2971 3885
1148 2285
372 1561 1785 3892
2284 2297 4306
266 1626 2004 2058 2420
644 3111
227 1068 1762 4200
1539 1548 1945
401 1483
135 341 1110 3400
1696 3599 3863 3920
225 538 960 1322 2312 3488
2201 2874 2929 3423 3549 4114
2285 2932 3075
1061 1123
2229 3305
2266 3989
105 1736 3159
2631 3906
194 669 1824 2183
1212 3471 3546
1581 1722 1738 3413 3667 3728
280 1808 2383
647 1124 2292
2851 3639
2006 3343 3593 4258
186 1102 1919 2456
207 2014
217 846 3897
501 2640 3596 3917
754 3017 3626
1044 2894
3243 3652 3845 4062
792 1243
1073 1422
730 1932 2107 2164 2257
3577 3852 3938 4230
1812 2090 2535
2230 3715
601 1996 4140
308 556 2285 3063
254 861 1200
158 224 2029 2948 3210
1179 2683 2747 3232
938 3579 3666
2509 3407
3260 3384
627 1188 1791 2492
2284 2331
131 615 2540 3633
1142 4001 4036
841 1602 2026 2184
4040 4118
1185 1269 4187
641 1613 2147 2277
2524 2836 3806 3923 3997
535 3354 4182
2501 3695
146 3222
1784 4185
1565 1981 3104
596 2340 2998
1947 2355 2936
3238 3906
2195 3216 3919
1667 3927 3959 4407
14 814 4288
626 2386 2566
413 2870 4394
770 2474 3451 3517
1241 2784
1130 1752 2334 2857
745 1030 1148 1993 2582 3411 4247
7 398 1467 4055
2047 3349
3298 3339 3684
2166 2577
151 1877 2866 3208 3292
1189 2273 2570 2789
1151 4434
810 4227
365 1722
2038 2644 3769 4208 4220
1396 1445 2467 3349 3466
1231 1291 2111 3989
919 3910
668 3109 3225
1155 1245 2500
106 1562 3888
1307 1359 1861 3293
646 1725 2922
1392 4127
1669 2452
451 2060 3072 3179
655 3346 3642 4012 4102
1138 3643
790 982 2236
1045 1614
1701 1715
1241 1265 1517 1609 3919 4033
1061 1522 2949
3412 3672
223 2387
475 861 3191 3258 4114
1533 1945 2991 3002
3547 3602
1251 3705
355 1310
3213 3684
58 2457 2754 3031 3213
1926 3099 4229
2221 4021
471 1384 1568 2852
448 611 2016 2064 2817 3722 4269
343 2809 4043
827 1407 2070 3916
1029 3992
1302 2718 3358
3273 4208
2635 2873 4039 4286
2965 4079
2876 3773 4018
400 1418 2916
878 3102 4310
3466 3590
340 619 1458 2020 2938
216 3172 4103
1502 3426 3570
397 4153
1494 3370
2403 2736 3225 3994
165 2360
222 2283 4053
2158 3026 4231
3415 3686
1259 3305 3605
1697 2595 3376
1325 2954 3890 4271
820 2524
1411 1996
549 4118
1635 1927 2162
70 2070 2403
1559 3003
833 3292
197 465 1416 1456 1888
682 2479
9 4148
1178 1837
265 1874 3155
254 2558 2975 4057
627 954
1137 4433
1872 2314 2695
1775 1777 1933 2165
808 1180 1300 2649 3875
179 1393 2459
2598 3691 4144
1038 2586 4306
1575 1923
2224 2622
385 770 1510 2017
990 1505 2020 2740 3692
148 461 1538 2242 3148
2480 4345
2550 3368 4434
1426 2015 2514 2869 3663 3764 4124
2512 4019
345 1186 3433
1471 1616 2277 2830 2853 3798
2244 2263
581 1509 4021 4331
1158 4023
493 667 1447
1657 3459 4256 4289
886 2236
1811 1854
394 1341 2649 4012 4126
1587 3361
2192 4037 4147
787 3603
3066 3973 4118 4400
1976 2674 2932 3169 3241 4246
390 995 1071 2948
1141 1450 1763 1765 2443
570 3698
212 1657
542 1263
108 474 3147
973 4081
543 2156 3126
1605 1770
894 1155 2381 2400 4419
2999 3280
1008 1624 1814
1790 2764 4108
374 576 2591
1712 2889
209 2939 3651 4220
2233 3852
1235 3000 3923
220 3700
2051 2359
183 1383 1977 2876
600 1051 2968
323 2773 2786 2869 2872
123 615 1755 1929
2326 2607 3799
3344 4131
1932 3626
1133 1896 1967 4088
417 2313 3164
210 703 1274
302 3210
1440 1833
957 4042
15 262 1856
794 2749 2894 3280 3739
1379 1908
391 1339
1192 3905 4434
1471 3781
2441 3910
826 1490 2664
1298 1704
318 747 2314 3045
578 4054
720 1402
2815 3454
138 306 394 1331 4277
546 1714 2898 3743
559 2537 3917 3961
3502 4134
929 3444 3899
2256 4051
3133 3899
250 704 2151 2359
1704 3317
2577 3168
1993 2629
1212 1654
461 1486
762 1725
826 1197
690 1149 3495
200 1326 2191
1317 2472
707 1285
750 1204 2697
424 842 2081 3026 3206 3935
823 2715
1178 1226 2158 3078
94 781 2926
2868 3372 4199
2257 3726 3760
755 2271
290 2804
1633 2266 2548
667 1844 3606
1234 2338
277 502 4008
349 2435
2622 2738 3188
1889 2591 4002
2750 3994
187 298 617 1720
1419 2367 3827
888 1961 3134
1942 2199
2159 3982
573 4296
2362 4088
926 3409
1633 3057 3348
281 2664
732 766 1358 3085 4347
2390 2522 3137
1818 2376 4158
152 2420 3378
289 362
2032 3807
318 2719 3635 3702
1537 2451 2599 2836 3784
811 962 2521 3705
953 3533
511 517 1544 1711 4361
2400 3428
660 2805 3415
1805 2382 3913
1707 2438
979 1644 1649 1737
890 1526 2806
296 4043
1039 1715 1890 3321
1307 1568 2908 4281
989 2890 3582
271 2210
2066 2841
1536 4066
513 822 1349
785 1765 2622 2898
530 2880
953 1992 3647
1991 2270 3000 3276
728 829
2723 4064
555 2048 2223 3177
3308 4258
1732 2325 4433
1504 1574
2991 3013 3787
830 1846 1917 3422 3722 4025
1272 1802 2558 2945 3326 3874
883 1659
761 1923 2690
1707 2846 3216 3572 4152
147 1699 3255
1120 1781
3499 3814
795 2458 3481
1018 3058 3974 4078
626 1994 2141 2877 3974
157 1189 2587
202 655 1781 2232 3314
471 627 1397 1754
3197 3225
613 2212
1718 1755 3015
338 3882
470 2603
1491 4229 4308
73 116 2500 2686
104 1377 4302
1579 3017 3236 3441 4296
2316 3506
653 1491 2898
1949 2878 4020 4172
1346 1385 2336
375 848 1934 3263
694 1381 2647
174 1209
896 1952
41 551
1310 1747 1818 2726
1362 2448 4295
271 2365 3203 4403
115 1040 1680 1881
2034 2783 3800
2177 2942 3231 4367
50 2384 3375
2229 2663 3331 3820
2915 3131 3830
2301 3234 3918
206 673 2291
476 1931 4238
701 3176 3521
1064 1237 2700 3309 4021 4285
2173 3369 4061 4258
1162 2559 2620
168 1615
1320 2469 2604
459 1923 2749 3615
988 2473
781 1021 2123 2769 3848
766 1392 1657 2398 4331
747 1969 2474
1832 1946 2326 2512
2226 2304
1232 2575 2863 3381 3894
1927 2173 2379 3771
2017 2826 3205
2020 2122 2537 2704
45 1188 2166 2371 3726
780 1427 1598 3157 3724 4198
1058 3813
2605 3239 4336
330 1974 2563 3100
292 1683
288 358
719 2352 3745
3946 4222
508 3818
846 2322 3124 3990
995 2574
1392 1758 4082
694 2104
472 1304 1765 2671 2683
1320 2947 3629 4143
38 1278 2801
3024 3520
1021 2519 3227
1205 1804 2016 2407 3697
1528 2838 3008
515 549 2506 3952 4220
508 3815 3972
514 2970
846 978 2778 2903 3956 4185
704 1820 2303
717 3262
70 326 529 1948 2285 3451
542 3101
1109 1545 2913 3235 3753
738 3431 3953
557 1833 3888 4300
602 1015 3331 4126
1973 3259
374 1584 4366 4406
1285 2598 3083
110 874 3510
329 1033
767 1025 3191
770 804 3395
2673 4230
2056 2772 3889
555 924
127 307 3356
192 2288 4095
859 1851 2633
585 727 3159
118 2346 2372 2968
1013 2069 2813 3005
288 1621 1793
3099 3492 4271
517 525 4424
941 1135 3334
1 2454
255 881
321 1485 3744
3496 4283
4 1079 2132 3876
1556 3490 3567
2024 2193 2210 2388 2658 2896
2452 2658
1865 2125
3062 4104
371 3518 3904
593 1483 2387 2524 3715
2826 3720
856 3326 4004
373 2123 2625
1280 1693 4133 4193
3800 3881
1932 2942 4200
1291 1642 4017
1135 1254 3552 3789
1582 4001
212 1129 2684
4 4347
791 2075
763 3501
1101 2032 2457 2498
207 859 1204 1345 3209 3265
2056 3220 3778
302 2135 3597
1027 2240 2677
408 2441
1905 2126 2140
221 757 939 1435 3594
1495 2706
1588 4036 4287
913 1003 1340 2120 4025
126 617 3314 3558 4382
1644 1909 3191
145 345 4003
1904 2719 4410
210 640 1886
1361 3156 4269
239 628 2645
2718 3776
607 1776 3466 4019
424 1594 2170
603 1029 2022 3870
2294 3785
905 3615 4058
2882 3098 3813 4052 4081
1248 1461 2271 3103
1104 2196
606 846 1274 3801
263 2447 2975 3325 3407 4423
1816 2241 3429
658 2393 3605
1831 3115
3165 3717 3968
2013 2490 2781 2974 3307
289 1339 4026
686 881 1915 3145
256 3766
1363 4070
192 2217 3795
662 1781
79 2988
84 1374
150 491 1584 3077 3281
2012 3906 4304
1570 2771 2806
107 303 608 3811
591 961 1181
628 2948 2964 3239
2279 3002
2812 4039 4281
499 1361 3915 3954 4291
1659 3032 4371
3650 4198
8 2368 4407
3680 3795
1566 3134
925 2383 2894 4177
246 622 1546 3448
461 3780
60 1325 3062 3137 4104
791 1174 1175 1633
2246 3570 4234
1175 1920 2125 3680 3836
992 3284
37 3827
2788 3802
1262 2012
1120 1627 3295
1423 1683 1731
3959 4015
1545 1591 3916
1459 1567 3420
2156 2530 3646
1993 2242 4021
753 1645
447 1434 3111
2619 4398
734 996 1308 1322 3826 4109
1136 4168
640 1359 3556 4280
1844 4100
599 3346 3461 4142
3265 3987
1914 3293 3558
583 3914
1601 1721 3273
3065 4327
265 569 654
194 718 2810 2900
1915 2382
325 887 2183 3628 4246
467 3412
2206 3793 4179
230 417 4404
325 2808 2980 3351
1362 2350 3983
672 1285 1370 1684 3338
1423 3224 4341
167 2017 3073
632 3314
1311 2393 2478 3347 4022
508 711 1804
471 990 1794
1142 2148
1439 4260
688 1084 1722
49 2193 4336
426 2242
2976 3699
64 300 3476 3774
226 3708
153 328 951 2171
1098 2207
370 3487 4312
3044 3700 4230
503 941
213 1687 2080
592 915 1168 2628
731 2704 3800
9 55 274 2689
61 256 2176
3639 4203
965 2504 3488
1595 3590
426 494 915 2099
1049 1718 1930 4106
194 323
491 2156
203 611 624 1510 1819 2808
479 772 3102 4378
305 766 2571 4252
1590 3079 3761
493 1545 3601 4379
608 3005
761 1267 1293 1842 2938 4432
805 4414
41 3509 3652 3881
941 4351
2381 2747 3279
1049 3162 3689 3904
915 1680
3135 3202 3918
321 3230 4020
3592 4130
23 563 2433
3318 4038
3363 4285
186 864 1858 1880 2335 3039 4431
1433 2775 3226 4349
392 1115
656 2140 3527 3558
1747 3043 3455
1200 2318 2738 3437 3986
2089 3104 3349
394 1374 1707
971 3986
1592 2185 3185 3409 4145
885 1722 3999
3537 4004
805 884 938 963 1395 4215
1003 1039 1164
2374 3461 4400
884 1051 1611 1903 4359
187 2400 2910 3865
3457 3825 4115
535 577 689 4261
64 1470
930 1030 3158
470 3320
936 1313 3200
1235 2141 2404
48 302
2366 3307 3831
1609 3081 4077 4382
2373 2865
1137 3381 4095 4242
1722 1835 2139 4031 4120
273 1192 1580 2038 2220
674 2774 3694 3905 4262
81 254 457
104 1887
477 1603 2126 2446 3245
926 1198 3956 4392 4411
1273 1620 1833 1930 2120 2270
2038 3439
1410 2314 2510
1983 3409 3518
2652 3759
1205 3888
424 571 4035
735 3644
1624 2543 3566
1365 2923 3504
2776 3137 4352
1210 3096 3756
1449 2586 3091
2143 2344 2480 2583
98 306 3055
2702 3706 4143
2359 3498 4204
62 181 201
368 847
443 2577 3517
6 3227 4187
605 979 3720
384 435
1152 1424 2901
1435 2834
281 1002 1470
161 1997 3172
80 2130 3460 3642
1567 2073 3893 4128
40 1493 1529 2147 3113 3266
1332 2786
741 3302
1037 4358
2031 2249
1476 2588 3808
611 1902 3308 3629 3964
900 3173
3348 3680
60 257 906 2956
2740 4198
338 568 3991 4150 4151
363 1057 2613 2725 3291 4327
1704 2239 3898 3927
4216 4300
1610 2527 2683
379 721
15 543 691 3427 3795
896 2834 3506
3122 4200
895 2489
631 3110 4186
802 3960
2847 3098 3208
1271 2188 3092
185 960 1608 1629 3807 4142
307 1522 4339
1980 4282
3589 3773
315 1780 1952 3222 3629
237 1024 2358
968 1549 1634
1811 1891
3448 3830
1305 3651
691 3479 4236
3206 3323 3577 4295
296 4017
396 411 1154 1783
1314 3247
770 1241 2869
301 1078
381 530 1733 2615 4389
1684 4155
1061 2236 4211
557 1173 3105 3621
233 2407 4304 4411
2772 3317 3895
2913 4208
367 831 1580
1563 3121 3973
126 339 2115 2672 4027
764 1259 1737 2256 4125
605 1899 4399
14 3769
2534 4066
1408 1478 1671
2030 2074 4182 4240 4410
1903 3455
462 1008 3905
1701 3075
785 1279 2189
1462 2728
2839 3725
2199 2574
2187 4393
1419 2962
786 1755 2447
88 1222 1400
132 820 838 1942 2502 4231
1242 2654
382 3231 3701
417 2746 3547 4296
899 1068 1420 1586 2020 2048 3970 4144
670 1669 2232 2577 3082
1013 1672 3707
836 1305
2550 3777
97 964 980 1378 1633 2435 3455
1493 1539 4379
3777 4353
2597 3480
3325 4034
1013 2269 2672 3056 3705 4302
540 3774
373 2459 3653 4117
1314 1758 2047 3247 3318
774 899 3701 4029
2494 2732
455 956
109 2939
2040 3104
204 683 1928 3816 4042
800 3248 3619
1186 3144 3515
1364 3112 4003
1322 1330 2541 3959
2212 2647 3668
2822 3507 4211
773 1099 4292
659 1331 3964
2164 2764 3414 3922 4047 4257
352 456 954
2561 4390
1518 1541
133 597 1168
1101 4227
1439 2521 3351
234 317 1013
2954 4412
569 1928 3964
769 873 1505 3232 4067
1480 1670 2290 3158
2356 4198
747 3827
1664 2867 3450
1751 4131
1107 1978
755 1302 2254
265 1282 1542
615 1191 2725
2187 2550 3843
271 687 910 3927
273 3618
3015 3906
1374 1509 1667 2313
259 2017 2828 4126
1007 1694 2945
1976 1988
3447 3802
2187 3215 3282 3305 3643
957 1789 2612 2639 3530
247 633 1456 3595 4171
1204 2017
2289 3072 3474
426 3172
652 1076 1231
913 1462 1595 1742
268 1042 1256
2194 3358
554 3102 3605
1029 1681 1707 2432
104 877 2530 4278
2004 2269 3036 3157 3867
809 1173 1688
73 786 1525 2661
2638 4015
666 1049
1713 4260
1210 1694 3813
1308 3832
1988 2306 2341
764 2798 3615
422 875 3952 4039
1009 1885 2478
51 3726
261 723 3425 4047
335 2126
113 724
2049 4190
2278 3553
914 3211 3912
777 955 1640
1789 3365 3648
199 2702
410 3977
56 665 767 3747
431 2747 2970
64 3748
508 779 1076 2168 3149 4241
495 3813
2011 2235 2580
477 1420
2000 4020
2499 3686 4338
588 1065 2838
1904 3558 3794
1631 3096
3444 3461
1923 2554
168 1823 2075 2646 2799
379 1653 2476 3704
949 1003
1987 3198 4135
1424 1893 2561
2011 2171
1183 3358 4206
3286 3793 3928
928 1744 3389
73 2154 3548 4301
2208 3081 3325 3792
349 1900
921 1081
1927 3379
1286 2216 3492
1825 2729 3683 3916
1600 1727
1181 3266 3943
840 1843 3494
526 1559 2679
95 839 2496 2679
267 3827
1236 1860 3484
1206 2319 3893
1170 3321
1551 3110
220 1030
1856 2239 3301
100 2157 2162
800 3134 3473
888 1498 1682 3689
3902 4227
2621 2667
306 3753
114 173 2521 4016
869 1067 1128 1604 3545
47 1875 3762
398 2081
1475 3675
494 755 1260 1354 1858 1929
1043 2498
1424 3226
2734 3059
3393 3875 4065
1474 3113 4237
320 2171
868 2196 2869 3235
1602 2283
3700 4065
302 2493 3554
34 846 2376 3801
1363 2002 4238
352 3099 3804 4141
1503 1690
682 4271
1585 2249 4246
897 3779 4037 4114
2332 3292 3897
2755 3641
1431 1729 3686 3832
886 3649 3853 4003 4403
663 2444 2639 3855 4192
405 779 897 1001
1454 1968 3660
80 1019 2486 3411 4081
250 695 867 1774 4170
596 1636
276 2274
2262 2444 2657 3734
770 1574 1738 2545
490 1286 3036
1786 2616
574 2094
2230 2283 3587 3991
287 879 2355 2910
3254 3568
242 685
332 521 2952 3621
731 1557 2659 3495
691 3798
1853 3666 4383
2479 2820
2514 3225
97 3635
1753 2140 2596
1242 1941 3608
1208 2929 3400
1644 1994
1668 3659
1376 2159 4196
1686 2892 4172
94 109 3498 4306
869 1850 2407 4178
69 114 1392
2078 2154 3296
337 4390
41 2704 2776 2965 3286 3471 3733
944 1624 2200 4389
527 2112 2162 2185 2230 2929
160 2608 3195 4424
2105 2420
2249 2478 4168
82 1865 3754
254 2315 3197 4127
1698 3717
666 2743
1891 2832
452 930 1694 1770 3510
1292 1426 1859 1906
247 2887
2058 2251 2697 3360
909 3583
1047 3485
244 1612 1903 3857
1354 3414 3509
176 740 867 3326
791 1743 2236 3237
1293 2162 2340 2758
67 1587 2423
150 470 1881 2564 2805 3988
772 2862
3964 4033
419 1326 4035 4202 4374
100 364
1300 2026 2588 2917
224 4247
2011 3534
483 2669
1533 3572
491 815
184 781 3525
1154 1562 2574
32 1603 2921
2335 3055
1141 3251
47 306 1858 3319
440 2254 4022 4254
2044 2504
3313 3437
374 1327 2418 2443
1711 3553
1894 2332
281 878
403 2364 3306
306 1048 4432
2483 2987 3437 4260
854 1190 1918 3346
1182 3848
3610 3853
48 2135 2689 3929
378 1630 1966 3122
169 1642
1005 1576
316 1422 3279 3572 3804
2820 2977 3503
464 2059 2998
237 770 798 2045 2941
1908 2254
2659 3794
2746 2940
1650 3899
1139 2638
1537 1759
156 537 3007 3840 4050
2096 3978
3509 4015 4351
2887 3029
532 3485 3928
338 2312
2243 3028 3153
1479 3434
82 2854 3889
1128 1394 2036 3979
308 443
245 698 3267
914 2323
587 747 1708 2752
212 1380 2025 3003
409 2057
1492 2363
239 2628 3771 3987 4261 4389
1800 2169 2330
2151 2531 2867 3486
1117 4106
1343 2648
56 1643 2751 4006
1688 2824 3322
1478 3780
455 1645
76 422 919 4245
3396 4222
631 1708 3260 3300
675 1447 3407
2832 3208
865 2188 2996 3972 4048
1988 2112 2705
3127 3436
1538 2318
196 1952
24 597 725 1491
1844 2557
154 665
1908 3990 4096
568 2943 3601 3752 3903 3927
913 1482 3867
500 2712 3523 4080 4248
934 1420
2115 2299 3038
2003 2271
466 2246
91 537
74 702 1343
3407 4269
423 2211
177 582 1220 3471
338 3641
1563 1651 3284 4294
910 2615
853 4270
670 1099 2449 3526 3543
2979 4037
1246 1372 2697 2930 4049
1095 3583
293 1662 3086
3332 3829 4089
938 3867 4088 4431
24 350 3536
295 471 1903 2027
971 2033 2831 3552
1496 2657
87 168 603 1037
611 3827
1514 1681
1506 2144 3595 4399
3358 4159 4284
211 1084 1520 4359
1476 1884
39 976 2240
1359 1366 1627 2334 3348 3387
1567 2149
64 379 919 1545 1615 2512
2803 3615
50 3301 4094
476 3084
1481 1843 4173
1038 1602
2351 3488 3772
1768 1867 2564 3119 3295
230 1773
2630 4344
934 1053 2553
1742 2345
1324 1435 2364 2626
1396 1929 3779
366 724 1736 2005 3293 4173
253 2259 3025 3900
480 1036
526 2169 3333
82 1969 2200 3321
545 2549
509 1321 2309 3460
814 3519 3864
480 2610 2643 2856
3088 3657
357 2807 3211
998 1973
131 144 883 1195 1214 1609 2232 2627
414 3062 3753
414 1462
435 1283 3070
901 1532 3118
1130 3281
19 266
2993 3322 3736 4029
1698 1723 3227
1846 2711
2450 3832
7 296 764 1674
107 2758 4255
483 4077 4128
2880 3787 3965
1895 2468 4101
3693 3900
2230 2570 3985
1087 1301 1692 1830 2272 3377
1719 2816 4082
1270 3261 3805
651 2081 2304 2747
349 2931 3210
3078 3263 3367 3407 3870
593 2575
583 4393
1132 2472 2629
1118 2843 4377
220 2647 3805
1616 3023 3679
654 2521
3146 3642
3722 3983
1107 1557 2433 3177
1063 2766 2818 3685
3572 4282
2147 3230 3286 3453
321 1818
98 1488 1912 1919 3260
437 1973 2031 2735 3700
253 3207
3608 3621 3628 3720
1362 2770
582 1696 3681 4224
2649 3636
4216 4270
3556 3989 4394
1188 3121 3510 3764
1105 2527
828 1885 3111
3470 3793
429 869
3201 3639
1267 3397
155 2284
2296 3433 3717
362 1455 2264 3398
457 987 2039 4396
562 3507
13 596
1414 1473 3733
494 1902 3464 3726
155 1938 3607 4100
2824 4033
1840 1872 3444 4322
2160 2698
939 2183 3836 4254
492 1646 3720
815 1128 1246 3161
27 289
3576 3624
610 646 2651 2906
2543 3193 3529
874 2455 3405 4124
3805 4188
3618 4014
169 2705 2747 4364
15 20 2404 4117 4395
493 1156 1973 2396
707 3712
285 719 2023 2850 2899
174 792 2565 4179
1278 2929 3788 4079 4278
12 89 3985
2131 2236 2334 2592
2177 2927 3636
716 1533 3075
1425 3562 3758
132 4048
119 2534
995 1996 3706
517 1557 3460 4306
523 1331
51 3032 3627 3914
1588 1952
430 439 674 1173 1319 2999 4383
1699 2136 2804
2219 3485
1075 1814 2608 3192
430 1287 3447 3668
1615 2581 2740 4083
435 2603 3941 3985
2679 2828 4267
3197 4037
596 3025
1330 1567 2002 3366
1854 3631
2895 3448 4403
445 1357 3624
1755 3259
396 1142 1310 3971
594 3243
1706 3985
1180 1245 1267 2072 2953
1069 3354 4035
2357 4261 4306
2851 4212
3915 4057 4196
524 2254
243 2631 2816 3806
833 998 1554 4403
460 1521 3062
1946 3612
675 1878 2671
522 1456
1137 2304
2316 2581 3913
1247 1624 3722
104 1437 1851 2190 2301
2361 2371 2599 3785
569 1010
1073 1437 1749 4026
184 2726
328 1132 3586
113 1536 3106 4122
494 1632 1918
272 899 2262
922 1679 2548 4007
687 1579 3157
3374 3536
61 2049
114 384 387 2310
448 2838
826 3916 4291
462 588 2804 3237 3638
1162 1321
1954 4334
3491 3573 3723 4242 4300
393 655
623 3376 4171
1135 1785 2531 3966
107 1518 1660 1967
137 2729 3378
1830 3667
684 2777 3608 3689
376 751
59 313 588 751 836
1874 3990
48 2142 3173
1028 1661 2160 2597 2931 3760
695 1360 2350 2620 2741
1395 2119 2238 2556
702 2492 3659
94 684 1924
2006 2932 3992
992 3410
1595 3625 4378
916 1271 2709 2950
400 1110 2150 3995
963 1644 2344 2403 3186 3493
161 3357
2063 2235 4043
325 4061
1115 3401 4117 4147
532 985 3258 3957
1980 3447
3195 4300
2740 3680
256 289 885 904 1432
3308 3706 4121
1304 2062 3308
699 1930 2657
697 1517
885 1246 3953 4275
698 2942 3168 4385
2112 2975
494 1198 1391
452 1887 2678 2971 3738
1439 2104 2155
2581 3114
140 2529 3091
1239 4160
172 518 1330 1809 2723 2780 2874 3350
305 1775
393 1452
1078 1296 4076
3381 3996
565 1727
243 3936
2033 3030 3301 4382
1139 2072 3962
243 809 1619
120 189 3608
2650 3756
2137 2926 3818
513 2001 2816
3269 3313
53 547 826 1872 3118 3634 4059
1360 4068
642 3787
205 1186 2482 3397
43 135 917 3980 4229
253 790 4378
442 1190 4033
1128 4282
2007 4283
363 685 1984 2424 3462
488 1302
1236 1538
721 4082 4169
439 957 3563 3632
418 1217 2834 4111
716 1255 2994 3484 4172
832 1710 4253
802 4053
2710 3088
1648 1979 4158
423 870 2905 3879 4431
956 1061 3181
2069 2680
336 3032
672 828 2782 3335
2971 3931 4211
546 809
545 3456 4120
224 383 1104
880 1446
374 1807 1816 2192 2733 3936
1460 4156
1069 1548 1799 4144
925 3992 4056
986 1369 2540 2620 3110
1610 2164 2501 2507 3309
2546 3722
1259 3139
150 1384 1408
882 968 1130 3112
2516 3221
1008 3384 4192
492 1447 3808
392 441 1344 2003 2671 3266
372 3072 3088
1290 2959 3115
208 2921 3925
1091 3573
942 2267 2601 3751
839 4205
38 571 3260
2951 3121 3309 3900
528 3729 3980
1126 1602 2247 2586 3325
711 1422 2406 4077
60 628
839 2099 3075
580 3111
578 673 2456 3005 3617
648 2589
738 877 1438 3317 4376
1125 3794
89 431 2586
952 2453 3082 3622
236 3492 3756
1010 1476 1599 2067 3708
924 3237 4174
1661 2582
3087 3167 3699
1060 1646 3249 3362
1608 2582 4151
1187 1912
100 509 1318 2014 3429
476 516 1954 1972
2398 3399
1387 1706 2588 3232
1319 2603
2716 4308
324 1314 1382 1841 2490 3125 3671 3822
509 684 1641 4376
2589 3581 3624
1039 1217 2006
1845 3142 4271
2950 3679
1564 2302 3771
2470 4215
1674 2048 2319
1200 1988
364 2682 2769 3511
2246 4432
266 1125 1846 1934 3256
1903 1932
1129 1200 4092
780 819 2340 2557 2896 3683
1934 3853
7 206 2137 3180 3826
632 801
714 1375 3799 4024 4036
1201 2381
530 650 814
521 3726
2399 2448 3234 3290 4068
1786 2796 3444 3673
881 1243
1609 3311 3375
1512 2245 2816
1488 1579 1850 2063 3677 4131
178 3805
1074 1272 1544
2685 4323
85 644 2115 2748 4258
379 578 4195
1143 1364 2013
199 1242 2268 3209 4369
923 1595 3882
760 3547
325 2950
1679 4436
393 511 1994 4208
398 3279
339 614 3656
1047 4391
2532 4057
2241 4194
1251 3465
418 2074 3906
164 707 3613
925 959 3158 4120
1034 1587 3498 3887
731 1382
1999 2042
2062 2966
1 1426 2636 3634 3933
1876 3780 4212
1639 2987
2205 2422
912 2015 4292
1394 2564 3280
625 1515 1822 1947 2083 3197
1697 3886 4241
53 1482
183 2185 3337
2507 3110 4344
1469 2052
702 1121
296 386 2854
699 914 3749 3976
1612 2300
149 659 3083
1912 2941
1571 2144 2159 2856
516 673 718 3167
701 1065
945 2667 2833 3697
1644 3779
1854 3139
2241 3794
2502 4341
558 1518 1655 3120
1066 1141 2792
592 2025
1051 3530 3580
3782 3784
311 3805
57 1340 3846
880 1599 2930
1490 3038 3779 4415
1305 3662
350 478 1098
680 2714
369 577 2872
834 1123 4373 4434
280 1521 1753 1773 3476
915 2828 4011
1753 1870 3288
3 1984
2177 2536 3374
805 1248
1142 2990 3400
511 1194 1360 3583
314 348 1413 2031
10 755 1392
52 668
2762 3295 3434
1645 3989
107 2827
275 409 3812
148 3498
773 3232
711 1825 1939 2570
1282 2132 3870 4164
813 1172 2756
2116 3440 4111
397 1292 1957 3655
287 4008 4133
2907 3564 4147
2238 2487 2860
674 1122 1234
907 1436
2384 2833 3408
1574 2829 4148
1914 3972
1245 2690
408 3402 3637
501 1020
1417 1450 1809 3812 3847
1612 2072 2736 3709
1004 2236
2506 3429 3541
2276 2366 2533 2563
1850 3224
2719 2888 3814 4062 4103
333 1499 1570 2893
424 2399 3983
1056 4136
150 1777 2059 3639 4322
554 897 1546
766 2567
581 1748
324 786 1681 1941 2731 3157
1420 4041
669 1968 3107
2830 3194 4221
1336 1943 3967 4190
105 1663
470 1572
263 2484
303 605 2706 3511
943 2259 3674
3203 4095 4207
1356 1436 3193 3907 4075
2194 3363 4185
3066 4213
3696 3873
993 2301 2820 3841 4200
2315 3978 4173
273 1709 1913
1377 2413 2628
1930 3481
1890 2008 2180 4054
1321 1645 1806
605 794
315 1707
2502 2563
1553 3167
98 3114 3164
677 4095 4206
1664 1924 2293
17 2893
1309 3218
661 1911 2202
666 1727 3755
1267 1718 3673
1701 2824
2015 3452
503 1062 3635
1714 3679
47 215 701 3660
1389 4163
324 2705 4178
584 1041 1411 3345 3690 4100
405 854 2373 3683
376 2016
986 2080 3627
408 592 3790 3800
1709 3118
577 826 2124 2409
3087 3629
3879 4058
2699 4160
1558 2326 4360
1143 3148
1207 2284 2389 2417
185 778
2137 3228
729 1093 2399 3195
1095 1492 1716
891 1893 2370
1919 3784 4000
869 1635 2184 2989
771 3627
2575 2838
265 343 2799 2893
262 2179 2343
259 1656 2152 4283
1136 2241 2778 3202 4311
581 3839
841 2469
3310 4376
927 2486
2368 3707 4071
594 2944 3834
669 1643
1138 1455
2670 3110
278 3977
1617 1897 3839
1061 1674
983 2256 4138 4388
336 2524
897 1888 3070 4127
335 2207 2308
436 837 1455 2256 2401 2895
1509 2566 2810 3317 4218 4323
1046 1165 1410
127 3615
942 1779 2184
416 4162
5 1303
788 995
3111 3370
1718 3561 4135
837 896 2044 3951
138 2999 3057
617 1823 2136 2303 2497
3138 3348 3939 4126
589 996 1071
625 1584
2252 3600
684 1324 1522
70 3207
417 988 2252
1258 2323
66 2145 3998
214 547 3913
296 745
163 656 2939 3175 4183 4280
12 1232 1754 3501
2109 2319 2635 3321
2312 2874
3277 3795 3829
2101 2117 2373
34 146 218 338
1059 2315
477 1153
239 1681 3572 4262
1148 1308 2777
1645 1729 2227
1683 2560 4014
1294 1515 1547 2709
94 2450 3763 3987
625 811 2197 2881 3629
438 1140
933 1350
2074 2917 3110
2145 2261 2514 3264 3647 3751
263 4291
350 853 2684 2884
2125 3502 4284 4359
1721 2348
1429 2994
1603 4211
939 1052 1110 2731 3643 4314
179 1011 1528 2706
2265 3661
181 4287
291 411 2700 4350
80 1188 1713 3408 3431
3601 4322
870 1246 1669 3466 3704
68 3648
532 3863
25 1581 1995 2587 3901
171 2365 3851 3907
1670 2878
2175 2230
510 3242 3504 4110 4250 4403
162 2060 2928
256 2558 3973 4033 4292
1123 3523
949 2100 3863
1290 1642
1740 2797
61 2260
2097 2357 4017 4371
581 4365
47 2800 3438
442 3962
649 1490 1600 3729
495 1214 2994 3712 4358
1834 2365
85 1306 1852 2128
2072 2384 2655
40 1506 2362 3076
948 964 1431 1852 2981
594 1098 2335 3007
2335 2846 3164 3899
1988 2746
790 3621
2927 3036 3643
2428 2434
3064 3077 4188
227 648 3108
1295 2791
180 647 4076
2669 3458
675 1593
51 1938 2351 2667 3521
1003 1691 1797 3354 4150
1394 2159
1043 1693 1907 2830
99 1003 2670
142 1498 2122 3621
190 2561 2580 3730
893 1766
278 1826 2691 3337 4108
3675 4015 4372
1755 3285
29 859 4297
930 2571
502 1104 3389
524 780 1077 1192 2189 3298 3305
936 3734
62 2880
919 2969
2302 3801 4144
267 512 805
48 1377 1651 3960
2104 2906
3321 3545 4377
1576 3485
439 2028
861 4154
3455 3656 4054
2441 2716 2927
762 767 986
359 4371
642 2201
201 871 4300
1548 3069
3490 4419
899 2424 3576 3988
40 1426 3968
396 728 3279
1871 3678 3774 4032
1372 3253
1332 2580 2587
1392 1588
2867 3766
1863 3448
379 685 1620 2370 3461
608 2145
3185 3901
703 838 3102 4331
2209 2676 4045
1340 2386 3441
3315 3787
1104 3221 4229 4299
963 1145
145 1824 2909 3252 4021
680 2347 3627 3695
393 2155 2838 3863
1920 2051 2638 2645 3496 3672
237 643 1899 3481 3581
282 3974
2157 2876
2125 2215 3328
861 3105
29 663 4416
1032 2163 2610 3728
735 2216 3917 4078 4086
677 904 1768 3669 3891
834 3207
388 2368
3216 3741
100 2819
3088 3450 3619
1897 3360
1817 2628 3427
465 3313
1856 2760 4305
79 161 1009 2192 2855 4306
395 506 3550
3591 4269
761 1100 2706 2864 3011
937 3763 3906
3555 4277
1662 1841 2232 3108
1766 2173
2248 4127 4143
1194 2782
181 680 2471 2588
1225 1947 3035 3922
879 2693
970 1948
63 267 1269 1481 2116 4002 4162
369 2005 4251
3111 3978
4377 4419
279 1174 3609
206 1090 2203
424 2865
3353 3581 3910
2138 3133 3645 4183
1633 1827 2906
765 2859 3725 3942
393 3019
1819 4394
1592 2291
320 4042
1394 3296 4289
413 1553 2006 2948 3521 4370
1252 1342 2378
252 1573
3188 3781
804 1315
976 3725 3960
148 1776 2153 2421 3725
1641 3872 3956
1405 1708 2323 2659 3316
811 1229 2975
336 1123 1673 3100 4103
1779 3490 3589
1403 2706 3266
1009 1215 3843
94 193
2663 2777
1247 1492 4222 4304
353 2148 3306
3566 4284
467 686 934 1602 3920 3936
223 460 1491 1601 2714
834 3203 3522 3987
1482 4128 4208
2307 4186
126 705 1770 2994
428 766 1572 1591
51 909 2668 3260
678 2084 4005 4216
374 803
832 1291 3782 4399
1710 2913 3808
199 1304
1049 2173 4297
157 845 2669
1410 1447 2254 2736 3016 4153
221 2624 3053 3814 4301
2757 3909
753 3474 3901
771 1594 1993 3115 3783
184 448
1263 2531 3254 3683
202 2245
689 803 1775
183 2302
2397 3050
315 328 1020 2414 2954
1332 2813
706 2897 3689 3691
1623 1670 3745
875 1755 3818
726 957 2411
1302 1329 2109
2473 3264
871 3921
1791 2977 3307 4003 4118 4244
1964 2338
186 348 1483
3291 3514
1603 1629 4175
25 149 288 717 4155
92 751 1188 2385 3234
723 2817
930 959
880 949 2246 3682
124 246
537 649 995
246 2766 2847
2098 2141 2817
137 1425 3741
271 1264 2102 3015
1972 3365
40 2686
97 1351 2770
113 2754 3230
2751 4208
1101 3086 4035 4193
569 1287 1938 3535
900 1551 1825 3058
3514 4368
43 537 1747 2822 3717
35 717 1244 1580 3690
1806 2169
23 780 2163 3848
1483 1979 2203
1663 2927 4168
920 1745 2314 3334
280 409 2345 3278 3419 3536 4093
3103 4401
41 1332
2813 3621 3660
809 1986 2822
674 2231 2383 3729
798 1461
572 3285 3982
1725 3256
544 2320 2821 4071
1289 3744
2395 3345 3699
3283 3694
859 2794 3371
597 1176 2962 3013 3699
1303 2401
18 693 1758 3322
388 2180 2517 3783
1405 1709 3221
308 2372 2607
585 1683
445 1038 3412
1159 1570 2580
2051 2086
2484 2932
231 1189 2059 3802
300 3374 3641 4243 4320
1665 1715
2065 2639
2752 3229
380 2570 3540
1048 1620
1854 3714 3857 4004
149 4153
1171 1361 3913
1337 1359 1696
14 253
1069 3561 3789 4156
1673 3583
1840 2420
850 1835 2447 3079
1532 2217
796 3477
1236 3251 3711
315 531 4359
3102 3229
819 1418 3515 3646
2719 2735 3506
2876 3713
1410 3715 3739 3779
2101 2893 3761
3577 4151
3689 3856
1845 2397
1934 2764 3991
763 1292 1811 2056
907 2308 2929
1485 3206 4307
1797 2292 3584
2172 3392 4088
1246 1273 3249
205 1459 1768 3036
367 3727 4092
980 1766 2243 3392 3436
2953 3451
1631 2529
300 810
1668 3877 3881
249 3113 3414 3511 3802
26 703
315 3780 4236
550 637 1154 2355 2528 2619 3839
2098 3099 3763
320 1130 1349
852 3367 3480 3504
1373 2603
3148 3228
760 1635 3687 3932
2017 2532 3858
2729 3290
2210 4018
555 1126
633 816
1549 3625 3948
3732 4074
1601 2887 3450
388 839 1169 1808 3388 4233
129 835 981 2665 3352
609 671 736 979 1550 1754 3313
484 2253 2589
1021 3120
1279 2989
943 1034 1808 3191
3589 3781 4014
3438 3939
3322 3952
1360 2941
700 1074 3615 3818
60 1002 2784
3307 3420 4323 4345
569 1606 1931 3121
1176 4369
1101 1470 2704 3506
377 1128 2804
160 830 1158 4433
1153 1339 2911
972 2170 3816
1256 3048 3317 3900
776 1137 4206
2962 3078 3133
970 2626 2680
2093 2237 2842
73 2508 2799
1600 4191 4215
1292 3023 3816
918 2428 2972
530 2173 3303 3659
662 2001 2312 3396 4217
1439 2387
137 335 907 1682
465 3860
2286 2688 3965 4020
1984 2684 4027
752 3727
697 1514 3555 4059
1419 3543
844 2254
1437 2992
921 2707
308 1129 1316 3045 3560 3925
287 2268
366 1311 2794
1447 2009
988 2053 3315
554 587
1475 2677
1587 1746 2230 2783 4018
763 766 826 4122
608 1286 2933 3073 3903 4350
166 1121 1952
906 3996
21 810 1619 1926 3299
287 3815 4159
1665 3538
2414 2527 2826 4247
350 3229
510 3439
1435 2142 3750
183 1242 2625 3781
1018 2147 3744
1307 1477 3940
1738 3915 4399
418 3275
317 2123 2649 3115
98 1989
153 643 1234
2969 3892 4384
937 1298
544 2347
60 3434
434 2304 2707 3125
3528 3749
305 1139 2044
891 1283
297 1167 3719
305 1221 1425 2319 2880 4247
381 964 3136 4006
2557 2769
1086 2226
54 1421 2331 4436
3048 3225
784 939 2056 2866
1564 3259
3415 4119
2766 3237
474 1967
2434 4282 4292
1080 1502 3299
576 925 1925
324 928
1705 3291 3606
188 677
668 1112 1752 1929 2158 3327
3666 3971
1519 1624 3357 4164
169 3770 4047
1511 3558 4105
641 2350 2569 3595 3923
2168 2467 4373
365 608
1283 2645 3545
2287 2335 4285
601 2482 3487 3620
1405 1509
2597 2665
589 1046
483 742 1142
1080 2548 3192
781 3444
2221 2409 2410 3390 3986
1115 2613 4114
247 1257
1484 2488 3711 4267
3768 3866
3603 3779
1513 3604
2017 2705
24 1520 1968 2677
3621 4405
422 2580
1228 3145
1373 2628
43 102 2254
721 2693 3450 3952
443 2479 3202
104 1198 3155 3852
1994 2115 4251
510 2354 2369 3375 4019 4275
1447 2626 2976
2035 2380 2381 3047
805 3398
2015 3918 4244
550 849 1193
499 902
129 549 2834
2920 3055 3561
313 1427 3315
337 3353 4243
98 520 2854
1909 1918
2475 2923 4424
707 4170
873 2763 2804 3016 4062 4196
1160 4221
277 1394
1279 2657 3300 3865
678 3585
1754 2671
269 1248 1547 3283
1486 3235
4 810 1619 3526 3858
2467 2664
169 455 1195 2217 3496 3687
2068 4023 4201
1617 2206
593 1077 4277 4381
1995 3946
98 3229
509 1394 1733
728 1297 3559 4133
2085 2419 3813
825 1945
2098 2808 3086 3400
242 787 814 1431 1906 2141 2980 3596
344 1062 4223
462 3319
1378 2770 3543
427 3977
183 2552
1905 2116 2889
1212 2669 2973
922 1078 1556 2586
513 1625 2840
279 653 2658 3851 3891 4105
633 3353
108 1001 4377
4030 4391
518 2748 3632
163 2588 2764 3760
2061 2541 2933 3469 4156
1647 2025
390 444 1164 1352
277 2340 2663
1629 3479
581 1716 3173
75 1411 3584 4257 4273
1897 2084 3152 3202
787 4068
997 4017
141 429 1170 1896 3853
173 1251 1861 3509
3329 4364
1780 1865 3441 3585 3627 4425
361 817
853 1414
1379 4412
541 2837
2548 3338 3803
382 2315
2347 2690
386 735
810 1370 1501
1029 3431
984 3726
448 2210 3078
87 1554
1143 2396 3523
894 1713 3461 3515
1299 3446 4401
2854 2950
439 931
475 2479 2994 4183
2176 3446
1686 2192 3229
584 1362 2432 3065
1081 1102 2806
1768 2315 2382 3730
709 1091 3433
2436 3863
1420 1896
384 2089 3031
791 2440 2564
843 1459
656 3969
1887 2803 3031 3867
869 1758 1790 3459
2050 3898 3939
136 1696 1906 2603 4287
3704 3800
119 3870
461 524
750 1467 2973 3471 4222
885 2160 2175
2467 3266
3057 3851
296 545 4332
15 2850 3577 3698
877 1878 3773
381 1511 3461
781 1459 1689 3863 3921
2497 3008 3325 3921
1961 2861 3436 4266
482 614
896 1000 1311 4065
666 1476 2047 2186 3414
31 158 4317 4344
428 2425 2456
2412 3342
1675 1916 2282 2672 3052 3744 4183
179 2895
142 1753
862 2613
2416 2809
546 1660 1840 2646 3068 3439
349 1250 1997 3252
778 1110 2818 4000 4192
1137 2882
1873 3106
187 1402 1484 4427
461 3465
355 796
3764 3766
2099 2341 2414 3089
621 1227 1963 2543 2615
816 872 1734 2138 2372 2563 2811 3138 3885
282 909 1927 2441 3575 3808
2569 3141 4159
204 553
719 1253
3464 4066
2701 2943 3642
350 403 2707
316 1620 2987
789 2395 2768 2975 3216 3432
271 866 1355 1892 2755 4298
107 853 2508 4155
1505 2118 2885 4323
1152 2586 2876 3745 3939
592 1075 1790 2616
1100 3893
69 226 1300 1881 2533 3897
1555 2498 2602
578 1740
1258 1854 3077
580 1184 3207
919 2310 3244
1253 2478
151 684 973 1160
1544 2992 3609
930 1706 3388 3675
3460 3884
701 1805
1185 1714 4127
2291 3255
1446 3559
183 2065 2134 3036
638 765 838 1683 2299
2452 2618
713 1825
1028 1761 2026
925 4281
2404 3751
3313 3539
923 3734
1526 2187
917 3403
1689 2528 3159 3421 4179 4316
1268 3131
2598 4104
773 3230 4244
91 1462 4428
2034 2397 2953
1260 4183
318 2767 3560
212 2011 2318
1962 2237 3448 4352
916 1581 1612 2168
2194 4267
1332 1614
722 2094 2773 2885
986 3746 4158
773 3163 4063
1209 1847
240 3879
1558 3711 4039
648 2652
568 3535
1272 2044 4310
2875 3565 4080
1725 4208
717 1066 1753
2285 2592 4216
1027 1891 2516 3925
405 3949
649 1934
239 562
855 1560 1822 4207
4157 4298
47 1142 1875 3986
909 1943 4208
791 3420
511 2767 3193 3839
2086 3368
2541 3875 4117
32 1718 3992
444 3471 4411
205 1784
374 2766 3290
1813 1819
1204 1917 2108 2788
1097 1607 2321 2902 3539
1987 3697 4045
2290 2752 3069 3247 3911
1398 1751 1861 2814 2824 2900
320 1093
890 2457 2493 2969 3049
231 3415 3498 3631
1574 2402 4283
3 1047 1901 2094 2290 2376
833 4166
928 3067 3531 4232
2069 2750 2969 3605
177 916
2156 2812 3850
2736 2757 3651 3936
278 3838
627 727 927 2052 3278
2261 3095
318 340 1837
626 822 1980 2353
1253 1880
683 3435
90 1767 3119 3679 3837
1144 2832 3207
1012 1948 2427
520 2660 3670
3496 3696
140 2675
1558 1999 3457
608 4415
287 2941
28 3442 4152
476 2125 3984
2165 2349 4039
1095 2153 3236
2780 3203
649 721 3516 3773
957 1667 2818
3331 3387
897 1021 1113 1325
3556 4056
603 2507 3324
298 1304 2517 3681 4003
245 413
1440 1889
51 91 401 2125 3140
555 641 3852
535 3144
369 1509
1867 3605
2057 2326 3770
31 698 2504 3444
4103 4331
161 3632
1707 3199 4356
414 869 1672 3415
828 3480
2193 3461 4158
915 3450
2756 3380 3553
1042 1431 4233
385 1301
1020 2619
520 1804 3607 4035
270 588 1855
580 783 3359
2338 2797 4114 4377
2061 3493 3981
901 1071 1768 2615
15 271 1737 3221
370 1876
1168 3976
1493 2922 3360 4249 4362
677 1273 1326 4295
1895 2003 3127 3229
869 1578
602 3204 4215
1626 2942 4292
3339 4081
1638 2659
964 1860 2007 3090
2024 4281
535 3796
352 854
68 441 3556
2397 3186 3927
977 3050 3272 3455
1177 3980 4315
2782 3010 3121 3595 4391
2476 4207
365 753 2964 3546
1265 3047
2547 4165 4373
921 1915 3477
1480 3654 4388
1358 1952
1913 3006
1562 1736
316 774
563 2341 2483
340 3071
1511 4131
359 3355
1605 2277 2751 2827 3215 3328 3775
1555 3098
1698 4398
1916 3209 3670
1073 1886
645 1679 2793
2843 3968 4404
511 627 1577 2264 2480 2962
1706 2403
1356 1793
722 4007
865 2132
1939 2912 3349 3988
1547 2526 2704 2971
292 370
107 1637 3257
421 3332
1681 2958
2603 3429 4162
2432 3558 3837
917 2009
2402 2930 3224
2346 2698
87 3798
535 1263
709 1090 1699 3542
377 3253
905 2640
296 826 2210 2263 2398 3113 3495 4269
107 206 1548 2144 2614
2372 2672 3922
727 1080 3214
90 2345 4135
1502 2176 4254
3300 3807 3953
1022 2461
917 3506 3923
3536 4297
216 3917
432 4239
1215 2723
1696 2875
381 2960
2524 3089
304 817 3199 4032
489 2960 3674 3689
664 1227 1594 2046 3508
1178 2051 3751
86 508 771
583 2649 3070
3150 3472
690 2546
898 1971 3768
277 3199
2066 4054 4419
2654 3471
583 731 2294 2417 3062 3804
968 2560
15 2844
814 1552 3478
189 1093 1147 3387 3768
1904 2018 3995 4279
1515 2840
992 1582 1650
68 1872 2985 3401 4050
887 2709
1546 2253
90 849 1032 2511
343 2402 2756
1245 2115
2244 2430 3596 3995
439 1438 1694 3074
778 2727 4163
2140 2718 3898 3966
1458 1623 2199 3992
1301 1449
159 2766 3008
783 1229 1471 2330 2477 2558
945 2113 2785
3128 4058
3451 4430
450 1984 4071
4 685 2143
1262 1738
1049 2099 2120
704 1199
305 2112 2947
400 430 1685 2432 2691
1096 1414 3483
1586 2744 3996
352 2592
50 1640
1241 1633 2069 2651 3158
545 866 1547 2129
219 2123 4017
389 784 1186 1463 2907
350 1558 2550 2905 3911
930 2841 3901
90 4286
70 1097 3307
331 3852
441 887 1226 1563 3326
1789 3364
308 373
1890 3717
2404 2881
304 1370
71 255 3172
3683 4275
2113 2141 2478
641 2065
4341 4403
1170 2398 3675
163 1622 1809 4286
167 239 598 1549
2001 2260
527 2865
131 2584
170 2360
840 2183
612 2386 2589 3575
475 706 2364 2430 3047
575 3484 4186
1548 2245
190 194 368
775 914 1230 2290 3043
694 2883 3462 3543
1637 4376
1224 2308
2883 4047
3511 4102
1232 1381 1979 2592 2864 2944
2341 2965
1613 3539
495 1640 2605
103 1345 2471 4322
3315 3878
590 3010 3202 4183
262 586 1817 3721
811 1274 2290
2524 3495
1078 1214 1852
1094 1102
1750 3858 4007
3776 4037
3228 3936
569 1959 2113 4310
2267 3805
500 2958 3076
1733 3113
366 814 4172
1094 2917
1004 1034 2051 2257 2501 2520 2800
1449 4222
809 2583 2767 3083 3603
3244 3609
285 1891
1862 1961 2019
418 3279
459 3455 3811
1272 1552
576 920 3939 4114
640 2154 3814
832 2199 2878 3241 3710
361 2829
487 539 1605 3887 3948
160 872 1654 1662 3395
1803 2045 3180
2079 3656
336 2946
444 2550 2951 3227 4263
190 458 1643 2152 4135
747 3904 4279
254 2048 2953
414 1363
1429 1769 2231 4082
1060 2455
1984 1994 2024 2333
692 860 2406 2773 3712 3898 4350
1127 3164
522 633 1739 3208 4153
715 2034 3976 4178
2297 3228
24 570 2610
455 2750
403 601 1078
1071 1198 1951
269 1666 2793 3170
227 378 4167
1253 3483
1321 4015 4185
538 2874 3636
227 491 668
1207 2622
340 1297 3205
400 1741 2984 4022 4109
1992 2242 2777 4278
161 1550 2088 3082
151 2652 2862 3633
226 4158 4382
256 2716 3128 4046
1669 2854 4284
3418 3647
1635 3489 3980
180 1033 3067
3696 3727
274 3873
200 820 1203
738 1383
140 1778 3961
2530 3916
1248 1975 2312 2716 3295
1576 2340
136 1844 2450 3380
82 2616 2947 3030 4083
2189 3498
876 1387 3736 4083
155 1406 3491
1284 3631
1112 1983 2473
3323 4341
693 860
515 1464
962 3671 4061
2979 3151 3540 4225
1787 3125
488 3689 3881
963 1152 1186 2176 2400
1470 2793 4347
546 834 2409 3042
1797 3744
940 2286 2735 2961 4329
74 3236
73 2778
238 323 1761 2985
2642 4233
815 880 1497 3789 3968 4024 4294
3124 4144
2596 4230
37 197 707 1611 3430 3819
49 3661 4370
1751 3756
778 2252 3094 3589
58 4104
200 1349 1662 2230 2305
755 783 2953 3529 3770
1752 3461 3772
400 549
2969 4174
267 289 3094 3981 4182
126 381 3368 3614 3760
2700 2819
339 2006
2374 4337
1747 2332 3694 4089
2340 2577 3315
408 1959 1971
1518 2632 3527 4103
2022 3995 4003
40 808 986
849 1079 1111 1162
873 2620
2601 2774
1209 1681 2081 2369 3221 4102
1765 1892
577 808 982 2058 2665 2707 2870 3509
2009 2928 4068
776 2403 3826
21 64 210 246 1074 2578 2751 4047
893 928 2031
4060 4177
2588 2636
2690 3555
1761 1937 3906
1411 3837
2405 3748
535 630 3076
1235 4374
194 199 2561 2865
791 3801 4388
335 615 1815 2725
1674 2293
198 1167 1174 1747 2626 3937
472 1744
1997 4202
2549 3298 3749
467 592 728 1088 2483 3286
2541 2591
2086 2431
123 1159 2209
1213 1371
659 1015
1331 2493
3174 3920 4114
743 798 3265 4348
1532 2984
418 3908 4402
88 2771 2955
2833 3195
720 1780 1837
734 1565 2649
645 3979
573 2090 3678
1517 3436
25 3756
2727 3526 4373
195 3561
489 1905 2712
3971 4195
1200 1966 4094 4111 4432
1445 2690
258 265 540 676 4262
53 1223 1614 1652 2497 4182
395 587
303 3680 4279
209 1172 1997 4335
851 4285
553 4428
1717 2438
349 2667
603 1693 2056 4002
397 1074 1075
206 648 2094 2872
2853 4351
588 1929
407 2352
1229 1502 1581 3979 4051 4102
1112 1539 2295
679 2266 2965
710 1378 3547
761 1639
2765 3328
367 3635
1967 2301 4241
843 3282 3678
4 755 2872 4171 4392
320 467 849 1387 2726
59 2244 3029 4018
2700 3315
19 1362 1392
381 567 2329
706 1251 4081
386 1620 3624
168 423 2221
316 4393
1880 4108
310 467 1015 2778 3673 3715
634 4215
1814 2253
1650 4053
36 254 2396 3085
1522 2904 3400
43 177 457
717 1405
30 315 1727 2456
2926 3346
2296 3248
1921 2441 3188
1977 3308 3889
746 2534
507 948 2867 4284
1209 1479 2270 2638 2974 4018
962 1224 1721 3549 4006
1235 2617 2903 3189
123 191 1914 2244 2444 2750
157 317 2213 4295
2174 3809 4053 4381
585 2290 3103 3231
3267 4083
1140 2099 2553
1208 2576 3373
3303 3734
1159 3004 3032
1232 2591
41 1291 1629 2954
413 3027 3179
3869 4044 4363
326 3809
2758 3272 3397 4106
1361 1763 3329 3706
139 149 2318 4040
886 1998
1275 2193 3608 4375
934 1170 4385 4416
1845 4128 4298
1226 4385
1005 2137 3913
886 1007 2439 3360
957 3799
237 2636 2692
264 1423 2561
23 3832
1123 1537
686 2499
2080 2693 2747
189 3576 3670 3846
1189 2397
1800 2537 3900 4031
532 3180
206 2298 4260
74 1454 1840
3292 4381
721 1084 2787
2421 3217
1816 3488
405 528 864 894 2317 2608
42 408 655 1293
1661 2331 2758 3408
2846 3103 3271 3533
959 4079
1011 1892
493 2599
1155 2614
1410 1560 1809 3705
2022 4108 4225
377 862 957 2933 3617
805 1303 2859
2189 2370 3641 4207
1941 3653 4257
151 177 3009 4281
418 1510 3399
853 2635
1265 2946
220 541 2962
586 1841 2988 3898
1912 2669 3217
118 345 1989 3913
398 990 1904 2153
1123 3922
566 861 1531 3847 4286
221 1100 3190 3956
3241 4063 4298
1060 1798 1877 2838 3943 4348 4417
411 2620 3262
2521 3131 4132
505 4132
52 4151
3257 4272
2728 4267
2381 4141
4128 4183
1394 4206
1766 3141 3601 3653 4360
3035 4066
1373 2375 2608 3373 3792 3855
3048 3583
545 2731 2869 3179
322 1538 1764 1804 3551
571 2493 3129 4180
101 1740
1461 1567
637 2501 3131 4140
7 3748
1865 2047 2568
1095 1626 3588
164 4301
1408 2409 2813
1839 2415 2843
1521 2698 4277
1773 2669
1466 1597
874 1553 1580 2620 3194
823 1278
964 4074
790 2324
1018 3688
1744 2298
505 2601 4390
1262 1847 3804
33 1431
12 3675 4241
2244 3258
2817 3265
858 1025 3841 4016
651 715
913 3495
850 1296
3478 3825
440 1584 3149 3366
532 3804
365 3519
1638 2224
709 1605
724 2368
1415 2045 2886
12 79 273 1970
389 2644 4260
697 800
3232 4087
2593 3762
1457 1904 3666 3848
750 1004 1229 3104
517 1285 4186
112 802 2831
1113 1283 1316 2248
3292 3733
316 617
2425 2610 3209
587 3531
3100 4294
262 3823
2151 3149
1356 1660
203 716 3956
1367 1378 3718
352 1236
2499 2768 4236
734 2039
1006 1817 2541
356 840 2541 2826
960 1423 1551 2553 4187
3371 4385
345 2605 3426 3564
602 1388 3418 3461
212 3530
547 787 3103
1045 1691 1715 3917 4104
1904 2247 2444 3307
784 1236 4133
1902 4068
460 711 2015
2619 3596
2294 2622 4034 4391
2344 3147 4397
1048 2903
1551 2954 3980
2014 2285 4379
1896 2373
756 2976
1023 3965
2160 3680 3826 4182 4400
2006 3314
291 355 2573 2823 2916
137 865 1416 1429 3332 3843
73 1767 1839 2387
546 1158 4401
655 1413 2623 2862
864 2775 3424
2315 4053
512 657 1180 1313 4156 4434
1038 3326
425 3918
1965 4159
1104 1107 1406
1330 1757 4001
1148 3694
1486 3222
330 2202 2654
2845 2964 3946
1584 1675
2193 2712
852 1785
1493 1733
1294 1467
1313 3447
2189 4417
941 3202 4083
83 3214
195 491 2050
508 1689
2627 2778 4130
1222 2231 2777 4048
1830 4037
1219 1449 1619 2086
345 516 1524 3002 4341
793 1916 2271
130 441 1502 2620
1024 2181 2683
763 2694 3251
3525 4160
270 661 1222 3283 3842
758 1730 2226
1671 1825 1877
2204 3868
1335 4345
1053 2621 4256
774 1949 3910
1175 1542 2373 2500 3408
2507 2761
3159 3353
766 2069 2830
61 4322
167 373 2693
398 1957 4004
741 2700
1279 1311
324 2111
975 1382 2144 3089 3417 4384
2536 4371
1001 1841 2507 3213
3251 3409
762 2418 3272 3317
1763 1844
36 226 2717 3437 3718 3882
90 3840
612 2045 4060
3345 4066
557 670
772 3051
531 2828 3746
180 532 1164 4257
2460 2702 3523
1473 2138 2477 3843
50 841 1754 2194 4109
500 3271
2423 3653
1137 3195
382 2518 3962
1383 3947 4290
213 409 1063 2195
912 3766
223 1304 1524
2588 3026 3218
489 1070 2989
982 2247 2259 3391
40 364 2451 3121
105 2094 2224
619 719
2686 3089
1271 2893 3110
806 3609 3736
316 1704 2792
941 1532 2833 3782
2241 2750
2015 3765 4199
208 4094
786 1815 2990
1549 2582
2033 2048 4218
2795 4139
1190 3090
855 2551 3310 3833 4286
614 772
2987 4028
2596 3571 3936 3985
1400 3671
796 3009
1490 2228 2904
135 803 3911
14 701 1792 2856 2983
3136 3523
247 1976 3878
3844 4208
144 1529
332 422 1508 2205
2365 3655 4249
70 2000 3295
2150 2944 3182
1511 3973
72 705
77 628 2145 2166 3075
954 2957 4015
3846 3915
538 893 1499 1851 2229 2736
714 4177
293 1121 1315
1234 2141
1712 2258 3697 3873
2128 2800 2830 4029 4193
1470 4301 4383
283 1103 1409 3549 3944
1541 1884 2265
470 2761 3254 4053 4322
453 1713 1792
1083 3100
328 712 1126
213 1399 3298
363 697 3416 3799
767 1921 2266 3328 3650
2534 3638
787 1097 1756
1854 2930 3521
278 336 3851
2022 3532
1705 3720 4126
538 3321
1170 1372 1930
22 1120 4411
1011 1294 1762 2892 3304
590 2207
2101 2375
457 675 1424 1488 3130 3870
1187 1660 2013
1422 1690
799 2159 3617
454 2450
3625 3641 4098
608 3168 3305
703 1993 2036 2864
61 145 539 785
1356 3231 3246
1804 3737 3833
341 383 3600 4426
1514 1538 1562 1828 2702 3489
2186 2304 3188
1570 1755 1928
531 898 2100 2911 3415
280 414 901 1616 3354 4390
1667 4239
58 1104 3025
3075 3141 3350
986 1126 1169 2732 3081 4380
3715 3774
315 725 1857 2048 2547 2912 3013 3296
25 1178 2926 2999
741 3783 3945 4336
480 941 1971
1063 1555 2231 2773
1272 2158 4143
524 2241 3035 3387
3594 4379
636 2247 4389
2546 3227
193 395 442
806 902 1122
271 2320 3112
1377 3548
270 2166 2222 2670
131 724 1022 1028 1454 1771
3314 3469 3922 4018
1479 1913
922 2071 2303 2422
340 1387 1599 4277
298 451
184 643 3011
1352 1408
2018 2098 3466
1650 2444 3153
1098 2177
1924 3249 3904 4008
99 3656
1702 2328
230 306 3208 3962
159 2654
685 2349 3336
2318 4387
710 2594 4270
1159 3720
2997 3008 3411 4131
1974 2216 2562 2952 3361
372 1614 2157 3802
238 400 401 685 2016 3202
345 1476 1971 2614
127 1896 3951
1579 1833
2371 3725
362 1353 2272 3417
3758 4356
270 482
466 527 1010 2916
103 1053
1942 2567 4209
1537 2410 3146
1099 1482 3187
1281 2129 3631
1286 4000 4355
490 783 4007
706 1666 2832
4193 4367
1898 2304 2640
1704 4024
605 1738 2940
548 1030 1333
562 738 2357 2373
2015 3556
280 2275 3353
1984 2213 2519 3437 3571
329 1147 1387 1659 1904 3393
833 961 3378 3947 4355
1097 1856 3161
1375 2344 2824 3379
1475 3032
362 1595 2442
1176 3172
165 1724 4057
953 2837 3735
1964 2947
898 2077
97 3278
710 1329 3059
509 839 2594
657 860 1324
191 4122
293 4265
1179 1818 2978
1085 1574 4158
1414 2430
1974 4068
223 2471
1653 3128 3285
538 3483
948 1406 2873 3185
425 2348 3447
1941 2007 2300 2306
875 4049
84 2472 2653 4175
1298 1302 1921 3686
259 963
1369 2098
3411 4353
436 1789 3981
724 1424 1707
409 3217
1002 3178 3804
704 2129 4362
324 388 1411 2309
912 1696 3411
1240 4072
1695 2539
856 2068
1743 1958
1006 3355 3815 4194
1320 3076 4278 4349
1496 1520 1579 2548
2204 2753 3535 3801
1064 1339 1729 1873 2694 3578
2323 2618 3773
1025 3558
1123 3234
2573 3073
320 1035 3872
3098 3327
986 1331
968 1436
972 4177
2275 3207 4112
198 1049 1997 2003
2469 2849
262 317 757 1805 1867
179 433 1011 1157 4398
573 2189
1717 2239 4007
1107 2823 3096 3802 4215
149 1476 2783 2872 2986
300 901 1324 1871
698 1204 1308 2575
285 2954 3370
1978 2319 3865
2960 3933
992 3189 3965
241 1777 2447
1934 2530 3009
832 2217
524 1580 3292 3548 3611
2008 2771
872 3437
899 1484
2005 4225
1670 4228
1300 2214 2263
149 1420 1746 2068 2864
109 2898 3490 4221
314 1946 3521
1839 2140
2954 3265 3721
756 1329 4217
1915 2227 3102 3252
534 2806 3580 4240 4391
684 696 1725 2289 3441
2397 3131
1460 1508 2318
1767 3003 4367 4420
15 736 1634 3545
127 164 1554 2949 3004 4396
1234 1427 2420 3660
2606 2705 2780
130 1113 1268
996 3031
1694 2285 2691
406 496 3657
746 1710 3336
88 1112 2205 4155
1581 2146 2163 2312
981 2429 3653
200 224 790 2572
892 1682 2217 2743 2824 3093 3303 3500 3818 3831
564 572
337 812 1117
930 1232 1326 2808
1294 1323 3855
320 496 1561
1149 2407
1288 2707 3012
115 2125
1289 2573 4385
1248 2089 2323
236 2597 3067
433 3563
220 1626 2302 3711
47 2029 2315
401 495
52 355 2358 2659 3329
168 1652 2928 4315
914 1306 2146 2775 3722 4297
794 1601 2124
1954 1994 2882 4421
129 1208
405 3455
89 4310
2154 2319 3577 3781
347 4007 4292
541 1721 1995 3626
1348 3762
605 1042 1858 2873
1248 1808 2189 2792 3764
48 1629
833 1007 2317 2598
691 1620 3607 4384
2699 3601 4186
2220 3699
4064 4076
157 3608
2921 3814
504 3844
222 233 385 1051 2169 3877
596 1235 1857 2474
456 3228 3640
1095 3807
2108 2294 3662
48 2833
1286 3725
1778 3532
805 812 875 1892 2432 3648
1282 1600 1605 3547
292 807 901 1079 2190 3620 4159
2538 3340
1563 2930
2061 4228
137 2718 3563 4239
2041 3986
1736 2708 3647 4302
467 2319 2631 3025 3643 4133
475 690 2713 2746 3311 4268
333 389 1918 2264 3520
306 1165 1278 1458
399 1127 1159 1606 2434
565 3157
1006 1850 3222 3547
46 3210 4178
3065 3399
1251 1674 3665
819 1282 1408 2076
353 485 1671 3377 3585 3798 3870
2497 3253
672 763 2727 2944 3241 3473
1488 1784 3286 4399
2050 3216 3273
691 1953 3971
502 1263 3003
235 1402 1977 3352
1350 1652 1988
791 871 2520 3065
854 1322
14 3946
2756 3589
377 667 1964
1092 1425 1711
2680 2759 2896
1743 2368 3290 3307 4412
2157 3125
2838 2906
612 857 1137 1482 4230
1067 1153 2027 2406
359 672 1132
1131 2450 2780 4117
2094 2582
307 2105 2986 3563
1107 1517 1640 1721 2718 3861
1723 2083 2414
236 782 2894
4 1335 2569
2034 3908
938 4262
345 1751 1902 2005 2296
2508 4111 4347 4379
780 2807 4045
568 3021
3733 3811
449 457 1625 2889
368 3210
265 2091 2571
132 931 3060 3204
1016 2438 3935 4344
1207 1521 2543
2144 3170 3256
158 919 1075 4225
2485 3707
1299 1707 4003 4354
1625 3203
459 999 3299 3867 3990
1368 2522
944 1137 1899 2196 2527 2610
3945 4147
373 517 642 2280 2593
1445 3220
1151 1936 2115 3029
992 3048
307 1620 4008
180 418 1449 3594
71 181
83 427 1363 3032
464 1489 1721 3472 4162
52 485 998
994 1652 2495 2599 2922 3348 3814
902 1579 2605 2974 3168 3992
57 1174 4055
99 478 1432 1845 2422 3248
837 1456 1602 1746 3117 3340 4427
213 629
992 1845 3659 3958
1364 1565 4019
288 1102 3345
144 706 2147 2771
67 354 2574 3775
290 1234 3414
2013 3062 3120
833 3079
872 2892 3874
189 3045 3766
480 3933
1856 2891 3897
59 4052
2266 2831 4197
3607 3776
1901 3555
2992 3412
3500 4301
649 2479 3717
2327 2834 4049
224 826 859
396 469 1703 1755 4120
748 1662 2637 3353
2040 3816
132 3533
810 3313 4394
879 2692 4354
340 1408 3683 4401
116 2571 4329
926 2725 2769 3407 3596
22 1327 1824 1867 1910 1992 2055 2817 3772
3222 3357 3675 3852 4403
1768 2851 3751
815 2594
1311 2284 3580
3412 3554
67 1051 2239 3529
1514 3687 4334
222 1184 1742 2639 3131 3555
333 3447
290 1571 3310
885 2826 3847
485 1693 1806 1824 2557
509 1994 2301 4326
1627 2246 3501 3579
388 4428
1291 2330 2760 2933 3694
2296 2548 2726 4333
2192 2520
2160 3350 4427
763 1995 3076
2012 4175
586 785 1860 1993 3126 3966
4057 4407
1066 1813 3075 3252
217 1380
560 1483
16 100 1326 2020 3960
461 2115 4428
590 2088
99 1421 3932
2951 3532 3771
2042 4036 4379
3799 4313
1378 2912
1459 3213
1523 3442
3570 3583
2333 2933
3309 3487
715 2202 2400 2670 3054
1954 3186
1521 1806
837 887 2187
1285 2033
215 4172
58 3936
741 934 3613
674 1137 3022
148 476 1893
71 1894
2831 3934
1324 1790 1948 2363
405 1820 2507
282 1264 2218 3465 3983 4179
1799 2498 3087
1075 1336 1816 2764 4351
382 481 2304 3720 4222
1268 3684
2920 3894 4029
49 192 4017
602 2854 3589
2169 3273 3543
4 186 1563 2310 2578 3587 3939 4043
3394 4299
1496 2430 3125 3193
2045 2693 3329 3504 4269
976 2154
3252 3481
1013 2148 2873 4074
394 952 2507 2915 4406
1351 3432
257 2187 2218 3707 4349
483 3657
1551 2750
2986 3479
121 3070
957 2175
3077 3221
2333 2504 2671
472 920 2811
1260 3864
136 4170
78 935 2693 3597
485 2156
804 866 931 1122
644 1031 1897 2495
539 611 1489 2361
2033 2500 3497
31 2037 2511
1549 4286
108 1481 4216 4305
773 3116 3360
414 3296
335 654 705
857 2625
1255 2820 3087 4341
212 1662 3015
1557 3055 4080
417 1473
2526 2531 2769 3616
551 1935 4124
1659 3272
1908 2631 3496 3924
150 343 474 4169
2773 4418
1284 1865 1905 2363 3625
1580 1846
1969 2407 3780 4427
180 3132 3264 3431
662 666 1875 2309 3536
4037 4331
1369 3392 4262
566 1709
142 3262
2064 2300 3459
914 2313 2476 2638 2906
2029 2062
1779 3898
259 1732 3581 3626
2748 2770
483 2579 4134
821 2766
1323 3202 3761
2270 2483 3726 4105
285 442 521 709 1926 3632
108 707
1194 3111 3368
3458 3501
588 3327
565 2176 3164 3602
1780 2624 4175
480 1377
2842 3979
182 445 3297
223 710 1006 1932 2443 3708 4088 4164
2443 3660 4393
828 1147 1687 2165 3889
207 1416 1458
2170 2900 2928 3686 4180
1359 3287 4297
1374 2656 3304
148 1876 1913
2665 3693
1123 2475
1341 2278 4192
2918 4376
610 3948
113 391 1666
212 2277
1108 1590
3559 3744
1810 2417 2684 4173
442 3824
1730 3245
659 2313 2563 2608
820 889 1510 2540
46 3637 3833
604 708 951 3265 4031
117 207 913 1268
325 390 1395
888 2474 2835 3827
2046 3529
576 2431 3845 3875
2502 3439
395 1208
388 1186 2596
421 858
1641 1954 2543 3106 3815
955 1443 1939 2441 3665 3743
1071 2370
351 2494 2498 3503 3727
20 843 917 3904 4186
2851 4019
2457 3047
287 795 1426 2631
278 1286 2234 2260 3477
405 3653 3822
362 2445 2474 3030 3042
1650 2947 3379 3606 3767 4110
1037 1475
1970 2543
3057 4300
53 1849 3031
1645 2211
1902 3437
550 1882 4285
4246 4249
174 349 2662
169 1209 1780 3155
488 4330
287 801 3079
185 1218 1647 2362
1077 1659
1429 1791 2588 3628 3842
160 598 1294 2153 2215 3002
1273 4344
762 1273
1477 3652
301 986
1090 2822 2903 3411 3509
419 665
1931 3648
695 1596 3886
2249 3949
3134 4200
32 846 3187
210 451 3274 4236
1654 4020
2613 2827 3313
711 2683 3878
21 1811 2079
827 3740
105 897 3134 4283
2667 3524
358 520 1506 2825 3184
1122 1411 3517
304 3250 3674
686 1689 2182 2418
1799 2828
34 1236 1532 2276 3615
717 1794
365 1975 3180
2007 2529
3982 4095
1117 4225
568 1888 2238 2840
113 844
1309 3002 3353 3639
368 1332 2129 2147 4301
601 4213
1465 1632 2033 3424
368 487 1303 2295
1381 2353
2400 3564 3943
3417 4372
1159 2118
1103 1999 3537
3437 3781
1048 1639 1988
3473 4093
99 124
190 761 1619 2673 4160
126 538 1851
2398 3418
531 2777 3329
1025 2550 2851 3516
1288 2471 2954 3920 4349
804 1468 3025 3605
1471 3254 4261
299 435 1264 1723 2091 2735
550 3342 3998
396 2883
706 2032 4022
1941 2209 3169
301 3343
773 1612 3278
1064 2398 2473 3616
230 1409
263 1649
1294 3968
26 383 1837 2070
254 1931 2578 3352
590 1331
2148 3345 3771
1643 3224 3936
384 2151 2430
1657 1977 2152 2296 2715
42 204 290 473 1765 2034 4137
1662 2277 2477 3535
1901 4191
1788 1813 3977
474 2159
720 896 2226
834 1974 2502 3881 3941
1823 1901 3073
725 1221 1377 2975 3263 4209 4325
1174 3144 3812
719 1082
855 2854 3210
2122 3488
229 364 2321 3566
1334 3834 4305
2477 3456
304 2761 2821
361 615
377 1160 1205
2995 3726 4255
1761 3985 4097 4427
2709 3353
264 4004 4051
113 194 571 622 1393 2927 3133
1398 1741 2831 3558
42 2109 2600 2719
572 3024 3989
963 1656 3465 4297
36 620 2563 3953
682 1561
1444 2038 2150 2570 3038 3070 4147
3706 4314
618 734 3496
2729 4282
370 3224
2483 2539 3490 4332 4390
701 878 1856 2000 2130
1814 3625
105 690
129 1461 2624 3265
1476 3435 3588
384 921
1177 3815
2846 3838
335 1279 1767 1852 2025 2644 4088
1413 1446
342 828 1344 2481
2642 2891
3096 3476 3759
1134 3764
955 965 2385
1197 3807 3850
1221 2140 3015
1185 2917
1152 2399
1742 3237
1841 4091
2295 2505 2931
902 1638 2525
1869 2374 2937 3825
1110 1128 3065
992 2204 3263 3725
509 1966 2911 3450
2282 2402
2229 3183 4128
534 1148 1570 4390
433 2398
378 3876 4369
900 2571
2597 3325 3346 3624
520 2810 3103
1657 2298 2820 3880 4116
914 2551 3263 4277
185 2757
227 1379 3548 3956
354 3452 3489 3746 4047
1138 2073
2208 3551 4397
1616 2849
2282 2598 3714 4241
656 931
814 990 1025 3137 3255 4074
1195 2596 3653 3977
1584 1678 1867 2266
746 1116 1650 2049 2685 3276 3479 4173 4299
247 1105 2428
1660 2516
1659 3253
158 537 4135
1155 1927 2459
895 2729 2887 3294
161 534 2642
831 1496 2781
960 2570 2793 4320
2091 2872 4162
668 3217 3772
769 3108 3207
2515 3236 3539
499 997 1139 3998
508 605
1519 2787 3630
534 1525 2170 2705 2895
1934 1971 4107
694 2814
809 3059
230 949
876 924 1467 1545 1567 1820 1876 3149
199 804
864 1117 3562 4299
2782 3504 3801
411 2762
765 2592 2974 4063
1160 2607 4185
579 801 1086 1276 2476 3832
1131 1379 3009
2404 3498
2473 2807 3905
50 569 1425 2226 2829 2992 3035
974 2066
709 871 1962 3429
1105 1851 1976
220 2853 2932 3053
925 983 1040 4012
226 818
37 377 2212
1677 3391
805 2843 4412
32 2247
632 1401 3305 3746
1102 3426
4028 4223
301 4385
208 282 1924 3224 3711
743 3131 3631
1135 2355 4153 4416
1402 1515 1643 1724
31 1605
1111 4227
1429 1596 4181
2408 2737 4319
1613 2522 2855
108 2201 2716
3129 3219 3424
49 363 2141 3909
2210 4035
1293 3148
1406 2024
808 1921 1984 2191 2402
616 2277 3197
1 2082 4170
277 4315
866 1530 2525 4359
3342 4370
2820 3103 3955
1286 2593
2554 3193 3284
88 618 1374 1776 2515 3446 4246
763 1813 2106 3706
283 1183 1551
2457 2641
136 1165 1560 2905
2631 2712 2893 4190
157 1172
1007 3379 4131
756 924
3818 3981
592 1165 1517 2089 3336 3381
1511 2181
1426 2259 3533
970 3023 3192
686 2744
1263 3157
297 715 1435 4290
1246 3749
3350 3694
1629 4341
4049 4211
1454 4420
2516 2802
207 4213
3039 3767 4412
438 4226
510 1541
745 1201
3304 3956 4269
845 2771
1364 1584 1887
3 4001
651 1581 1589 2390
3330 4075
488 1517 1616 2433
1272 1323 1393 1664 3683
1650 2531
3352 3483
2251 2293 3178
1548 1600 2205 3750 4025 4143
1781 2226 2493 3460
1412 3708 4265
308 1103 3552
3311 3379
59 1711 2587
857 996 1262 2624 4378
661 1419 2289 2465
2001 2697 4375
1225 3861
543 1565
562 2212 2432 3703
306 2555 3153 3276
165 300 707 2052 3556 4322
401 2584 3159
347 3574
1376 1821 2184 2506 2787
468 2580
721 1765 3557
331 3773 4059
2866 3510 4109
577 962 3315
2745 3337
1492 1948
1062 3784
518 1290 3661
1975 2800 4347
1256 3089 4150
1871 2410
436 2841 2892
960 1588 2992
2266 2916
3162 3651
19 127
1928 2209
2090 4254
599 3194
928 2480 2784 3695
1144 3564
4373 4396
854 2111 3102 3976
890 1042 2874 4203
222 1713 4039
24 3368 3705
792 3000 3104 3479 4294
2486 2660
2162 2999 3590 4015
1519 2163
544 2486 3360
1802 3464 4063
1359 1463 3442
3966 3993
2481 4000
2236 3488
50 3668 3789
729 747 1729
962 3066
60 173
2588 2926
430 3642
1384 2461 3339
1069 1157 3019
2493 4279
3179 3940
2132 3186 3222 3279 4261
816 3002 3268
1849 2410 4383
928 1718 2128 3314
288 496 758 1342 2482
626 905 1207 4258
288 2302
111 3332
663 1074 2486
1600 3687 4209
222 1629 1959 2592 4317
303 1761
304 1877
21 610 2522
837 3820
1028 2787
3407 3523
698 2036 2636 3066
1947 2151 2922 4313
912 1473 3785
354 1539 4335
1921 3264 3702
1549 1661 4026
2158 4362
578 1012 4393
822 3308 3577 3889 4108
1653 2453
3072 3259
996 1712 2537 3109
3131 3753
40 2693
2881 2913
222 903 3179 3769
518 763 1508 1639 2286 3632 4320
126 2047 2187 4106
183 1320 4339
580 735 1271 1766
1011 3681 4226
829 1753
888 3918
175 1243 3168 4236
181 3391
161 426 491 677 1688 4402
785 1205 4242
1069 2016 2284 2826 3075
21 622 3722 4260
914 2664 3290 3447
888 1647 2020 2821 3381 4311
791 1133 1404
175 2574 3953
940 1998 2428 4250
184 3593 4235
2931 3718
2346 2561
731 3556
717 2401 2550 2783
2263 2605 3609 4386
812 1563
546 1078 1912
528 586 1428 3321
601 1178
2207 3208 4235 4292
1557 1631 1834 1977 2532
1170 1516 3197 3490 4054
2340 3258 3432
527 2137 2634 3221 4196
1979 1992
1891 3264 3442
1501 1759 2232 2568
1186 3260
1118 4130 4323
1733 1797 2501 3080
1978 3727
2370 2852
317 1487
212 385 444 1606 2409 3038
1067 2517
258 1691 1772 1803 2525
2579 4401
494 4075
127 4194
2020 2835 3752
930 1460
1933 2198
68 465
2583 3822
69 338
1683 4330
83 572 2033
784 4389
1041 1192 2570 3660
421 2860
2417 4394
969 3034
1065 1656 3142 3354
223 3051
241 471 2962 2994
108 1984 2026
1606 3371
227 1316 4167
1706 1716 3253
626 2330 2614 3327
982 1098
3986 4404
174 666
62 2886 3132 4130
38 145
366 969 2277 2970
1032 1715
2754 3358
1773 2570
736 1632
1058 3272
946 1292
2237 3992
2916 3095
20 3926 3981 4314
224 3179 4056
320 991 1237 3340
885 1216
27 1744
22 2347
183 687 1754 2483
1682 2176 3387 3676 4274
1026 3042 3515 3731
360 3325 4261
1081 1204 3892 4151
906 1348 4282
21 929 2296
290 1003
259 293 1040 2299
283 413 1259 2245
300 609
1145 4080
260 883
325 1027 2771
3452 3642
987 1532 2729
1445 1722 2015 4372
1134 1450 2348 2413 3364
3637 4335
786 4375
1416 2684 4308
1099 3254 4052
979 1197 2362 3351
894 1103 2428 3462 3487 3588
3389 3473 4252
181 933
201 1321 3768
1419 1729 2506 2942
695 851 2097 2586
422 3607 4199 4298
1064 2581 3707
78 1066 1501 3227
80 428 905 4049
611 1080 2406
3744 3949
471 1602 3434 4100
1055 1713 3125
395 715 2120
2932 3698
1294 3160
349 3777 4151
88 1978 2625 4214 4265
1331 1406 2256 3414
413 1009 1996 3588 3847
1386 1995 4129
1349 3575
872 4075 4105
1223 1555 1616 2048
1470 4300
553 897
1250 3572
2469 3899 4090 4169 4311
2471 2637 3229
376 902 3253 3286 3966
2722 3285 3407
1930 3681
471 2347 3784 4130
1485 1660 3150
2813 3616
284 797 4124
518 3196
1179 3504
1767 1905 2421
860 1013 3240
203 573
1380 2038
2043 4020 4173
2050 3218
1411 2577 3913
1338 2144
774 2007 3529 3706
391 973 3083
560 667 2601 4312
644 1140 2616 4046
2663 4029
329 910 1029 1229 3485
151 954 1450 3186 3281 3446 4225
25 381 1597
250 1113 3084 3718 4177
653 948 2264 2265 3607 4293
1347 2357 2403
739 968
939 2316 4357
386 638 1929
30 2542
829 1489 4313
40 619 719 1191 1889
104 203 3626 3950 4419
798 2000
106 328 3702 4256
508 1474 1547 2080 4015
539 1116 1785 1961 2428 4127
83 873 2155
97 2028 2439
948 1526 2865 2966
779 3458 3847
882 1781
33 802 1309 1969 3090
1668 3594
743 2107 2124 3089
662 2003 4168
2531 3466
4013 4361
2009 3476 3796
394 1537 1905 2427
1119 1886
2887 3904
561 939 4350
90 1983 2472
3336 3826
261 1291 1466 1877 2351
707 776 2500 2988
2250 2853
1590 1668 2278 2325 2412 3565
1514 2180 3142 3853
2704 2783
163 961
614 3742
1462 1781 4339
499 3777
1341 2466 4288 4306
1158 1403
2317 2937
227 476 3098
1063 1487
1872 3469
82 3758
951 1466 4117
798 812
140 648 3889
648 770 1007
2878 3944
351 1924 3874
382 2575 3135 3678
256 4283
3651 4118 4278
520 666 1267 3148
1921 3466
140 720 2055 3533
169 1290 4061
300 1074 2533
3162 3914
3444 4380
1398 2321 3504
191 4247
759 3285
1835 3258
75 1574 2774 3842
218 4297
104 1165
2239 3473 3973
1748 4186
596 736 2410
1595 1767 2776 2870
414 1616 1815 2467 3460
269 1107 2426 2649
674 1173 2810
3076 3568
289 2161
166 1096 3179 3593 3791
549 1089 2792 3669
2114 3297 3861
3218 3346
337 583 1617 4092
3635 3749
665 4423
643 1911 3355
1915 2255 3236
873 1662 4085
149 428 1448 4270
233 1537 2079 4217
2220 2577 2856
1006 1652 4429
848 890 4194
3926 4029 4336
3393 3656
487 1711
1990 2735 3267
1590 4088
853 1240 2351
3770 3825
2081 3839
327 450 2807 3450
177 819 1811 3946 4128
675 724 1985
1251 3530
495 2794
266 4260
1272 2849
146 1565 3806
64 1242 1536 2469
335 764 1850 2284
1409 2360 3862
871 2145 3406
355 3478
282 4378
2619 3648 4212
78 3265
1971 4196
1062 2536
955 1163 1331 3492
131 323 2384 3564
2448 2712 3381
1344 1672 2134 2157
2100 2113
545 2069 4164
167 2493 3033 4291
562 1979 2987
1818 2260 2520 3935
462 3587
3236 3331 3600
575 1419
675 835 2151 2527
513 965 1108
1567 4150
164 2195
1708 2275
400 1735 1923 3025 3894
2240 3835 3849
1233 2598 3280 4183
1232 4379
820 3778
1209 1568
439 2029 2195
969 2639
518 2761
265 3247
1202 1977
1124 1287 1748 2298
256 516 2665 3158 4373
6 3953
1639 1662 2729 3469
3458 3735 3750
781 787 1197 1305 3149 3389
1016 3195
167 3057
1160 2951
67 412 3632
1169 1570 2238 4187
1694 1770
615 2226 2299 3217
1542 3159 3672
2463 2538
332 2773 3116 3675
1369 1941 4423
465 2263 2906
2141 3305 3599
181 401 4102
148 2756 3559
433 3306
2295 3006
1738 2162 3389 3468 3797
369 2930
1444 2058 2325 2359 3048 3813
14 2894 3621
29 1154 1458 3336 3569 3803 4367
1150 1819 2589
3087 3628 4154 4400
3851 4019
1565 3914
1241 1624 1968
1077 4246 4332
73 774 1051
512 2333 3110 4330
1741 3875
1087 4200
1148 3507 3774
1989 3638
3519 3557
707 4106
1158 1511 2349
539 2323 3603
702 2566 3979
688 2477 4211
342 4413
330 838 982 1384
1146 3015 3233
886 2404 3000 3023
1067 2101
90 1129 2790 3223
226 675 2596
1740 4243
2585 2778 4175
538 1122 1924 2208 2736 2741 4342
3687 3777
131 1075 4031
677 940 1489 2223
1008 2567 4350
1314 1490 2618 3026
706 1500 2192
571 891 1066
83 1111
1773 3199
160 2164
1430 1509 3685
894 2826 4043
724 848 3644
1783 2217 2553 4097
1957 4345
536 3785
355 913 2855
2267 3920
1066 3011 3025
1173 1590
1539 2699 3772
1422 3400
3163 3397
2671 4400
202 3094 3471
14 1501
574 1214
1438 1867
493 931 1473 3564 3619 3785
64 319 577 1100 2115
1410 1568 1883 3853
315 2731
396 2806 4174
2893 3944 4145
2581 2883 2926
1561 3679
244 1842
1432 2373 3143
2394 2761 4227 4400
2103 2240
223 364 1442 4388
601 2532 3577
2085 3377
1266 2505 4284
100 2138
571 1050 1596
701 2804
43 1558
705 1214 1299 1543 2632
1830 4390
2015 2819 2984 3608
1575 2989
1100 1315 2108 2512
641 1433 1765 1989 2554
291 1890 4210
1018 2190
1767 1773 4136
37 1284 2017 3280
2915 3192
428 823 2899 3482
462 2522 3811
1390 1764 1945 3986
190 642 869 3266
765 1333
293 714 1207 4057
742 2575
234 2267
1104 1584
137 2854
838 919 2616 2792
2607 4094 4336
244 960 2942
1613 1803 2177 3367
2905 3809
398 1393 2083 4184 4199
1430 3266
702 1963 3483 3698
900 1761 3934
677 2706 2947 3001 3777
2145 3539 3855 3983
683 689 1461 1540 2848 2942 3159
1517 2741
1064 1507
1226 2388 2702
8 2975
78 236 1315 3665 4064
1891 4405
1301 1455
2816 3442 4222
873 1799 2420 4299 4369
3314 3788
1292 1571 2272
301 324 1874
173 279 2521 3234
87 1631 2066 4344
702 3551
129 1121
626 1278 1289 2129
118 263 1113 2393 2416 4306
145 1377 1922 2215
534 2351 2605 2772 3260
99 1532 2500 3587 4219
2154 2813
126 466 1666 2935
134 1141
278 598 818 1480
443 2989 3072
953 1426 1738
1865 2028
839 1634 3988
138 612 1861
561 1762 1890 2279 2894
704 2832 3918
1299 2378 2916 3200 3577
662 3039 3444
373 551 2261
1682 1706
780 1143
3208 4310
2073 3239 3993 4287
130 268 1857 3176 3293 3830
781 1446 1654 4003
640 4432
1406 3354 3523
1976 3513 4213
3531 3900
1434 3895
36 1801 3249 3729
790 921 3389 4299
580 886 1387 1526 2706 3292
1061 2784 3481
69 2445 4321
702 1014 3343
1112 2005
496 1588 2784
191 1587 2081 4227
2524 3687
850 1300 2450 4266
2425 4244
972 1668 2540 3398 3946
838 929 3612
1587 3463
463 750 2221 3566
1011 1837 1906
85 2008
3475 4225
1704 2316
31 2039 3812
1478 3489 3509
94 351 4314
540 956 1018 2136
924 1522 2066
1503 2938
1289 1698 3189
1143 1495 2174
818 2517
3321 4278 4312
326 1326 1781 1979 3864
1806 2148 2450
408 3028 3178 3295
1280 2967
33 2777
580 2479 3695
328 745 1329 1878 1961 2714 2920
393 3294
1114 1489 2249
477 2953 4149
1095 2418 4017 4339
1918 2678 4236
2944 3309
203 2196 3495
311 2924
1588 1777 4187
882 1801
1286 1492 3518 3988
48 3448 3812
792 2897 2986 4168
505 2808 3259
1236 1443 4192
801 1871
221 1192 1356 2444 3159 3928
1226 1791 3500
252 428 1961 4338
591 661
1191 1723 1973 2400
173 1663 4219
414 2352 2684 2969
64 1971 4287
155 599 3668
757 3934
100 224 1853 2079 4177
20 1053 1117 2639 2797
746 810 1867 2527
2591 3657 3759
194 504 1804 2278 2924 3589 4167
1153 2057
1747 2281
3472 3775
3306 4040
717 1423 3280
2580 4130
226 1998 3941 4009
1204 1680 3566 4274
2020 2062 4328
1677 2203 2247 2685 3750
582 661 2316 2460 3235
572 2803 4269
3782 4381
4032 4304
201 205 3935
677 1309 3531 4055
292 1811 1974 2947
572 3318
186 1133 1557 2293
39 309 322 860 4095
1947 2786 3655
693 2566
663 2164
1029 1183 1333 2125 3768
221 1423 2465
783 1993 2889
1309 1311
200 1503 1978
855 2587 3628 3920 4311
1178 3019 4004
390 3983
2359 2435 2806
1830 2528 3579
201 372 1693 2530 3535
1575 2516
1299 1476 1879 2464
561 2334 4184 4213
3738 3972
849 1460
2566 2876 3112
1744 3816
2368 3878
2246 3283 3650
666 1048 4318
497 1335 1789
19 4395
93 4103
1256 2190
199 374 638 942 3860 4239
668 1090 3192
337 1710 3424
2766 3337
219 2665 2738
882 2121 3299 4132
845 1579 2711 2840 3441 3732
697 2055
137 226 4144
1047 1955 3266 4053 4098
746 3631
156 378 1139 2551 3976
127 862 3348
1547 2869
655 1224 1701 1729
947 2171 2308 2504 3308 4233 4330
221 262 871 901 954
1785 3640 3718
2638 4220
595 899 2716 3589 3870 3929
99 288 1554 2605 2758 3035 3908 4154
279 1682 2524 2681 3759 3981
466 2620 3150 3293 4308
2414 3466 3512
767 1199 3365 3414 4049
323 1012 3333 4303
778 1642 2809 2843
611 1199 1283 1444 1957 3640
3446 4279
2059 3368 4042
2332 3436 3976
206 1290 3653 3904
1744 2765
3118 3500
1006 1874 1900 2385 4414
309 585 3836 3925
2270 4106 4331
1693 2259
326 3459
134 659 4359
74 1021 3446
849 860 1357 3036 4262
1372 2907
459 902 1740
1122 2563 2579
1293 2326 2861 3048
2417 2433 3383 3563 4228
488 1198 2444 3155 3621
3342 3571
255 4096 4175
1525 1962 3188 3629
1670 2761
623 2086 4320
127 1733 3444
429 627
1642 3837 3873
309 542 1913 2150 2371 2792 3289 3901 4381
3434 4137
2065 2948
2093 3377 4132
307 338 510 577
2013 3096 3855
2150 3631
649 3736
3573 4153
2006 2886 3294
383 1120
868 1070 3185
961 1792 2915 3770
886 2865 3727 3810 4114
2706 4302
1612 1764
1404 2444
114 4113
760 917 4277
1915 3573
155 3691
415 1947 2082 2540
1406 3837
4191 4212
84 1941 4194
1302 1858 3046
373 1684 2000 2811 2995 3998
74 1009 2913 3266
387 469 973
2215 4381
227 1456 2324
353 1420
205 689 3560
41 2036 2386
611 4172
404 4364
766 3260 3874
4219 4432
230 4108
355 604 967
900 1527
793 1603 1637 1785 3608
2181 4021
3254 3400
101 972
244 2272 2692
1566 1674 3697
3460 4200
307 483 3343 3374
972 2864 3045
725 993 2543 3417
1015 1353
1643 1865 4343
667 1102 1861
441 1231 1486 3521
484 4146
2340 2663 2772 3109
3103 3262 4423
1305 1724 3309 3734 3804
307 1687
1194 2916
3231 4058
532 2387 2895
95 2713 2937
586 1929 3345 3942
333 1114 3127
852 1325 2670 2711 3240 3347
1380 3148
663 1086 1122
1087 2384
1136 1370 1490
541 2728
1548 2922
1293 4412
1017 1066 2222
205 1451 1628 2855 3985
1132 3772
195 1811 4172
418 2758 3208 3691 3826
94 834
812 1829 3939 3984
116 1026 2233 2281 2834 3563 3861
1525 1608 1973 3187 3767
366 1539 1706
405 1711 1804 2886 3178 4361
1018 2566 2584 3893
1172 1572 2103
826 1483 3851 4338
1888 3277
191 1256 3905 3967
1246 1288
745 2271 2846
3494 3900 4066
98 3116 3392 4407
1523 2534 3792
3166 3295 3486
1281 1751 2271 3636 3989
459 4381
971 1191 1407 2235 2239
2464 3119
85 3113
1012 3280
1136 2735 3796
1427 1660 3527
1525 2735
544 2558 3216
846 2887 2974
801 1447
390 4369
198 220
3751 4387
2079 2828
639 3843 4099 4155
633 1246 1977
1485 2204
365 775 1063 3712
1199 1553 2950 3364 3448 3911 3966 3968
285 1071 2189
917 2149 2392 2896
517 911 2306 3270
2117 2553 3292 3839
1540 3152
2349 3267 3657
2732 3660
871 1245 4032 4049 4060
1200 1621 2317 2852
1179 3831 3887 3939 4055 4395
515 533 2832 4198
396 1539 2147 2939
675 1538
1409 3781 3825 4218 4303
1072 2460 3965
268 2917
1974 4017 4289
3 1692 2780
2111 3393
1299 1904
1007 2326
605 1181
392 586 4169 4276
495 1100 3430 3903
1435 1709 2553
968 2804
745 2261
1 334
1473 4145
259 3001 3518
796 3519 3963
205 3426
1 2545 3949
663 4211
206 1092 1660
499 916 1684 2759 4182
1021 2206 3069 3459
2173 2971 3126
895 1462 1743
1932 2113
348 638 2982
485 780 1863 2459 2633 3459
347 2464
736 2519
2363 2459
242 2022 2430
1282 2457 3603
16 2789
1316 2644
2009 4386
748 1405 1980 2831 3267 3295
604 1076 2617
460 577 1105 2077
354 3495 3608
1286 2033 3543 3672
74 2901 3417 3681 4270
1845 3489 3515
1085 3851
2183 3605
1680 1874
615 2716 3700 3842
526 2129 2531 2645 2924 3293
279 2207 2359
477 1229 2611 3451
70 953
3454 3570
316 2101
1666 2526 3150
2238 4168
766 2835 2869
2300 3486
1013 2406 4337
253 384 1392 1730
70 963 1302 3484
367 1901 4129
825 2158
554 1322 1937 2003 2497 3472
2021 2048 2918 4313
1148 3273
3203 3822
1267 1370 2666 3081 4241
1064 1083 3827 4076 4140
682 966
518 2680 3738 4349
298 3531
172 772
599 3681 3984
436 1348 2780
469 1719
992 3431
2716 3685
50 365 486 2800
1033 1881 2951 3829
1742 3422
3437 3631 4006 4063
699 1664 2036 2056
114 1448 2406
1057 1676 2472
3030 3204
1684 2544
598 1321
605 1309 2855 4150
938 4068
244 636 1347 4213
2347 2409
214 1262 1658
38 738 1519 3169
483 2800
2244 2394 3114
2666 3808 3811
1155 1669 2382
346 366 3611
665 1417 4359
880 981 3076 3949
630 1978 3134 3543
2236 2672 3767 3887
1011 2261 2905
245 420 731 2363 3544
323 1534 2149
985 1197
1877 3186
1789 1937 2431 3660
1215 1665 3126 3713
912 2361
133 3840
3822 4317
1410 1726 3420
822 2576 2875 4178
37 1232
1051 4031 4217
593 2058
653 1524 1885 3979 4317
305 1540 3911
2287 3715 4271
1057 4379
495 2557 3285
684 734 1134 3074
2178 2956
468 1446 2488
1316 1407 2058
464 1247 1429 2339 3411
528 2304 2452 4380
392 591 1602 2290
2694 3326
242 1312 1639 3331
649 1098 3588
107 841 1029 1835
1708 3815
1321 1598 3359
155 3112
854 1531 1863 1908
800 1036 2330
702 1434 4025
1904 3853
1752 2858
235 1553 2265 3144
1269 1385 1743 2829
504 1013 4046
2149 4350
822 963 3340 4221
291 3149 3347
1596 2597 4042
2957 4035
602 2811
1162 2703 3435 3747 3785
157 4428
318 583 921 3049 4358
493 1515 1575
871 2327
663 998 1020 3597 3772
1032 1383 3180 3878 4246
1801 4320
363 2836 3841
1571 2992
597 741 2233 3874 4287
179 584 1339 3980 4084
206 1059 1448 3553
16 1598 2824
378 1728 1785 3964
435 3089 3296 3486
570 2460
711 2655
816 1320 1583 1740
3374 3933
2835 3942
724 1016 4112
1160 1359
2288 3057
2948 4417
156 2249 2842
1127 1650 2970
154 3192 4296
177 301
1624 1979 3466 4372
1611 2117 4069
164 1232 3091
164 1597 4109
3853 3868
1935 3605 3612
1769 2475 3606
2040 2950 4407
1399 2325 3806
1872 2038 2171 3822
576 3167 3400
743 2366 4384
581 1820 1903 1995
1472 4133
2899 3212
279 491
2221 2922 3702 3996
1282 3865 3889
156 1185 2582 3861 4351
809 1161
480 3744
1512 1816 2431
1240 3120 3972
948 3450 4159 4222
770 3085 4000
1179 2126 2880
602 3118
262 2130 3240 4287
222 345 981 3686
1078 2956 4433
398 2320 4225 4358
3395 3988 4167
3189 3998
571 990
657 1374 3442 3670 3770
554 2303
1019 3977
637 1099 1867
204 2605 3487 4056
231 1790 2682 2962 3514 3659 3960
2975 3940
953 1789
1101 3498
1171 1817
1471 1717 2398
1011 2658
407 1487 1595
452 1482 4046
1097 2224 2938
1042 2396 2621
792 4335
845 1021
216 2433
428 2437
917 1883 2301 3024 3652
2246 4174
407 1033 2635 2912 3052
21 364 859 2834 3133
279 691 1440 4032
1784 2396 4291
1107 2598 3127 4420
14 3916
4052 4192
395 1288 1408
1158 1453 3298 3318 3595
288 3158 4116
1893 2849 3841
3742 4071
381 2928 3000 4228
1626 4320
1199 1741 1818 2917 4377
1058 1342 2797
19 1705 1782 1850 4147
1296 3379
1182 2758
64 219 1174 2725 3078
2021 2190 4018
1064 2680 3870
531 1111
2663 2833
921 3120 3456 4254
394 3975
1903 1956 2420 2912
704 2883
1257 1598
550 4013
3408 3454 3868
1729 3949 4334
49 690 1175 1596 3077 4036 4101
751 998 1227 1795 2700
1860 4279
1888 2138 2698 3348 3363
1213 1566 3845 3940
2621 4151
1535 1961 3899
3236 4002
219 1845 3671
2391 3683
591 2718 3026 3413 4312
2913 3384
2267 2821 2845 3459 4104
2049 2127
423 832 2642
745 1183 1386 3448
69 4375
1934 2904
695 1021 1877 3899
654 655
532 2066 2332 3235
1664 1791 2325 3464 3573 4380
819 1356 2303 4289
100 3149 3610 3672
896 1752 3064 3871 3928
933 3839
856 1958
176 494 1273 3106 3239 4427
1867 3848
1746 2734 3686
340 1106 3263 3822
708 3581 4392
543 2845
3273 3825
3905 4053
1638 4051
442 1747 3588
2529 3609 3702
441 1697 2770 3925
648 934 2033 2165
2113 3650
1627 2265
770 2834
1041 1120 1562 2235 2302 3047
1375 1607 2861 3002 3546
1643 4207
951 1461 3338 4236
652 954 2969
114 949 2303
2376 2998
1196 2625 4082
1998 3059
137 1924
617 854 2560 2779 3570
1293 2124
2486 4360
1075 3088 3860
262 671 1535 1962
47 174 812 2774 3546 3558 3636
697 1036 1076 2058 4135
1503 2168 2573
727 3821 3893
2678 3698 3989
174 2653 3175
1693 2756 3632
291 1421
1769 2345 2696
2199 3679
2267 3919
1054 1713 3832
1209 2164
1196 3681 3730
3038 3399
128 179 3852
109 2742
2848 3989
477 2261
1795 2504 3747
849 1421 1455
184 1626 3492
501 3489
875 2785
1938 3477 4408 4424
3314 4164
813 1030 2165 3650
319 1912 3611
461 555 2249
1071 1448
1722 2793 3750 4202
3423 3783
2876 3581 3846
714 3536 3841
509 1103
244 1840 3419 4126
929 1440 2834 3643 3717
3 881
2619 2902 3442
2910 3732
725 1011 2330
2420 2778 3846 4184
867 1560 2305 4331
1213 1773
2231 2357 2785
2337 4060
933 1053 2257 2377 2840
816 1136 1288 2166 3751 4409
524 1408 2966 3651
3921 4218
491 1378
99 2751
362 1945
1547 3566 4366
1743 1744
3171 3412
2560 3100 3136
359 2685 3038
1359 1503 3204
7 330 2853 3468
1653 3098 3454
715 3020 4180
168 952 1321 3840
3027 3861
1299 2107 4352
178 1708 3451 3992
88 881 1555 4185
3527 3993
760 1299 3838
3397 3979
3377 3575
38 221 2802 3914
1856 2286 2670
3137 3684 3764 4032
1973 1993 2235
31 925 2688 3693
776 3133
1360 1709 1976
381 3172
1963 2664 3336 3517 3610 4435
155 2193 2369 3979 4378
2403 3702
2396 3367
391 2032
397 406
968 4260
134 3133 3199
40 266
1942 2911 4018
304 3944
1596 2016 2969 3977
450 1619 2903
112 2069 3185 3395 3610
287 316 1631 2494
255 1434
90 596
1274 4286
974 2014 2425 3376
60 461 2332
20 2771 4246
728 1830 2160 2729
1618 3057 3517 4183
177 3331 3757
58 1309 3078
1599 3962 4206
1528 1960 3062
952 3781
2679 2710 3571
850 938 4296
1442 2025 2316
779 1211 3373
821 4169
2133 2158 2341 3457 4137
269 3059 4042 4369
592 729 2003
137 291 2848
260 1652 3564 3566
1456 3317
195 253
1198 1333 2527
2460 4341
750 4300
2608 4362
1091 2269
1475 3883
737 1825
851 1117 2306 4077
2400 2635
191 3980
2106 4429
735 1439 2802
118 1087 2482 2769
291 1500 2462 4349
433 924 2828
2491 2613 3270 3755
652 1720 1837 2175 2231 2671 2781
1862 3410 3417
30 767
2128 3186
470 1130 1363 1822 1977 2651 3007
1296 1833 2014 4114
715 1178 1824 2372 2872
1758 3441 3705 4411
818 3203 4169
1906 2478 3473
3113 4369
3552 3669
1323 3031 3329 3992
156 1399 1403
36 2742 2877 3069
354 942 2939
1601 1830 2087
4047 4354
86 423 2075
1876 1892 2014 3122
1016 1121 1518 1888 3048 4359
316 681 1945
145 823 1303 1466 2595 3968
243 2263 2372
445 2424 4028
954 2029 3592
1640 2830
211 724 2678 3083
1039 4278
612 2984 4315
2082 2802 4345
993 2204 3518 4163 4415
203 218 2234 2513
1293 2894
773 1915 2960 3726 4127
52 562 858 1146
2822 4037
582 1467 1478
610 915 995 1765
3220 3766
184 1674
3104 3301 3987
283 2591
1443 4429
230 2360 3839
1576 4092
1113 2530 2830 2867
1280 4221
374 878 1305 1998
2000 2075
2756 4221
679 1003 1179 2231
361 1369 1556
640 887 2008
91 2589
965 1279 2473 3413
1496 1825 3186 3909 4295
2655 4104
4269 4354
802 3250
2725 4429
302 312 2148 4412
1725 2320
948 1005 3346
1561 3020
617 2521
4007 4291
267 469 1727 1926 2658 3617 4313
48 1306 1418
111 1198
379 4352
164 4348
2 3894 4027 4094
971 1723 2223 2807
2482 3259
204 686
490 604 971 1482 1726 1974 2836
745 2422 2754 2761 3513
777 2303 4145
51 1817 2816 4039
552 2048
319 863 2660
1454 4212
504 902 1795 2335
271 1553
1422 4103
772 832 2782 3172
234 852 1251 3257
5 1852 3552
2432 3044
581 1150 1190 3182
56 2080
1009 2680 2773
500 1808 2690 2741
905 1414 2404 3705
2642 2797 2893
751 1595 4196
281 1826 4398
877 1252 1897
401 2026 2963
3520 3623 3913
624 731 1575 2261 2457 3147
1214 1311 1502 4054
1093 1248 1283 3960
2443 4226
733 1218 3668 4382
2729 2746 3564
814 4422
78 895 1077
320 1104 1429 4314
473 585 2840
1251 1277 1961 1966
1357 1656 3042 3325
568 1259 3712
2388 3286
2864 3240 4113
614 4399
7 477 1769 3412 3699
131 298 1071 2889 3174 4230
1550 1700 3520
545 1208 1702 3870
566 1839
125 3486
1211 2652
1546 2101 3240 3599
333 1248 2407 2740 4279
330 685 1921 2494 2742
598 679 1956
3576 4397
523 2567
1496 1767 1829 2619 3760
1454 1648 2561
1017 1546 2366 3143 3780 3892
1249 1833
95 2309 2908
1891 1937 3492 3768
1195 1510 2577 2916
1598 2140 4024
2083 3452
65 2138 2520 2582
894 3053
2074 2226 3040
1484 2235 2275 2748 3597 3659
2090 4327
697 3633
479 2052 2355
409 446 719 4135
1414 3316 3698
1012 2235
73 1215 1656 2379 3987
1093 1841
1848 3985
307 396 1694 3326
979 1603 2538 3658 4371
3686 4088
2817 3976
1326 2749
306 373 496 1738
473 3857
591 4288
910 1865 4194
1693 4040 4173
656 1092 2011 2417 2899 2950 3887
339 3309
699 2088 3147 4322
859 2214 2283
207 1187
491 524 1183 1906 3768
2306 2930
101 330 1407
658 2059 2298 3651
284 2810
65 91 2397 2855
337 4257
1625 1865 3130 3934 4302
1565 1596 3452
1185 1671
651 2138 3379
377 1723 2978 4152
2915 3217
495 2354
1324 2690
2232 2355 3800
487 1224 4133
169 2395 2982 4353
171 983 1328 2862
800 2319
1362 2744 3425
580 1777 4259
744 1129 3306
1486 2883
2989 3585 3588 3920 3991
2503 2688
1214 3339
2797 3096
903 4232
1539 1744 3605
4033 4406
551 1449 1803 2599
709 2185 3254
312 3779 4075
553 1185 4264
3003 3711
1615 1631 2170 2384 2510 2529 3727 3862
1733 2683
476 621 1363 3209
808 2804
1441 1575 3557
1458 1838
518 553 1820 3048 4246
1130 2124
3453 4424
3393 4364
2014 2138 2167
3280 3555
2474 3327
321 1837
1544 1765
2323 2369
1588 1912
409 4198
1902 2255
421 2452 2684 3381
1564 1635 1888 3613
460 784 3360
783 3228 4229
318 2159
3054 3380
43 888
1486 3159 3620 3721
164 675 798 2859 4007
1460 1576 1642 4022
665 666 777 899 1570 2650 4247
2941 2953 4434
603 2728
394 1377
1385 2590 3693
761 1065
94 1274 3188 3434
169 1688 1704 3561
11 1172 2065
1152 1483 2824 2864 4247
264 2534
785 1763 2471 2527
2357 3037 4191
772 1370 3132 3230 3571 4287
1748 2919 3152
1354 2061 2891 3554 3707
738 2608 2626 3990
618 1238 3168
480 1863 1986 3047
688 819 1273 3688 3796
1713 3451
357 394 1182 2471
1100 2111
1063 2185 2574
2357 3768
252 378
1121 1154 3035 3109 4191
209 3591
212 895 2115
1164 3752
153 1549
2272 3905
2298 2754
815 1399 3134 3153 3244 3445 3666 4217
2879 2965
1393 3587
15 841 2945 3784
220 1283
860 3485
1515 2263 3857
624 1020 2154 2628 3359 4142
207 583 614
971 973 1256 1684 2300
12 1020 1766 4062
1101 1966 2715
775 1098 1559 3848
719 1330
642 710 3830
248 3767
627 1026 1083 2000 3054
2862 3090
3530 3575
3581 4285
431 535 637 2243 3231 3865
120 2478 3439 3533
591 1656 1801 1949
856 1169 3133
2687 3981 4090
1190 1462
261 1856 2553 2688
1012 1381 1710
1439 1952 2636
1367 2242 2356
510 3216
3528 3575
53 149 1978 2383 3309
456 1674 3506 4172
940 3263 3561
269 1244
1796 4078
2563 3108 3378
2246 3933
1913 1989 2640 3458 4002
74 824 3083 4130 4212
3927 4408
423 451 1955 2112 2145
2469 4015
923 1062 2255 3431
822 1119
263 562 749 2081 2650
1377 3064
989 2212 3797
2044 3981
1190 1819
2360 2434
722 3211
829 2772
570 814 825 3407
1564 3756
1300 1448 3535
1629 3191
717 4028
665 1809
1432 1513 2900
519 2808 3653 3910
3900 4024
2124 3236
213 3761
23 2223 2421 3710
330 1603 1721 2380 3773 3829
3783 4258
3055 3273
3697 4281
98 1134 2163 2617
682 2000 2231
490 2829
549 1681
289 1027 2393 2979 3708
25 1247 2635
1396 3298
2262 2989 3363 3867
410 714
207 3896
1949 3831 3984
1527 3666 3820
1450 2494 2642
2047 4184
618 1819
1752 2663 3702
325 1327 3748
810 872
3484 3722
1230 2008 2387 3155 4025
367 1588 2108 4082
150 1486 1540
25 877
563 2846
1503 3801 4329
2059 2477
314 392 1544 2329 3059 3634
1420 3533 3667 3778
1657 1990
222 3333
197 2503 3026 4252 4345
2569 4185
3031 4176
367 2473
397 2118 2610
6 990 4109
1218 2885
3307 3509
900 1135 2898 3128 3783
496 1182
1126 2839 3214 3511 3563 3966
886 4163
202 973 1162 2568
85 578 2913 2984
2565 3391
386 864 1101 1663 2865
586 603 1522 1572 3293
1911 3439 4270 4323
318 1890 3008
727 1155 2708
443 1316 4078
830 1073 1678
1439 2525 3935
2381 2984 3408 4064 4079
1684 3141
211 783 1590 1950 3959
817 2282
108 2947 3001 4064 4099
654 678 2372
478 1555
2283 2395
1526 2568
490 1173 3028 3256 3398
807 2025
387 894 1929
2212 3796
1296 4420
1122 2444
2107 3793
451 981 1407 1491 4394
171 784 1149 3036 3044 3492
1723 1864 1945 4271
469 1785 3311 3729
925 1424 1998
1098 2512
417 3421
445 2725 4300
2022 4348
804 1431 2214 3698
1545 1563 2239 2311 4394
2245 4298
41 257 1077
2335 3420
2082 2788
571 4200
2730 3705
2794 3976
180 3063 3694
515 2362
286 755 3008 4036
1164 3153
2110 3280
565 1272 1349 2917
962 2616
723 2283
452 788
588 3112
3087 4372
933 2459
50 1042 1581
336 1097 1399 3007 3526 3624
44 2300
305 1708 2390
517 1924 4081
876 2147
242 4279
185 507 1310 2059
1846 2200 2573 2579 3006
1270 1367 3281
391 1410 2363 3174 3569 4393
2913 3536
209 1209 3392 4153
1117 1891
2238 2533 3443 3930
1793 2501
702 784 1547
321 3153 3969
1049 1212 1405
2580 3585
761 4055
217 356 1917
101 251 3232 3374
1038 2960
3638 4161
1623 1635 1776 2694 2914
36 1374 4346
2655 3819 3925
3756 3859
391 2926
361 3858
3229 4261
1204 2672
3912 4399
1888 2385
587 972 4001
81 1521 2232 4002
1976 2684 2738
921 1940 4433
2952 3715
2147 3121
131 3043
254 2027
1309 1367 3908 4054
3559 3680
157 294 3623
28 33 2050 2984 2991
517 735
2089 4179
1799 1913 2064
1010 2331 3346
839 851 2786
343 979
485 1111 2899 3511 3751
359 1424 4258
112 642 668 728
2602 4190
2533 2683
3236 4102
1379 1600 3548
751 789 1259 2438 2443
439 2182
113 285 2794 2833 3843
511 2196 2199 2691 3654
1016 2107 2980
1048 1328 1949
3128 3167 3609 3961
868 3657 3797 3801
2912 2959
9 557 2777 4075
2010 2900 3798 4144
587 1017 4065
2685 3865
1177 2289
539 2259
2180 2438 2948 4096
23 1880 2016 2506
1746 3356
1758 1908
2129 2155 2164 2782 2860 3809
980 1760 3108
396 2023 3477
2382 3774 3961
621 865 3450 4235 4236
931 3915
580 860 1004 3742
283 342
767 1617 2243
521 642 1313 2871
736 1653 3420
801 930 2018 3079
1915 4261
615 3588 4024 4297
243 2273 2638 3633 3925
711 777
147 3860 4137 4218
901 3864 4240
1489 4397
804 1080 1300 1686 1868 3467
2724 3908 4272
242 861
31 934 1375 3343 4018 4263 4371
1034 2019 4074 4217
553 1555
613 1575 3357 3742 3828
245 807 2060 2500
1367 2995 3270 3374
466 2187 2528 2621 4189
1367 1857 2772 3715
428 4378 4391
246 1971 2264 2312 3668
100 1105 1715 2500
628 1150 3790
2108 2130
1726 2176
1621 1799 2141
1200 2054 3023 3042 3705
3108 3879
819 882 3264 3901 3957
2672 4156
1051 1394 2699
2571 3335
988 3915 3933 4372
91 1480 4175
407 1649 2974 4078
679 3538 3857
823 1733 4344
393 840 1107 1460 3170
1974 2899 3378 4352
1360 3357 4426
309 2507 3985
256 1815 3388
267 463 4288
1539 1703 3675 4293
165 771 1694 1871
1517 1859 4109
1010 4107 4369
808 1096 2286
1617 2106
2578 4073
3211 3267
611 2295
958 3036 3550
2069 4074
651 670 2920 3629
897 1999 2396 2529 3690 3964
2046 3210 3584 3736 4060
1560 3804 4315
1752 2744 3700
1327 1652 2432 2739
546 721 857 2020
693 3240 3616 4108
240 355 1732 4315
376 3061
1694 1964 3120 3887
2038 3348 4164
2153 2909 3099
2673 2744 3027
1197 1685
637 1927 2823 3039 3781
1236 2526 3539
2905 2979 3439
919 1447 2165 2638 2986 3303 3571 4350
1304 1747 1901 2265
2599 3064 4001
2080 3122 3364
985 1786 2174 2613 2895
437 1912 3111 3923
85 2183 3264 3699
3317 3572
950 3549
500 1808 2257 4100
136 1856 2022
164 279 1913
3132 3150 4427
3415 3722 4280
859 2759
232 398 1180
498 3039
594 790 1557 1986
408 1417 1644
423 1709 3566
466 2740
1236 2734
1518 2215 3262 3636
1292 2698 2934 3026
1450 1866
607 695 3840 3933
2376 2927 3603
242 363 3431 3514 3962
411 885 1568 2835
1198 3561
1300 3561 3698
2451 2792 4430
479 529 2142 2715 2722
1968 2973
1393 3596
179 220 1360
697 2089 2272 3404 4265
68 1080 4168
2826 3095 3378
754 1724
2810 3910
748 1580
662 1421 4329
1657 2529 4373
3517 3725
2780 3218 3291 3930
1395 1947
1042 2018
589 2393 3506
2194 2812
847 2750
1306 4261
1532 2123 2523 3557
1223 3565 4053
1138 1619
56 200 3897
2866 3286 3526 3529
2383 3666 3716
2330 4324
512 2769
2553 4182
1620 3488 4057 4307
1883 2002 3532 4066
1133 3350 3769
913 1369 2346 3038
2303 3843
302 1493 1601 2403 2816 4312
972 2083 2568 3225 3982
117 995 1553 1898 2008
2521 2986 2987 3849
227 531
905 3376
2362 2599 2770
339 445 1492 2769
480 832 2735
1605 2271 4371
415 1007 1280 4210
266 682
750 2194
983 2448
802 3511
538 1001 2384 4424
2974 3908
516 968 2469
1363 4216
1303 2144
310 1112 1641
577 896
2718 2740
435 2427 2609 3961
2582 2629 3616
7 1428 1763 2011
2938 4083
2163 2247
822 2762 3112
2435 3018
907 1030 2867
2083 2142 2986
1559 4128 4334
226 3682 4012
671 1671 1874 3199
383 2997 4375
976 1096 1714
864 3065
1279 1333 2600 2651 3546
2232 3825 4055
