2669 3995
781 1747
2270 2458
253 981 1368 1832
1631 2326 2418
223 1289 1496
681 1090 1312 2281
716 849
2439 2626
1137 1876 2254 2446
1673 2194 2382
832 1470
473 1721
138 324 340 868 1242 1630 1716 1759 2578
94 1819
278 318 901 2579
229 1284 1773
162 240 1358 2126 2594
86 901 902 1442 2505
47 2367
1496 2242 2414
1203 2032 2594
344 1993 2388
1431 1581
2117 2579
877 1246 1460 2088 2150
1704 2024
624 1401
1510 2180 2353
423 609 736 1707
223 231 476 688 1498
2268 2485
920 2118
579 593 732 1078 1542
1784 1842 2354
60 1279 1567 1843
1180 1882 2383
1052 1883 2475
188 397 844 1229 2044 2116
51 1482 1800 2096
230 466 1099 1856
239 462 2439
856 886 1358
631 1800
612 854 884
741 989 1963
185 636 1549
201 543 762 1388
689 1161 1385 2119
848 1287
999 1975 2303
668 1109
941 1092 1298 1829
1658 2187 2253
30 1249 1577 1680
207 356 1202 1847 2036 2150
58 490 1508
426 427 513 969
2061 2400
595 2019
1521 1633
363 542 696 840 886 1995 2034 2344
2211 2266
1033 1332 2164
1616 2602
890 1173 1275 1343 1381 2559
74 784 951 2187 2601
43 56 160 247 1478
352 458
325 373
1294 1551 2352
1022 1758
239 2041 2545
402 684 952
1094 1697 2556
358 1065 2116
2049 2383
252 1261 2136 2657
1449 2617
240 1763
339 596
103 877 2260
97 389 1258 1390 1858
252 344 436 666 1363 2147
1704 1813 2361
150 1573
1663 2667
1153 2355
1530 2078
479 1269 1432
350 459 1846
245 2030
342 643 1362 1726 2180
190 536 685
577 1959
1836 2309
1251 2160 2487
167 1514
1297 1738 2391
572 1085
218 273 481 869
712 1024 1233
65 485 1018
1358 1655
1917 2381
117 645
1855 2439
1293 1396 1797
612 2007 2548
368 418 1453 2311
8 1786 1822 2121 2307
611 1893
702 2098 2602
192 446
292 1281 1786 1978 2079
104 194
35 2074
1029 1241
281 1497 1638 2528
73 1263 1619 1705 1725
976 1703
32 306 633 862 865
628 1155 2052 2516
768 1848 2195
230 1764 1868 2061 2090
1431 2561
1436 1440 1842 2028
760 1361 1554
337 712
1025 1529 1635 1692 1990
72 1217
433 1979 2097 2267
347 622 1720
112 545 729 1048 2372
1463 2022 2144 2295
1717 1942 2536
303 1160 1274 2665
622 1740
1628 2279 2560
530 955 1026 1098 1107
1876 2403
1046 1237 1830 2262 2485
1105 1199 1488
137 430 1211 2054
215 603 1426 2097
324 406 2581
597 835 1689 1979
1492 1506
1285 1523 1940
645 1176
1129 1473
425 428 659 726
306 1863
216 288
1593 1637
1155 1719 2358
356 676 851 1076 1937 2200
115 882 2147
1691 1910 2112
216 659 1024 1229 2117 2197
238 686 2668
364 565 1542
615 732 1981
1004 1193 1492
79 691 1394 1611
174 492 812 1583 1711
601 1086 1812 1879
514 542
1291 2041
1691 1718
525 712 1531 2154
209 477 649 936 1713 2545
90 881 911 974 1690
448 977 1163
185 2080 2135 2353
726 1615
305 388 676 1903 2068
1157 1660 1880
328 1127 2427
250 327 2115 2587
914 1572 2544
187 495 718 1537 1884 2206 2426
672 1231 1903
1552 1592
1815 2305
757 1501 1828
461 2398 2469
307 1155
661 1174 2497
1420 2047
953 2621
15 136
28 925
260 2103
350 1907 2043 2396
217 522 607 705 1968 2586
1034 1214
98 301
1360 2049 2079 2282
622 1842 2450 2574
1521 2518
943 1783
295 1491 1717 1913
752 1210 1955 2356 2487 2555
738 1822
219 492 795 894
1109 1435
499 1366 2064 2562
64 225
143 2595
172 2479
1242 2129 2182
19 326
961 1120 1638
317 783 1040
152 1654
53 1109
94 322 490
381 1380
334 985 1339
697 2182 2513
143 791
1750 1876 2589
908 2020
791 838 2128
33 2365
192 354
346 2284
310 1590 2637
128 625 1739 1756 2252
154 272
217 1045 1553
1104 1871 2041
284 488 2365 2493
615 1248 2567
164 301
611 784 1459 1707 2489
2157 2165
2285 2560
526 556 1996
398 1409 1756 1848 2511
1131 2005 2293
141 2175 2523
669 1312
1384 1924
1615 2166
335 1092 2243 2270
442 1885 1974
953 956 960 1646 1888
320 1452 2479
80 156 2225
293 655 2259
1075 2067 2630
1006 2341
776 1074 1494
165 1643 2330
1855 2434
572 1220 1682
87 1870 2273
68 810 1391 2381
1227 1604
221 2537
488 1476 1759
1461 1549
668 1167 1931
224 580 641 1010 1225
1693 1977 2062
1320 2566
625 690
1159 1836 2193
180 242 503 1018 2457
1842 1966 1995 2567 2606
255 1137 1163
352 635 712 2054
1520 2476
970 1665 2259
651 1673
43 1480
192 1816
1490 1585
1150 2041
120 341
203 1923 2070
806 1625 1821 2350 2358
1529 2239
1049 2262
1175 2049
1371 1554 1909
11 78 1546 2099
1422 1479 2025
723 1399
144 1743 2422
1218 1242 2008
882 1203 1440 1736
1172 1302 2635
21 480 525 2570
547 1342 2269
738 1171 1176 1883 2658
1376 2046
701 1107 2429 2507
980 1579
493 1418 1491 2291 2376 2578
129 181 204 807
2037 2162
448 777
1902 2470 2512
463 1533 1535 2111
563 1827 2499
61 1879
829 1826 2010
1019 2137
43 281 613 1917 2368
1336 1779 2425
165 1245 2599
171 1919
1153 1899
311 371 906 1359 1386 1441 1496
408 457 1822
1626 2245
467 608 610 1641 2499
656 1369 1958
232 817 1446 1575 2039 2241
1846 1971
291 2303
996 1413 1497
874 2586
2250 2439
1405 2665
440 895
190 1257 2629
502 1634
476 999 1092 2271 2641
228 495
19 805 1729 2624
415 602 1769 1938 2520
36 567 1054
1428 2435
338 2043
736 1058 2170
1509 1726
867 1165 2424
1027 2228 2386
632 1577 2589
940 947
557 727 1426
351 2153 2250
200 343 1324 2295 2490
147 1588 1692
1255 1405 1772 2024
1609 1863
12 2470
115 2544
1801 2601
96 368 1268 2356 2666
713 2004 2055 2251
1401 1760 1908
1550 2649
871 971 1403
369 432 1447
783 816 2367
1112 1332 1764 1797
1758 2002 2397
264 1819 2567
19 625 1561 2410 2542
678 2482
769 1172 1993 2317 2486
1267 2068
542 852 2556
1510 2219 2252
381 616 747 1768 2229
573 680 1053 1098 2301
15 466 1734 1886 2265
336 442 467 1785
172 393
264 280 449
893 993 2619
1100 2050 2064
208 1811
1288 1808
1399 1856
901 1236 1891
869 1534 1582
601 1907 2131
546 2615
569 1054
468 548 1844
816 820 1270
345 1047 1271
1211 1866
617 2611
159 1982 1987 2376
125 548 1225 1313
1564 1837
155 2145 2362
239 567
792 1255
809 1335 1660 2349 2599 2627
950 1770
364 664
89 2108
441 1179
7 8 197 1219
827 1100
41 1690
716 2201
193 704 849 2128
592 1037 2293
432 910
897 941 2559
1115 2597
913 2385 2458
581 1363 2441
236 933 1261
1747 1794
758 948
596 889
480 997 2036
1562 1572
914 2606
186 1668
800 2428
169 535 707 1423
7 15 905 2557
513 1367 1861 2443
1466 1756 2039 2193
425 682 1731 2217
875 1999
1249 1991
571 620 1718
1032 2615
149 2345
354 1271 1812
809 1401
7 1963
400 1580 2606
4 343 578 942 1513
203 300
723 827
1287 2486
87 1054 1354 1788
891 1337 1467 1884
1073 1210
371 1833 2519
489 592 1481 1905 1931 2005 2577
35 698 1357 2010 2308
1783 1924 2060
1024 1191 1994
585 753 950 1180 1880
10 270 999 1716
51 861 2161 2314
674 1189 1387 1662 2482
1131 2213
602 1842 1874
254 1428
56 629 1675
692 1685 1890 1971 2232
411 1490 1607
248 885 1494
556 1292
1917 2103
1547 1774 2626
375 422 1474 2226
202 743 1035 1567 2519
510 671 2048
2103 2533
1395 1485 1792 1955
473 1510
174 1949
524 1048
801 2331
861 2406 2667
1155 1711 2299
1123 2224 2506 2530
1881 2633
25 281 822 947 1050 1062 1706
1908 2013 2621
1370 1377 2218
729 2425
2191 2291
634 2232
61 257 1565
30 2176 2206
670 1521
484 1164 1245 1940
161 386 456 784 819 2103 2412
1094 2435
585 657 683 998
778 928 1065 1830
340 1786 2064
152 430 1931 2530
776 1369
778 1716 2094
224 1199
687 2234
415 1687 1741 1792
268 2348 2390 2542
701 2238
122 953 1449 1824
645 2541
1664 2086
360 634 1572 2617
513 1999
99 465 758 1160 2012
1239 2083
96 396 424
1125 2348
1400 1973 2531
753 1200
86 1305 1312 1988 2156
1162 1882 1948 2206 2252 2507
324 2226
143 2434
1168 1220 1954
143 414 441 2466
512 633 1358
1751 1975 2415
192 1833 1969 2443
36 765 1133
891 1357 2104
396 1189 2116 2390
304 761 974 1738 1803
908 2010
386 1315
608 694 743
561 889 1933
251 405 726
915 2187 2308 2375
73 1048
48 846 1617
107 469 1389 1775 2272
424 1248 1529
116 496 2098
73 87 400 928 1841 2615
686 746 1521 1639
152 2123
144 549
512 1429 1992
531 1492 2080
161 2587
281 1322
74 955 1038 1746
537 1994
277 1063 2098
113 423 2463 2478 2535
777 910 2408
320 331 1220
358 1959
343 2523
968 1090 2439
233 764
672 1763 1914 2450
1034 2466 2537
967 1299
1274 1959 1985 2184 2429
42 1094 1939 2242 2256
661 926 1009 1060 1213
2169 2316 2450
369 515 1010 1334 1720 2305 2663
651 992 1812
322 841 2183
897 1010 1418
573 1785
297 1214
288 2002 2371
67 104 387 1190
1195 1308 1363
279 689 1140 2537
161 517
293 1776
703 1391 1794 1990
29 55 894 1564 2372
1505 1923
2180 2620
110 553 1205 1237
1418 2372 2383
776 1518 2028 2538
40 481 1427 1818 1883 2288 2636 2658
285 918 2206
207 364 485 1820
37 103 1828 1830 2060
64 157 1398 1573 2474
454 638
475 1851
447 1417
1304 1950
219 696 740
2189 2461 2500
280 396
1063 1324 1362 1716 1726 1864 2041
633 875 1551
355 1196 1583 2524
107 544 1307 1608
651 948 1764
65 1918 2295
1454 1928
449 1321 2209
152 1370 1624
654 722 1447 1883
865 1788
722 1689
52 495 828 2236
1559 2288
1142 1386
1084 2463
1869 2449
26 311 579
353 1326 1436 2347 2403
467 960
1730 2358
714 1508
91 1823 2210
302 849
454 1758 1768
1153 1197 1981
227 714 1406 2348
68 127 1052 1748 2194 2278
655 658 730 2109
749 1824
460 898 1257 1666 1781 1945 2535
1320 1450
560 2148 2203 2406
125 210 409 665 2088 2526
363 599 1403
265 715 772
256 423 568 1856 1893 2383
1170 1201 2241
134 582 872 1426 2008 2646
142 1015 1179 1956 2191 2311
513 2057
939 1401
649 655
1925 1955 2118
733 983 1821 2151
851 1010 1390 1563 2352 2501 2552
1960 2311
534 1992
1187 1535 1966 2524
2300 2499 2523 2647
20 248 724 2628 2645
212 259 1333
812 2546
357 2305
435 1980
716 1656 1917
1336 1654 1962 2540
1109 1370
89 1430 1724 2367 2650
282 2048 2068 2426 2568
369 1437
74 1823
11 1060 1436 2273
682 934
454 488 736 1675
356 572
585 1562
834 2540
1201 1758 1951
1645 2621
240 439 1499
32 54
789 2524 2640
766 1538 1555
741 2204
2232 2428
233 1355 1655 1861
143 1292 2138
168 471
813 900 2407
394 754 2584 2661
1696 1924 2329
54 785 1147 1963
1654 2322
159 1202
492 1264 1438 1991 2094
602 645 865 1416
37 2364 2534
574 677
42 1496
620 976
273 844 1050
190 925 1165 1393
1113 1882
1271 2561
1124 1343
295 385 1235 1358
1093 1481
188 381 1754
479 1447 1823 2428
1285 2512
454 1215 2620
223 1400
587 698 2330 2569
890 1320 1491
1099 1208 2309
260 1347 2038 2353
29 1651 1785
2311 2628
988 1114 1333
91 2499
152 229 530 1117 1697 1980 2601
791 2189
1243 1837 2240
561 709 2234
127 2337
391 979 1630
216 268 273 1337 1953
1466 1642 2095
840 1271 2537
561 1379 2643
1307 1385 1423 1606 2478
1058 1256 1322
1314 1917
135 933
918 1017 1505
2127 2230 2590
21 1413 1809
869 1362 2458
29 1438
2008 2632
280 1531 1676
1085 1374 2553
1759 2354
1297 1578 1778 2138 2236 2605
1780 2143
159 1141 1324 1353 1510 1983 2171 2542
873 2501
923 1256
520 1754 2403
68 253 284 1100
1052 2064 2606 2656
138 959 1092 2341 2511
977 1852 2110 2427
498 1460
667 757 1775 2006 2080 2240
604 1085
178 319 2229
1497 1981 2030
193 719 759 842 913 2602
273 706 1035 1463 1723
1256 1759
1290 2476
295 487 2023
276 325 608 1717 2627
1449 2030
889 1105
726 761 2097
942 1220 1678
1507 1855 2375
934 1084
869 1721 1914
976 1708
481 1806 2216
133 262 2578
1596 2136 2348
150 1036 1063
49 118 291 311 680 871
226 2519
165 1887
125 418 1210 1912
748 800
684 1527 2218
702 1112 2362 2371 2538
305 952 2500
235 279
893 1125 2239 2640
306 1604
614 761 1506
1510 2243 2435
1563 1991
154 1821
1425 2649
1646 1765 1816
665 763 1347 1644
1154 1182 1814
469 833 2025 2231
360 848
261 517 679 949
241 425 838 1199 1203 1680 2035
639 1221
110 1906
493 828 972
388 512 2501
258 714 1583 2344
194 224 647 1890
347 2629
549 825 1549 2630
934 1023 1763 2200
17 530 693 1640 2461 2620
358 1254
126 2046
1153 1329 2038
515 713 780 1171
267 1581 2594
1853 2274 2647
1029 2277
858 1491 1695 2073
864 2286
958 1791 1890 2024
97 344 828 1017 1349 2406
2067 2479
1293 1913
1416 1648 2016 2278
82 186 1535 1602 2598
528 981 1285 1389
104 1611 2321
1110 2427
864 1387 1513
977 1820 1879 2091
895 930
134 478 531 687 1300 1819 2615
962 2061 2470
610 851 1776
45 51 892
290 2543
889 1292 2228
268 979
290 1413 1629
2029 2283
829 1489 1655 2554
364 722 929 2435
648 2491
499 2559
1068 1474 1542 1666 2066 2324
415 458 2551
341 1478
1100 1197 2236 2438
281 370 532
2119 2182 2445 2550
228 394
316 781 2492
258 1560 1568 2267
587 1421 1634 2643
209 1272 1925 2094 2243
66 274 296 1232
230 1698 2589
2547 2564
1345 1625 2070
1282 1800 2278
75 1577
107 683 1094 1276
41 116 178 1748 1879 2407
1307 1406 1507
1264 1695
1180 2234
243 1012
816 1524 2057 2428
969 1084
925 1933 2555
1159 1433 2212 2348
561 2232 2334
401 924
406 1944
17 378
892 1905 2134 2609
1233 1748
236 827 1029 1237 2034 2334
625 1786 2321
64 1079 1481 1672
1345 2061 2101 2326
751 1957 2331
895 1091
421 678 1537
500 1494
1342 1613
410 635 1139 1295
30 1369
1019 1849 2313
1129 2549 2616
165 841 1517
239 2435 2650
461 494 1037 1081
929 978 1471 2646
126 964 1032 2044
1825 1851
2134 2321
547 773 1132 2464
717 2557
1166 1550 2009
478 1007
179 1037
1437 1962 2140 2425
172 2044
150 2453
212 2579 2635
1336 1687 2669
198 1560 1831
1831 2026
15 2169 2299
175 2417
66 1838
314 1506
1134 2172
368 1262 1813
491 569 1252 1302
1204 1782 2634
336 537 1869
1476 2502
598 698
1464 2532 2663
671 1335 1507 1662 2135
395 838 1371 1574 1675
261 940 1348
1085 1291 1492
1961 2144 2147
1394 2122
868 1366
306 378 569
1769 1851 2551
1186 1292 2524
1520 2431
852 1271 1297 2291 2396
637 923 1706 1722 2300
1840 2109
955 1409
165 2234
1348 1968
1116 1845
554 1276 2565
421 2474
580 752 1955 2231
1709 2353
881 1736 1851
36 95
120 417 1203
1308 1904
671 801 1014 2022
708 1723
493 622 975 1408 1832 2400
168 840 1086 1092 1635
867 1968
440 964 1149
235 347
295 378 2554
1268 1312 1703 1946 2657
1927 2316
65 426 1295
510 828 1006 1716
401 583 1998 2577
562 881
550 1021 1180 1241 1591
232 2273
179 688 1388 2072 2636
232 257 300 1571 2008 2151
99 1326 1487
1151 1449 2095
107 299 1154 1746 2150 2289
522 2042
210 506 1344 1639
1139 1364 1530
243 912 1399 1675
1783 1802 2079
786 1411 1808 2603
941 1304 2541
1473 1549 2123 2209
237 1792 2068 2116
1916 2389
115 311 1659 2316
340 1049 1367 1425
553 649 1933 1942 2206
114 2368
357 2429
551 681 777
211 1197 1659
308 687
223 802 1020 1413 1888
1671 1843 1997 2001 2172 2443
594 2076
2441 2509
101 145
265 307 1133 1186
587 1706
435 580 980
34 168
490 593 1721 1849
456 1048 1117
405 432 567 1589
19 555 766 1517 1731
68 1152 1380 1864 2394
41 1716 2198
192 415 1103 1819 2004
292 2656
782 1820 1979 2496
520 711 1182 1655 2429 2481
17 29
2397 2486
265 480 2097
1316 2525 2612
2080 2285
579 595 729 873
41 1110
905 2464
529 572 608 2580
252 1193 1761
68 215 757
209 1026 1868 2565 2586
184 2573
1880 2270
826 1807
761 2538
1411 1844 2049
19 228 675
350 923
385 496 2301
453 1261 1433
536 782 2359
659 2466 2559
652 1159
270 471
73 1403 2589
58 429 573 1233
355 1242 2164
1534 2535
544 1534 1851
182 689 2048
174 341 2218
268 2106 2152
162 521 1626
870 1280
472 1457 1546
745 849 1177
639 816 1013 1130 1495 2453
548 976 2477
9 2515 2597
1863 1907
895 1686
565 743 2030
1029 1534 2177
611 622 659 1464 1985 2086 2245
294 2198
1241 1732 2301
25 1204
1085 1393
522 660 898
833 2554
294 1403 1498 2085 2457 2549
974 1414 1888
78 1025 2372
454 882
1739 1781 1813 2103 2381
310 503 772 2180
378 1331 1757
1345 2130
313 1084 1143 1309 1485 2504
1164 1423 2174
1437 2415 2648
640 1838 2479
768 1949 2015
172 1048 1491
394 940 1343
956 1620 1963
602 1429 1451
1821 2337 2527
387 646
55 2316 2630
1569 1695 2266
188 587 1919 2098 2359 2541
1013 1171 2008
295 1627
1320 1691
1597 1632 2125
58 391 834
894 1962 2075
1705 1849
28 148
109 819 1622 2063 2579
362 1270 1551 1625 2120 2121
1233 1949 2233
1233 2459
480 969 1849 1910
283 1393 2547
94 1693
1209 1711 2062
1787 1901
1154 1296 2072 2369
160 720 870 965 1910 2251 2534
999 1880
674 2046 2346 2546
59 629 2122
100 1806
465 2536 2648
528 2550
902 1381
784 1614 2161
955 1342 2439
252 1229
291 426 461 543 1486 1844
1893 2434
601 986 1131
1589 2034
350 436 2163 2267
766 811 2096
689 1914 2078 2194
2123 2441
286 1634 1736 2501
919 1888 2007
66 698 1028 2150 2604
226 1165 1425 1552 2522 2584
1627 1850
502 967 1112
146 318
164 959
975 1517 2025 2345
205 443 855 1327 1987
841 2586
117 1034 2055 2347
488 902 2530
458 1116 1753
991 1404 2526
755 1658 2295
351 802
341 1990
29 239 2561
247 1367
756 1332 1847 2178 2574
296 307 1289 1313 2029
114 719 1456 1744 1965
469 519 1706 1786 1954 2047 2300 2379
1479 2579
695 1058
315 604 771 2108
1141 1234
151 975 1871 2668
415 2223
1907 2149
586 925 2272
25 233 301 1830 1864
25 105 1517
1147 2377
922 1588 1646
207 304 1040 1536 2192 2386
1683 2180
680 1543 2643
502 1181
677 1552 2396 2623
517 2384 2649
998 1182 1245 2357
1278 2116
978 1155
509 1176 2351
1287 1297
1845 2232
745 1395
536 612 1233 1691 2463
12 715
946 1428
819 2030 2119 2557
412 757
9 1068 1667 1841
397 498 2618
723 1463 1596
547 1675 1942
54 378
1022 1394 2235
286 300 310 1049 1184 2639
111 1022 2407
1338 1668 2428
702 1653 2072
19 901 1668
251 955 1014
100 1859
972 1644 1888 2067
127 1973
485 673 677 2121 2381
78 1091 1829
329 885
30 1645 1743
140 206 961 1542 2112 2293
378 1960 1966
885 1496
1113 1420 2130
325 342 453 2283 2298 2324 2542
852 1898 2475
1101 1454 2013 2645
649 854
542 634 1125 2466
364 2159
180 2441 2564
249 356 1369
68 2031
369 860 1611
8 699
185 1387
487 1482
406 1511
776 943 2636
1294 2221
342 651 801 1952 2237
263 407 541 673 876 2665
33 1679 1867 2497
1267 1654 1718
639 1704 1766 2061
394 1750
872 1464 2066
1213 2410
491 586 1154 1495 2594
335 1250 1864
11 1327
293 430 1419 2426
333 910
763 1154 2604
1571 1848 1904 1996
806 1596 2230
961 1266
202 1259
455 1371
168 209 1195 1858
707 817 829
535 1078 1496 2095
653 787 1657 2541
760 783 2068
258 838 2157
385 700 928
268 1654
219 1036 1073
270 344 1285 2346 2474 2518
356 821 2175
1079 1122
769 963
447 2240
62 587 1106
60 65 339
495 542 1494 1631
1075 1734 2135
1283 1425 1855 2599 2645
797 2008
7 322 2482
1004 1197 1502
1688 1702
715 851 984 1498 2135
1152 1474 1840 2396
1499 1761
1122 2435
118 204
839 2091
710 1753
869 1164 2661
1822 1850
885 2161
53 2458
592 2466
1030 1860 1925 2232
202 751 823 1091 1186 1880
1745 2400 2547
2100 2162 2187
184 606 1981
78 2078
57 2546
221 371
2124 2339 2480
695 940 953 2211 2629
211 614
1055 2545
172 1601 2448 2614
249 362 1554 1978
1261 2312
63 510 822 1180 1994
787 797 1620 1981
604 1192 2299
328 851 1755
162 186 1217
440 723
119 1162
390 673 915
1122 2253
159 1017 1302 1455 2334 2636
469 972
465 571 634 2209
464 751 2121
140 2329
754 1100
68 1515
348 1253
44 523
504 567 1420 1675 2057 2166
845 1410 1936
882 1126
1191 2050
131 245 1988
563 933
75 188
11 1211 1919 2024
849 1008 1185 1838
611 1171
170 393 1725 2314
1660 2240
140 266 344 956 1030
409 1314
54 993
281 919
28 2046 2122
1099 1367 1385 2002
626 1825
399 520 1698
679 1849
56 1111
216 833 877
1026 1456 2010
183 824 2097
548 2178 2278
108 361 1264 1347 1552
846 1820 2474
1832 2216
1015 1243 1254
13 64 110 991 1133
32 245 1185 1412 2415 2613
202 852 1082
1061 1550 1685 1963
567 618 2241
227 1933
992 1270 1517 2305 2453
678 1855 2078
409 1025
824 1888
1406 1433
646 898
556 2370 2386
464 1131 1774
59 672
743 1053 1393
504 2033
426 1449 1631 1638
1191 2616
583 608 2473 2609
840 1653
524 1961 2076 2507
646 943 2366 2400
177 680 2164
667 1376 1418 1721
265 284 2183
372 1703 1891
603 643 916 1632 2038 2558
299 1154
445 1759
562 1254
329 1746 1882
660 1465 1808 1884
273 1902 2626
1840 1897 2151
50 681 1608 2375
735 2319
913 1927 2666
1610 1742 2549
602 968 1718 2184
300 352
288 1458
253 1495
289 1627 2057
1312 2603
1024 1409
267 614 755
1880 2425
1120 1240 1893
70 1054 1634 1844 2201
948 1040 1112 2294
252 776 1063 2025
952 1133 1477
224 933 1047 1517 1549 1578
397 2354
1367 1447 2183
228 1974
334 1337 1604 1854 1970
689 1202
511 1633 1999 2047 2164
636 2144
2036 2565
824 1531 1644 2036 2482
1152 1161 1379 1815 2164
21 265 422 2020
266 329
530 1485 1607 1876
1129 2028 2375
362 1421 1705
868 1718 2232
284 1563 1783 2071
1549 1832
1025 2429
180 1956
433 913 1952
1481 1872
458 889
1178 2534
180 212 832 909
572 1145 1800 2537
815 1608 2199
135 293 476 2236
1085 2097 2103
116 1521 2275
1166 1478 1716
324 754 2072
301 552 804 2540
181 1969 2119 2323 2467
1587 1856
588 1543
154 1177 1389 1553
2021 2234
1433 2366
248 528 1560
1438 1589
2047 2144 2478
678 1699
1571 2153 2320 2353
1777 2289
663 825 1682
238 2587 2589 2651
2149 2590
1396 1833
364 1011 1182
1351 1562
460 1213 2186 2342
1168 1758 2032
1374 2204
34 763 1479 2085 2318
805 1068 1781 1968
552 1179
430 2585
98 1190 1954 2312
71 626 1636
726 897 1054 1138
186 1901
938 1292
265 1254 2574
230 1886
2063 2109
946 996 1477 1763
34 432 508 587 638 918
1054 1580 2259 2659
1474 1862
764 2024
603 2447
1050 1969
331 1827 2157 2529
395 1940
117 314 373 491 672 2131
1344 2122
434 2320 2624
1392 1456
45 222 641
1424 1741
1558 2617
933 954 1161 1513
1133 1227 2400 2404
367 679 1620
175 1053 2440
791 1327
511 1541
986 1753 2512
800 1278
520 2137 2600
169 238 2427
595 1377
399 708 1388
369 833
1465 2458
756 1485 1876
575 2666
305 1582
2573 2579
328 378 1324 1636 2403 2546 2628
360 802 1797
331 1651 2273 2311
1046 1427 1560 1900 1901 2202
95 702 1545 1955 2400 2477
138 979 1373 2341
149 417 788 1020
629 1369 2143
32 1706
1129 1958
258 597 1339
4 405 1603 2380
74 129 2552
531 895 1074 1729
958 1870
177 626
430 1550 2163 2491 2616
1301 1967 2061
264 982 1097 1163 2032 2491
284 1442 1924 1935
1495 1766
449 589
1275 1777 2508
958 1047 1241 1329 1951 1958 1987
1490 1844
242 891 2138
192 858 1187 1719 1959
141 1009 1900 2045
247 1130
1544 1577 1759
1053 1974 2493
1674 1822 2439
2273 2291
805 2282 2624
241 916
259 1023 1613 2594
264 1292 2002
1357 1572 1779
156 1073
1190 1902
467 2289
411 1614 1731 2538
1486 2398
632 829 1469 2647
235 337 733 1534
2200 2508
932 1468
191 1160 1932 2368
74 838 1865
499 2093 2170 2335 2510
124 307 456 1524
509 2543
479 1409
257 388 611 1513 2281
383 611 1898
52 89 326 1696
572 2264
50 396 1539
709 1364
162 567 709 1165 1399 2326
248 2519
510 1403 2638
1631 1645 2415
261 988
1337 1391
426 2230
1032 1203 2647
333 459 771
115 179
561 1919
1313 1714
1735 1899
242 355 639 1014 2570
58 1207
789 1317
955 1168 1303
44 179
1866 2277
539 2403
445 2427 2518
935 2429
2386 2618
1388 1596
543 1780
228 1342
342 889 1354
179 1189 1280 1552
373 615 624 944 2245
2050 2433
734 2204 2214
436 2617
412 1323 1526 2084 2218
1186 2316 2579
268 308
57 150 2028
161 1250 1760 2503
140 2633
458 1253 1429 2029
151 1260
510 1248 1360
161 918 1036 1399 2550
143 736
530 1629
742 975
1209 1647 1827 2169
349 2563
1041 1151
2053 2574
186 686
1056 2206
722 1163 1311
155 1821 2150
212 214 1623
1332 1926
688 1291 1525
157 870 1225
1596 2293
223 1672
1661 1978 2544
1415 1771 1967 2238
553 1348
828 858 1201
126 881 1480 2647
87 1785 2059 2543
707 728
609 1985
30 1766 1898
687 1128 1337 1920
259 1156
372 1555 1904
56 403 492 1366 2463
247 874 1836 2166
1085 1143
1082 1148 2115
855 1360 1985 2003
464 1494 2338
26 1075
1456 1568
169 827 2121
1338 1980
326 1960 1969 2504
147 442 2137
1050 1549 2294
491 493
2603 2644
1247 2078 2525
1578 2080
1836 1913
672 1832 1862
2172 2493 2595
178 1089
779 1048 1237 2624
708 910 1242 1257 1434 1577 2087
282 888 1274 1360
442 484 837
428 860 1265
1155 2090
744 901 1677 2090 2519
870 1791 1955
2311 2649
431 832 988 1175 1285 1289
273 1082
1609 1997 2034
1825 2182
804 891 1287
1615 2225
252 792
355 961 2283
198 443 789 1388 1908 1984
34 389 1246
1009 1210 2051
666 2141
1053 1410 2367
623 714 2288 2641
658 2010
75 1291 1784
86 902 1002
299 948
1690 2133
1254 1396 1597
116 457 513 666
254 550 1475 2061
2008 2195 2663
2482 2585
868 1167 2244
830 1489
61 794 1491 1804
202 1912 2306
551 1175 1607
765 2154
470 2549
29 120 453
2 2537 2575
141 766
1394 1418 1687
1381 2391
270 1592
14 625 1257 1387
469 2509 2562
671 1578 2344
852 1295 1530 2317
447 2611
782 2004
1481 2363
847 1763 2645
995 1508 1548
200 1495
767 1377
435 1171 2088
119 624 1317
479 1746
205 1030
786 1690
1349 1386 1701 1902 2100 2327
689 2514
1162 2122
143 1310 1601
1474 1580
755 2497
345 943 1490 1663 2199
2426 2473
885 2482
2096 2171
426 1813
104 977 1256 1515 1876
1953 2009
165 294 1771
568 1838 2020
912 1881 2116 2237
329 1527 2100
1673 1735 2166
1765 1830
723 2417
527 1877 1902
310 468 671 1354 1537 1766
248 2407
350 1342 1991 2263
1087 2144
332 2204 2457
23 622 1528
840 1246 1366 1727 2231
1508 2073
183 947 1133 1303 2120
198 1928
2066 2217
967 980 2253
1704 2637
397 729 1595
279 1295 1390 1477 2094 2245
708 870 2126
580 801 926 1406 1549 2437
145 511 574 1520
834 893 1847 2161
1696 2374
1129 1900
367 1647
149 833
73 651 1401 1784
995 1648 2356 2418
817 1111
457 751 1248
2278 2507
977 1357 1886
642 2614
556 1045 1735 2563
681 979 1631
1250 1374
1382 1456 1960
63 1383 1464 2470 2521 2525
19 696 1761 2566
2110 2286
150 2166 2187
215 352 1123 2502
261 1718 2272 2462
947 2156
539 604 612 1197 1546 2364
443 826 1529 2517
90 2398
224 1039
868 1551
1113 1750 2331
202 235
20 1901 1956
325 2424
681 729 1685
602 1779 1914 2450
285 420
624 727
455 1620
489 673 895 1182
954 2536
12 379 1713 2465
174 809 1143 2059
2 2005
596 668 996 997 1420 1538 2199
81 557 1522
676 910 1332 1350 1808
316 1290
239 381 447 1604 1956
1412 1752
1068 2091
653 1408 1868 2263
12 1209
299 680 1458
45 1873 2460
1537 2403
41 326 715 826 2087
1833 2472 2515
833 1717
668 2473
259 1032 1158
495 840 1094 2135
594 1063
2121 2417
436 552 854 1249
753 1011 2570
1455 1518 2504
327 1640 1848
503 925 1043 1604
343 1720
440 917 1953
706 1376 1518 2089
905 1482
156 1249 1862
137 1388
828 2110
561 2299 2467
472 760
429 593
211 1540 1854
2200 2290
563 983 1336 1352 2001
2372 2597
1345 1582 2574
1578 2360
1319 2496 2661
1630 1728 1737 2204 2351
708 991 1175 1543 1955
156 401 659 1157 1740 2529
497 1542
2281 2396
504 1379 1559
315 1510
1305 1542 2115 2369
98 2541
2477 2631
161 1029 1648 1665 1716
56 982
270 2363
1042 1228 2549
822 1016 1736
1392 1621
1338 1959 2314
31 875 1373
656 920 1829 2318
1030 2461
101 483 1348 1978 2596
473 845 926 2302
681 1407 1889 2017
116 1143 1979 2396
129 1246 1491 1783 2361
964 2077
47 624 2145
486 2606
424 440 635 1741 2018 2523
1547 1942 2033
64 2146
1028 2290
982 1421
370 2145
1067 1280 1395 2566
824 846 1826 2600
2259 2269 2515
108 1539
1154 2033 2299
372 967 1091 1293 1930
432 928 986 1669
236 361 836
470 528 1015
227 260 2593
970 1960 2048
1196 2128 2357 2448 2526
587 1053 2114
332 2082
1341 1713
238 512 757
1026 2152 2250
176 389 1352 1873 2647
379 852 2044
158 2077
125 1178 1856 2307
2064 2191
292 1754
1611 2282
140 995
16 632
429 1265 1852
115 855
1389 1903 2529
543 2225
183 1267
365 693
192 843 1575
75 1686
10 675
1660 1853 2065
578 2596
20 1037 1395 1608 2349 2454
856 2447
596 845
1646 1968
845 2417
194 1239 1599 1947
292 1057
506 982 2217 2320 2425
200 1118 1868
78 139 528 902
147 294 1251 2441 2577
967 1081 1796 1855 2282
263 664 1340 1391 1576
1976 1992
769 832 1588
500 1958 2131
16 1310 1718 2667
489 1566
1082 1092
659 1683
1117 1387
1176 2102
283 405 715 835 957
1955 2188 2518
32 322 446 757 862 915
1534 2199
32 1186 1764 1942 2384
640 1986 2092
857 1781 1868
798 1784 2297
482 999 1253 2250
634 738 2042 2649
1075 1909
829 2574
448 1571 1690 2168
1923 2161 2549
81 726 2001 2211
650 1598
714 716 1886
253 1603
586 2426
659 1025 1026 2593
1164 1372 1474
1020 1904
853 1297 1618
237 585
343 504 1288 1969
151 978
1712 2384
1737 1960
1267 1577 2030
292 628 860 1483
159 234 2349 2629
405 1587 1590
1231 1696
196 919 1644 2227 2261 2465
1131 1905 2127
96 233 1903 2100
719 1313 1392
664 2613
113 1279 1547
566 1406
1168 2113 2253
376 679 813 893
148 152
821 1083
1657 2218
535 1452
1175 1840 1852
126 873 1818
1639 2032 2419
1038 1900 2270 2491 2606
352 1179 1686 2053
913 1848
791 2029 2230
632 765
727 1489
1832 2634
1016 1947 2126
159 961 1726 2613
140 1410
122 472 1236 1661
824 2052 2151
246 292 1349 1692
442 979 1867
444 1020 1163 2351
540 1093 2068
946 959 1599
822 2041
440 643 827 1883 2241
176 753 1745 2316
563 794
835 2127
1481 2193
435 1542 1646
1391 2002 2448
2567 2628
145 369 969 2468
166 1281 1901 2534 2542
87 787 1684 2200
940 1288 1506
1557 2579
760 1381
304 743 1389 2094
54 1075 2171
573 1459 1745 2546
2305 2620
198 456 699 1547 2643
2033 2641
658 908 1788 2614 2655
480 632 1480 2184
580 1081
22 1578
52 382 1133 1969 2578
107 653 955 1746
528 1088 1928 2484
55 1126
2217 2551
778 2192 2277
926 1094 1939 2410
469 2145
10 1541 1855
112 350
647 881 1686
503 2535
332 584 1758
262 517 570
353 1175 2313
1504 2191
931 1902 2611
150 1038 1154
224 702 890 1440
768 1304 1525 2615
1930 2637
1051 1293
467 1654 1880 2164 2407
964 2247
119 231 2068
167 1082 1308 2522
905 1093 1179 1710
645 1184 2142 2365 2471
1689 1816 2256
1044 2306
1614 1988
95 1600 2667
965 1110 2260
92 110 177 502 863
84 1346 2096 2292 2594
549 777 2308
1624 2177 2336
1201 1471 1982
676 861 1303 1324 1476 2394 2551
520 545 1540
459 489
625 1976
386 513 2310 2396
2193 2515
442 2032
314 1436 2596
18 1061 1693
448 2648
927 1899 2517
522 899 1710 1966
238 1019
217 341 840 871 2145 2343
443 1224 1241 1975
1110 1900
475 1669 1987 2351 2523
2375 2561
676 1371 2088 2478 2493
326 436 1429 1532
79 1703
343 675 2666
1831 1867
1541 1733
652 1004
2419 2636
207 2043 2121
252 606 2197
497 934
464 948 1631 1874
614 651 1695
399 1429 1986
938 1125
1498 1795
459 1208
1331 1458 1772
586 2254
1383 2345
1098 1624
372 2271
738 1049 1702 1800
1079 1931
1421 1678 1730
88 198 218 1651 1725
332 528 979
606 626 2112
114 375 698 2581
548 2380
935 944 2196 2211
1407 2036
2205 2304
139 1767
640 1505
1034 1261 1416 2553
246 1604 2463
574 1822 2511 2598
1123 1794
116 841 1898
124 424 496 670 1281 2473
1826 2330 2482
147 1258 1636 2560
470 1811 2034
86 413 885 2234
79 573
154 816 833 1742
2372 2536
109 329 628 2315 2604
7 457 865 2451 2580
230 410 1177 2115 2614
53 1118 1120 2602
236 699 2053
901 2027 2577 2640
139 1890 2306
547 717
190 546 2450
564 1150
473 627
130 242 1015
428 614 1884 2198
727 763 1113
389 456 2598
825 2634
212 436 1050
1892 1912 2011
1665 2165 2550
1719 1995
13 1007 1231 2410
105 1573
448 516 1272
266 1937
830 897 954 1580 2027 2141 2452 2644
21 31 1301 1364 1780
143 2571
498 533 1508
550 1129
315 347 1568
866 1028 1973 2643
74 1664 1819
16 371 535 1691
71 726 1426
310 543 1167
728 1544 1848 2180
1521 2317
782 892
119 1004
251 866 1102 2150 2246
958 1362 2168
276 1001
1049 1656
1717 2521
1413 1879 1959
4 686 2375 2559
1956 1997 2544
334 2512 2632
786 969 1495 2576
510 1366 1610
1091 1813 2057 2217
158 675 1610 2096
588 620 1423
1747 1768 2262
9 803 842 1297
956 1392
54 507 1130 2291
496 1652 2155 2621
846 1294
668 1914 1992
95 2431 2666
651 2048
112 825
2065 2348 2404
2057 2427 2539
261 1627
51 620 963
1893 2122
1147 1287 1522 1839
195 1685
875 2379
107 1364
977 1589
859 2411
558 2568
40 447 517 1351 2256
978 1768 1814
1019 1917
877 1183 1944 2158 2190
1028 1392
245 582 2037 2271
298 1801
93 1660
6 850 2191
194 765 1505
47 1636
551 1163 2303
224 1517
1090 1719 2408
403 1540 1776
187 1999 2332 2597
993 1806
641 1184
447 466 727
1153 1321 1971
170 1102
188 278 777 1225 2476
354 1959
22 1655
598 1351
658 707 1853 2285
337 2155 2315
534 1205
284 1479 1758
787 1228
316 689 872 1230
147 512 2329
707 930 973 2091
522 1206 1570
506 809 2127
481 955 1807 1850
144 2156 2487
2039 2629
99 1731 2517
42 1835
30 248 383 740 1060 1844
14 401
1896 2305
776 807 950 1568 1893 2051 2154
1379 2209
282 988 1309 1357 1502
64 1406 2066 2327
1453 2057
511 1719
331 2614
519 963 1021 1797 2003 2604
1742 1823 2307
579 1229 2622
82 1902 2160 2617
42 2636
807 969 978
813 1395 2380
567 643
34 973
709 1524 1714 2470
104 981 1714 2507
556 997
2042 2634
1118 2284
818 1517
1053 2037
260 2524
299 380 2288 2487
698 1077 1275 1659 2058 2620
1019 1074 1639 2486
110 915 1354 2002 2503
649 988 1548 2459
428 645 1465 2643
800 1805
6 783 809 2345
642 1410 2193
2109 2126
61 1078 2633
1040 1697 1987 2555 2565
133 581
1296 2169
313 639 1922 2139 2545
1062 1405 2187 2300
1047 1800
1113 1945 1978
920 2061
171 583 2220
573 1668
271 2473
866 2352
552 1797
13 173
1009 2126
1383 1767 1772 2241
1772 2037
26 1092
375 380 961 1137
243 1940 2018
172 190 471 2098 2283
70 488 548 912 950 1300 1827 1969 2529
349 541 1956
1369 1447 2168
1122 1660
432 1339 2156
781 2048 2173 2205
449 551
927 979 1188
719 1485
106 1093 1305 2054
637 1681 2463
1391 1426
1285 2225
2395 2439 2563
860 1559 2368
223 1115 1169
365 788 1427 2219
16 417 445 732 1926
1029 1159
923 1856
2015 2237
822 1275 1722 2229
124 964 1381 1497
1406 2542
41 155 338 1148
1397 1901
92 117 969 1120
593 2160
1317 1324 2191 2395
230 259 366 2088
956 1437 1497
420 590 1787
279 610
829 1203 2299
1522 1562 1840
81 173 700
95 995 1188
115 551 1456 2425
552 1889 2360
52 453 2087
425 2192
343 753 2520
97 396 632
649 1666
841 869 1405 1740
987 1813
612 1723
95 227 842 1280 2457
339 1285 1368 1983 1997 2490
309 488 1952
997 1381 2349 2500
1068 2635
913 1531
1385 1994 2348
927 2099 2327
354 757 1546 2147 2660
542 1189
489 1475 2165
79 798
65 952
255 373 1864 2618 2656
500 1635 1919
1719 1894
2406 2609
107 2581
1033 1597
1210 1271 1309 1602 2088
2011 2031
225 1132
581 636
1709 1819 1882
537 2207
1125 1916 2133 2293 2365
642 1936 2158
909 954 2318 2390
372 1548 2312
148 286 1054 1912 2443
186 227 1589
186 1336 1548
60 117
851 1983 2313
203 1009 1770
255 584
148 990 1257 1602
557 1666
725 1030 1393 1464 1709
1610 2230 2429
116 859 1031
622 720 878 1440
228 752 1515 1823 1966
1171 1587
981 2069 2656
265 1222 1340 2464
1125 1980
167 1067 2327
1709 1912
400 554 578
1078 2048 2099 2408 2596
88 1274 1278
388 1154
293 964
1088 1464 1839 2030
696 1917
864 1102 1767 2079
2083 2237 2365
1238 1314
503 1287 1881 2166 2230
398 985
271 987 1371 1966 2256
178 588 1191
322 1867 2065
283 1492
835 1747 2145 2644
690 928
85 1161 1313 1881 1999
521 569 691 837 2666
825 1229
218 1774
781 1807 1868
66 513
512 1815 1838 1998 2130
409 2503
1535 1626
1177 1636 1677 2291 2664
63 755 2086 2229
936 2386
1420 1962
563 1278 2415
231 632
383 1389 2026
279 845 1127 2137 2516
1356 1825 2450
608 2275
229 1899 2228
1078 2260
2134 2336 2517
681 756 1179 1429 2007
1060 2563
498 1371 1772 2400
761 1056
287 764 1388
98 351 621 2299
950 1060 1997
1301 1481
26 213 2009 2183 2536
606 1854
604 907 2208 2470
81 1978 2156
2189 2326
1352 1664 1883 2357 2380
109 2414
985 1472 1736
1133 1148
75 886 1420 1674 1921
2464 2631
389 628 1687
579 680 1067 1767
2044 2656
851 1025 1445 2208
581 1248 1436 1947 2390
314 764 1434
935 1050 1670 2390
378 1070
199 239 2526
225 256 418
653 889 1469
1746 2542
77 356 2602 2643
1525 2030 2597
53 1497 1937 2171
2002 2655
1303 2493
173 1084
216 1830 2651
346 754
2025 2037
283 765 934 1540 2530
86 114 2192 2636
1516 1980
636 1862 2181 2253 2433
1 1957
333 911 2451
766 1358 1369 1673 2512
473 651
141 807
1179 2336
659 954
503 1064 1484 1525 1958
328 698 1201 1469 1961 2251 2547
49 771
370 1802 1966
933 1454
436 2358
198 576
1034 1852 1870 1941
814 838
994 2094 2329
597 1587 1602 1982 2123
444 643 1476
1784 1938 2105 2524
241 904
959 1262 1863
947 2014
86 805 1039 1158 2313 2403
836 1222
73 527 583 2470
229 1746 2094
234 1133
610 1483 1583 1816
1114 2490
220 424 1629 2162 2219 2280
55 57
285 2415
173 1415 2030 2365
257 323 573 1389 1762 2313
46 2151
894 1473
593 1592 1857
1289 1695 1977
373 947 1520
1366 1469 1596 2644
489 2163
1441 2200
1276 1982 2560
1483 1830
518 1339
360 2193 2539
281 324 759 957 1120
582 1637
566 2060 2179 2455
863 1376 1438
945 2343
184 521 1301 2018
701 1530 2410
522 1562 1679
692 1504
1030 1308 1644
1050 2275 2334
1047 1127 1842
241 419 960 1592 1997 2563 2581
1801 2118
1045 1193
424 700
2096 2517
759 908 1377 1477
919 1494 2463
441 2547
924 1376
1254 1779 1825
413 793 1321
1570 1715
1655 1773 1827 1859 2628
932 979 1679 1846
1518 1618
413 1967 1992 2517
184 1538 2397
156 663 1317 1577 2506 2667
566 1288 1369
530 1940
1640 1744 1750
75 2509 2601
1700 2289
2195 2432
688 1509 2152
687 1469 2493
280 1228 1712
389 1873
1621 2383
1222 2288
236 377 1704 2391
1356 1442 1444 2049
1096 2218 2390
2118 2262
2077 2291 2583
856 1550
915 1720
453 2136
1120 1425 1714 1763 2395 2660
334 1293 2437
152 518 611 2420
1784 2245 2580
843 1908
574 938 1948 2662
478 1580 1707
173 217
1191 1921
530 1909
783 2457
125 287 898
1867 2446
764 1541 1783 2031 2240 2262
956 1439
749 1264
1051 2042
1538 1659
173 545 553 607 1747 2043
491 856 2610
585 898 1457 1657
183 460 754
1016 1082 2127
1609 1679
946 960 2508
762 780 1672
833 1190 2123 2166
257 422 1032
63 1388
412 647 1577
445 2238
422 465 2293
1266 1753
53 1011 1029 2234 2299
1522 1772
523 1626 1988
397 1443 1625
581 676 687 1638 1860 2195
62 581 2374
612 618
34 1041 1215
817 1749
799 920 1320 1710 1764 2397
800 2464
164 179 2545
441 2634
48 1108 1347
1358 1711 2169
220 890
861 1933 2553
853 862 2511
1581 1681 2261
473 2311 2643 2653
177 1131
140 2308 2554
749 1895
639 835 969 1197
1874 2261 2540
280 600 2013
1143 1362
529 1509 2130
543 1144 1319 1399 1662 2044
78 1501
201 486 1015
1571 1668 1672 1777
711 1871 1972
1242 2272
551 1953
1696 2260
686 2232
615 1787 1889
34 447 2007
2476 2566
459 723
460 593
94 1126 1191 1329 1618 2194
347 1810 2601
119 1566
695 1117 1854 1980
574 995 1135 1461 2451
809 1011 1110 2191 2254
292 1550 2314
1490 2312
260 2067 2251
1156 1584 2478
694 2124
196 875 1185 1292 1392 2452
1191 1501 2004 2530
443 929
468 1069 2141
1777 2554
338 404
482 2234
262 542 984
757 1720 1777
613 1586
34 504 997 1049 1129 1313 2305 2520
498 1675 1935 2667
841 1163
1992 2255
1127 1351 1480 1909 2132 2508
706 783 867 1838
593 723 774 2155 2381
315 947
1327 1923 2117 2237
1659 2112
1243 1963 2047
1136 1505 1744
1644 2243
231 258 321 1928 2329
52 1992
976 1678 2009
280 588 2464
1780 2562
153 1689 1756
425 2404
171 1429
565 798 1357 1583 1632 1732 2253 2341
1486 2581
1656 1988
808 953 2415
820 2462
1649 1965
1587 2619
53 275 1756 1975 1994
220 751 755 930 1668 1812
369 376
371 644
402 1275 1679
762 2256 2619
428 709
2147 2452
1032 2538
2256 2534
255 926 1930
537 1310 2098 2406
1423 1884 2605
183 208 1832
454 601 1157
428 935 1778
312 1034 2106
193 300 1601
110 1418
305 2238
336 609 785 1843
457 1027 1924
180 984 2237
2236 2336
1110 1645 2457
785 795 943 2027
1272 1984 2338 2650
78 563 670 1919
189 1038 1090 1338
2522 2627
1395 1538 1588 2365
173 740 1386 2115 2354
768 1040 1191 2201
801 1975 2113
1043 1494
1974 2002
52 321 1854 2018
1721 1898 2063 2614
1489 1867
827 1195 1684
542 1262
91 232 428
819 1600 1756
40 70 2289
372 434 563 2209 2600
537 1453 2131
86 1360 2025
896 1245 1338 2373
696 1140 2309 2320
424 641
266 565 1197 1360 2108
677 893 2294
534 1011 1569
985 1486 2595
1693 1703 2629
1440 1801 1861
76 194 312 348 2086 2523
360 891 1268
1054 1648 1768
682 1153
798 1000 1007
442 1056 2450 2603
351 919 1300 1954
1541 1706 2532 2537 2606
551 1592
1480 2523
768 1421 1654 2443 2479
1161 1526
26 449 1021
94 448 1183 1428 2331
216 391 910 1311 2259 2336
1100 2069
1114 1500 1866
1387 2517
84 372
527 2366
500 894 901 1020 1766 1975
1317 1953
796 1202 2053
1053 2169 2570
63 1993 2551
355 507
447 1087 1910 1913 1988 2637
2044 2612
1067 1101 1498 2079 2650
454 1889 2243
843 847 1102
256 1198
798 1289
441 1003 1322 1653
1386 2260
536 1781
1800 2194 2295
1728 1972
336 1249 1526 2317
1606 1726 1923 2358
1830 2032
121 220 782 962 1760 2269
543 879 2141
55 352 545 1606
840 1541 1846 2072
1047 2325
10 708 1498 1522 2015
1363 1524 2446
1051 2320
62 1934
207 610 1112 1961
417 505
288 2157
135 928 1144 1457 2580 2602
765 1591
1040 1916
428 1168 2062
273 1245 1506 2341
358 2163
137 1678 2395 2649
1052 2446
220 1480
432 998 1569 2523
1360 1364 1396
331 1827
276 2274
175 995
934 1692 2654
476 2342
1752 1967
444 1598 1917
465 849 2166 2363 2562
240 2119
305 336 1389 1682
768 1072 1226
756 1494
820 1457
165 1710
219 991 1313 1492 2286 2561
1328 2360
938 2327
226 1036 1603 1737
249 607 2361
2383 2483
767 1108 1618 2352
1091 1433
162 467 750
1071 1165
115 2167
707 1047 1351 2128
440 949 1312 1735 1852 2597
360 691 895 1431 1532
1251 2409
412 925 1337 1341 2172 2462
1109 1134 2510
101 1136 1734 1777
309 962 1004 2530
1062 1307
154 595 691 1441 1465 2252
188 2117
417 789 2444
155 1268 1448
215 828
444 877 1140
1513 2136 2155 2242
875 1008 2046 2634
151 919 1692
316 1819 1945 2430 2545
81 254 1635 1678 2070 2505
675 709 968 1093
790 1097
473 861 2478
1378 1426
1208 1820 2559
230 408 1719 2145 2394
41 102 713 2245
1451 1684 2309
327 1693
145 1024
1786 1879
1571 2534 2628
1564 2626
99 1477 1912 2455
169 877
181 1065
601 627 678 1523 2417 2590
670 1500
986 1861
478 2046 2160 2248
2022 2332 2370
1401 1637 1837 2194
503 1103 1519 2299
1980 2226
212 247 1943
908 1922
691 1867 2625
164 911 1798 1916 2363
940 1203
764 958 1861
1453 1807
459 1137
1117 1778 2158
61 2155 2301
194 1706
993 2050 2262 2387
145 781 984
86 1843
892 1158 1794 2614
226 538 544 1152 2072
575 827
32 1867 2376
481 1055 1459 1785
70 259 2427
263 2535
1321 2012 2414
384 645 1473
529 2036 2387
1095 1659 1787 2352 2486
310 1321 2245
200 897 2434 2613
178 288 830 2501
227 1401 2320
339 433 1644 1833
339 657
166 872 1004 2378
1379 1685
57 559 1780 2645
1359 2171 2268
29 2356
249 729 998 1574 2141 2662
934 2566 2619
1712 1865 2199 2353
123 1245 1991
59 160 244 1576 2272
824 1655
884 905
795 985 1550
1365 1876 2312 2465
172 190 1606 2373
987 1278 2311 2667
288 1679 2617
300 1028
1678 1930
94 1273 1678 2280 2524
582 1881 2127
2443 2588
1362 1381
232 509 2177
354 1278
394 2659
606 948 1756 1787
1270 2423
240 826 1736
338 974 987 1175 1693 2474
135 1283 1560
799 1362 1674
362 844 928 1249 1286
93 352 1509
396 1157
1379 1435 2423
430 1845 2397
1074 1910 2325
31 926 1078 2277
16 330 1060
1363 2129
212 1499
493 1340 2629
1998 2369 2497
701 2600
897 1463
1073 1505
2119 2615
137 1250 2038 2276
1001 2597
1256 2265
201 251 448
308 497 2542
1254 1535 2468
625 880 1337 2079
325 398 1014 1440
316 1256 1666
802 926 947 2496
282 1882
1253 1547
798 2386
378 2228
1299 1363 2252
984 1118 1265 2620
192 1410 1985
611 739 1969
880 1217 2181
257 2119
390 1208
109 1610 2666
211 780 1396 1709 1817 2226
842 1754
859 885 1490
1732 1884 2410
122 1618 2022
360 1408 1733 2253
216 547
368 769 875
1449 2619
451 2106 2120
717 2049
1085 1811 2561
1308 1486
226 789 959 1078 1424 2612
2242 2486
998 1954 2359
2093 2446
428 439 1014
306 1596 2601
13 886 1321
490 1340 1531 1769 2020 2195
180 1834
819 925 1703 2282
974 995 1645
388 1264 1777
776 2343
3 1682
699 877 1528 1807
85 398 1192 2477
192 703 1095 1981
437 1822
79 302 859 964
735 763
1440 2403
247 1323 1825 2190
923 1019 2324
245 306 1144
360 393 1663 2256
615 758 899 2053
312 851
147 2326
481 1185 2595
1430 2295
5 835 1118 1394 1640 1815
680 2452
930 1264 1950
1409 1870
384 493 712 1679
347 1525 1954
486 2329
3 845 1011 1167 2105 2167 2560
174 1098 1683
1525 1978
569 1026 2160 2282
1091 1391 2496
1781 1926
1171 1622
38 441 792 1104 1226
701 1300 1631 1649 2599
718 871 2212
902 1005
2084 2418
413 565 1558 1847
188 842
1176 1651
92 649 1850 2091
266 873 1473
108 243
1238 2472
603 1428 1456 1991
755 966 1429
772 1818 1888
498 1205 1242
788 1001 1217 1468
1098 1605 2617
151 2324 2426
215 1118 2603
59 268
326 1030 1147 1663 1900 2279
670 830 2225
2010 2477
69 2124 2224 2543
359 1078 1331 2485
413 894 1278 1966 1994
370 1679 2619
215 914 916
725 2171 2217
418 2436 2550
496 1436 2500
684 1198
773 1444 2590
431 1331 1427 2330
181 520 554 1583
1340 1874 1911
79 2600
416 2615
570 704 2122
1237 1586 1632 2636
1476 2038
467 817 2244
1826 2354
2139 2290 2626
1202 2177
749 1458
453 1541 2338
252 961 1592 1727
124 255 1246 1786
1885 2340
558 676 1198
2206 2553
167 522 1024
838 1245 1769
618 1307
2246 2631
451 1736 2034
298 537 579 1731
20 268 336 1567
146 497 944 1423 1956 2404
171 1127 2661
1266 2288
683 769 1720
642 1899
292 610 761
81 2087
759 1712
300 528 867 2473 2498
328 2427
144 369 769 2301
826 2533
432 1291
456 1306 1546 1862 2490 2508
960 1523
125 774 1418 2225
1009 1712 1750
21 1941 2157 2293
140 197 225 406 2443 2589
177 1182 2451 2608
2080 2118
475 701 2211
393 687
25 257 1716
143 622 699 740 1745
21 425 684 1794
490 633 2413
1265 1926
207 1964
1001 1004 1666
606 1811 2238
611 913 1208
415 1869 2004
1722 2487
1350 1776
761 1229 2490
588 741
820 2377
336 548
807 2005
190 1104 1254 1608 2212
1021 1461
486 1684 1697 2128
1195 1346 1459 1717
722 1228 1667 1686 1950 2640
2308 2507
2037 2088
1202 1464 1987
1611 1747 2304
354 839 1773
1450 2309 2375
260 453 1537 2244
390 2196
768 1778
888 1689
422 873
1427 2482
893 2628
270 320 355 1290 2460
81 340 1713 2369
383 835 927 936 1409 2306 2556
125 1753 2112
789 1515 2327
771 1118 1212 2206
405 1196 2038 2078
1662 1752 2503
99 1619
193 1878
594 1526 1824 2634
1173 1468 1842
1177 1309
510 1746 1995
976 2279
2025 2225 2427
1811 1839 2290
1823 2120
556 646 1632 2257 2369
1085 1707
1087 1620 2503
1333 1596 2345
163 359 2207
1003 2074 2601
1199 1454
98 154 392 418
55 174 260 934 1052 1487
488 1176
112 429 2416
1084 1512 2442
291 2280 2333
1100 1184
1112 1348
725 1134 2332 2596
1981 2313
603 1647
1796 2182
827 1472 1558 1627 2419
45 376 1886 2194
159 1786
828 978 2081
912 2049
398 2165
1152 1255 1752
1216 2127
269 1629 2175
653 978 1645 2419
91 171
699 774
7 1168
658 1754
960 2461
1384 2217
1931 2513
289 1692 1854
498 1452 2626
412 1498 1634
243 1214
55 1644 2042 2194 2539
1254 1288
42 316 486 1479 2178
1744 2332
781 2013 2497 2550
509 1661
354 2068
1487 2115
978 1238
457 1600 1610 2267 2387
50 500 677 701 1139 1798 2538
35 1271 2495
372 464 598 2243
327 783 1813
1283 1420
7 548 682 1472 1665 2147
98 265 455
1196 2215
550 1785 2040 2633
614 1613
1435 1534 1877 2082
920 1027 1625
252 520 1853
584 612 1420 2176 2234 2581
524 1164 2284
788 903 2622
1039 1069 1087 1859
1989 2418
603 731 1578
93 1020 1957
155 516 1776 2402
334 438 1644
1312 2328 2521
1480 2314
443 486 1569
2001 2592
354 1626 1690 2280
668 910 2146 2187 2325
1883 2443
553 937 1567 1931
216 1402 1571
621 1132 1264 2518
1403 1647 1944
1721 2210
866 2079 2209
1295 1393
1028 1289 1962 2250
370 1008 1171
477 1315 2135
679 1688 1885
1660 2647
106 294 987 1489
1227 1982
57 1198 1734 2064 2666
321 2655
253 758
1520 1769
106 492
260 999
55 580 1163 1982
1704 2354
698 750 995
544 2496 2538
1376 2660
652 2456
1202 1777
61 606 1842
1354 1806 2212 2233
14 197 1347
332 1082 1930 2309
118 1438 1710
591 733 1872
148 658 1249 2572
369 1004
1391 1436 2423
36 473 2213
683 1517
490 600 1032 1068 1246 2043 2057
525 1138
147 228 825
288 1495 1507 1566 1718 2012
645 1127
195 286 1413 2015 2528
1264 2182
1159 1381 1740 1884
613 1550
178 1535
729 1059 1325
41 2559
718 853 1496 2271
87 1678 2011
1353 1790
294 2467
178 930 1371
163 1838
336 584 1177 2210
568 1668
66 223 1206
956 2229 2504
8 201 977 1277 1665
1484 1602 1942
1232 1772 2620
736 2262 2642
412 978 1707
113 250 2582
588 737
226 1277 1462
2119 2476
1520 2200 2655
1172 2223
290 808
691 859 2095
502 843 1775 2014
972 2314 2337
1581 2584
442 914 2491
1121 1569
988 2321
1493 1972 2063 2466 2566
1447 2171 2604
99 1295
487 875 1166
665 1879
967 1688
1110 2225
721 1481 2194
1446 2192
557 1342
1819 1919 2084 2508
851 891 1488 2360
585 1347
370 1237
1046 2223
551 1609
93 610
940 1785 2539
398 614 622 2176 2290
1486 1500 1837 2580
114 1409 2421
1638 2265 2466
127 2380
457 2545
1094 1459 1889
1804 2358 2641
1271 1615 2363
1684 1690
736 758 1928 2107
390 1928 2256
714 1558 2587
147 776 799 2581
2317 2608
219 1335
543 1729
326 849 1956
972 1700
247 385
564 676 1607 2438
334 963 2007
264 2598
84 250 1009 1680 1686 1811
2251 2304
563 887 1469 2397
217 1136
451 1379 2393
37 1060
755 1761 2580
256 2014 2066
506 699
208 755 2104 2487
1246 2601
54 555 1084
146 891
1740 2136
415 714 872
2335 2429
1019 1327
100 180 422 584 2537
253 2517
427 1077 1184
199 818 1807
435 866 971 1717
1274 1357 1397 1567 1890
756 961 2405
607 672 933 1098
550 605 2567
1891 2293
511 615 873
575 626 1860 2018 2593
1907 1915 1989 2640
1331 2116 2246
1247 1626 1870 1958 2452
1092 1429 2136
257 1821 2185 2473
962 1090 1960 1991 2292
1256 1695
1534 1610
515 1569
185 504 606
818 880 1528 2364 2390
762 1509 1940 2151
329 1283 1515 1518 1769 2092
44 1324 1397 2214
122 662
1626 1825 1847 2326
1672 2298
83 2556
1693 2586
580 1592 2516
363 693 1310 1826
500 631 1114 1486 1951
646 832 1114
341 652 1172
486 2011
607 761
350 2011 2446
240 1093 1815 2502
46 514 843 1863 2067
789 1719 1975 2162 2279
286 437 766 1484 1659 1869 2249
843 1086 1140
343 2251
1495 1685
370 483
13 2318 2519
1405 2229
1781 1829 2428
87 886 1037
908 1143 1612 1715 2488
1781 1962 2169
565 2279
1003 1386 2371 2413
1176 1395 1974 2120 2494
708 852 1313
461 1664
272 604 1792 2327
32 291 813 1405
430 556 2096
2010 2522 2570
1638 2287 2486
44 1282 1707
9 1681 1852
353 365 397 1488 1805
454 594
55 1610 1663 1856
2123 2294
127 624 1350 1412 2395 2633
730 868 2463
1289 1538 1650 1810 2408
592 940 1693 1888
590 626 1801 2252
202 1130 1479 1798 1818
677 2606
1339 1960
452 882 1775 1984
331 1875
703 1731 2176
325 527 602 1020 1324 1737
345 975 1185 1383 1646 1777 2240
83 1447 1722
500 614 786 2484
466 892 1702 2279
1098 1131 1848 2267
125 1040 2587
639 754 1191 1498 1558
1439 1851 2446
291 585 1829
162 1115 1444 1871
618 2361
455 2571
1476 1844
185 1366
1174 2375
232 1603 1784
1091 1651
1478 2189
334 609 1939
2141 2517
568 923 2314
1291 1811 2586
754 1024 2224 2338 2420
636 1833 1852
1695 1705
116 2261
751 2105 2223
172 678 1396 1686
1848 1989
211 371 1669 1673 1694
41 866 1202
397 879 1893 2487
398 714 1097 1823
313 524 768 1726 2587
695 1248
401 917 1741
391 1830
1787 2077
543 667 807 2034
48 290
283 1119 1597 1669 1788 1910
605 1330 2304
95 1342 1602
702 2090
79 1049 2549
196 2120
645 1463 1495 1736 2366
63 1347 1408 1815 1849
888 2008 2156
162 238 243 1590 1722
141 504 905 2365
1040 1753
1155 2009 2018 2603
834 1144 2588
169 580
694 738
106 1879 2009
120 235
201 405 820 2271
294 2475
284 453 869 1115 2431
2016 2308
754 1292 2553
198 483 568 693 2377
527 1463 1526
66 1159 1350 2084 2130 2600
528 1840 2361
239 829 1952 2238 2508
243 1618 2191
525 981 1882
465 1465
168 508 963 1107
628 927 1248 1826 2648
589 946 2235
423 533 861
1025 2543
513 1087 1290
703 1119
2005 2481
1891 2118
1416 1754
406 974 1205 1662 2286 2414 2541
633 1725 1771 1912
1463 1776
107 910 1228
673 933
164 1080
886 1066
392 478 644 1731 1891
501 740 1248
24 1455 1626
241 820 1026 1574 2139
1159 1297 1983
639 2530
512 583 1005 1065
2042 2418
329 1023
1276 1831
315 506 1424 1532 1888 2375
1113 1783
353 740 1122 2435 2602
962 1112 2423
1826 2227 2520
1796 2076 2499
1463 1903
643 1632
637 1051
325 1028 1363 1865 2126 2272
288 817 1308 1336
663 2109
1201 1299 2122
1094 1789
266 1164 1351 2195
1284 1438 1723
1151 1751 2246
14 1195
974 2392
262 329 791 805
604 857 2163
552 817
1132 1453
712 1890 2261
165 466 2289
555 775 1338
589 663
70 140
162 1261
880 1024 1250 1998
964 1022 2389
649 1767 1804
44 997 1741
711 2529
217 587
423 1662
698 860 1242 1608 1618 1885
1657 1854 1975 2417 2458
642 748
856 961 2460
527 1343 1993 2042
331 1194 1223 1307 2259
327 561 2245 2359
103 356 685 2056
602 977
139 2261
420 474 582 678 2295 2609
1253 1496
597 1104
319 425 1921
1325 1563 2151
1431 1666 2466 2487
1540 2090
1662 2224 2575
1459 1562
64 448 483 1738 2476
1717 1993 2120
985 1779
968 2241
1972 2539
1298 1986 2588
354 1147 1955 1992
85 2572
47 408 588 935
996 1285
723 1263
654 1314 1665 2225
243 2423
638 1497 1844
66 441 526 1311 1952 2242
432 588 1122 1554 2328 2631
120 1764
240 1004
1498 1556 2516
269 513 2027
647 1438 1740
769 778 1307
506 1312
527 627 1768
1233 1745
7 147 504 774 1312 2399
318 736 1082 2404 2477
1598 1711
361 1759 2654
167 1793
1785 2396 2452 2660
22 190 389 2342
280 1276
1143 2094
39 1105 2259
1374 2161
522 1453 2665
276 702 1010 1227
466 1342 1710 2127
1136 1732
1766 2010 2532
1499 1965
1034 2371
2122 2591
1659 2640
817 1166 1293 2594
360 482 746 1935 2042 2656
253 778 2223
106 1055 1844 2419 2596
925 1784 2295
132 636 738 981 2453
78 333 533 1631 2236
79 921
157 470 859 1054 1452 1465 1752
1557 2491 2518 2633
480 847 1228 1776 2329
195 422 861
65 455
1567 1728
1704 2386
376 775 1100 1360 1569
1337 1818
542 590 894
1144 1461 2476
133 838 981 2515
1084 2258
1331 1552 1870
236 1216
106 1485 2650
567 1167 2382
1438 1684 2654
1929 2128 2392
638 2069
1646 1960
130 508 1655
228 902 1889 1987 2435
1036 2414 2645
1506 1553 2383
156 897
202 918 1376
362 365 485 955
793 1613 2032 2534
557 2328
125 2083 2665
98 285
27 291 1452 2159
225 762 1019 1745 2397
1640 1656
289 515 905
368 1465 1480
822 960 2014
344 839 886 1442
1050 1444 2535
334 2292 2304
630 2538
1454 1524
119 1287
324 2238 2392
898 1943 2018 2562
301 320 976 2481
216 2062 2662
1227 1375
593 1569
225 1231 1687 2019
114 547 1117 1213 1573 2031
930 1558 2290
141 1242 2042 2060
1409 1587
938 1938
914 1982
1779 2165 2422 2643
179 455
569 1737
683 1001
1332 2423
1738 1805
148 2260
960 1327 1921 2320
911 2007
1703 2130 2379
366 2222
56 299 524 1568
334 1433 1544
2009 2156
304 1116
1432 1439 1921
77 2151
1052 1088
1058 1631 1784 2639
286 832 1621
766 1576
11 245
114 819 2223
1105 1241
450 1600 1638 2097 2184
98 578 684 2493
1944 2183 2384
1146 1283
1233 2642
350 1836 2142
758 1463 2112 2555 2587
1639 2661
816 2286
39 207 1034 2407
313 2256 2331
767 1978
1397 2419
1376 1787
1392 2031
230 1114 2592
141 339 458 641 889 2378
1567 1667
853 1076
39 1737 2580
414 1803
218 1904 2401
241 887 1852 1903 2463
596 1889
1405 2512
247 1500
1455 2117
708 1789 1930
413 627 2557
398 770 1104 1362 1698 2531
21 956 2561
1779 1914 1963 2466
162 1358 1909 1973
2133 2470 2650
777 1839 2534
613 980 2430
290 1187 1403 1621
1228 2634
377 2600
577 762 883 1760
2240 2426
39 847 1692
865 1959 2633
1310 1573 2098 2418
98 2274
259 1705 1969
427 848 1921
1740 2271 2406
835 1703
755 2012 2094 2367
651 1750
394 522 1029
187 832
792 929
144 202 2162
738 1589 1703
2086 2367
1325 1369
569 1905 2241 2296
1310 1586
281 459
226 1853 2020 2308 2598
87 1048 1672 1919 1936
115 2212
313 828 935 1368 1538
2171 2210
182 1559 2283 2406
336 1522 2236
1139 1947
1346 1554 2658
466 604
385 602 1361
800 1387
1368 2193
1511 1590 2313
1952 1958 2493
364 899
167 175 608 610 833 1001
95 912 1424 1594 1799 2137 2161
83 364 652 1111 1187 2093
1253 1452
122 652 1088 1723 2450
1036 1403 1457 2455
440 2201
46 969 1907
733 898 982 1788
291 632 1318
786 1155 1220 1655 2489 2580
643 967 1113 1132 1382 1789 2127
1013 1600 2092
172 294
882 1241
122 736 1017 1820
1167 2099
518 2087
370 1763 2162 2352 2451
445 1095 1258 1294 2559
775 2370 2578
594 868
109 1854
735 2280
1713 1770
256 1465
112 1745 1881 2584
607 608
315 1019 2304
678 727 1021 1074
1383 1989
539 681 694 1298 1640
1069 2391 2562
1217 1461
844 1227 1549
889 1109
81 970 2096
831 1702 2243 2315
59 179 182 294 1253 1954 2131 2450
652 2174
1508 1740
569 2280 2629
1076 1633
1705 1846
1468 1583 2263 2425
93 1994 2135
497 868 1772 2182 2534
1109 2363
1314 1535 2070 2345
403 722 1428
152 1719 1788 2197
846 2344
258 412 1351
102 333 1468 1851
1300 1545
819 983
466 2242 2632
85 268 853 958
606 1031
887 1558
43 1735 1798 2242 2282 2399 2400
502 1792
256 280 484 987 2064 2163 2330
119 1984 1997 2129 2501
1008 1371 1794 2617
673 759 1151
1620 2389
488 764 2163
63 1656 1691 2316
286 634 2261
285 1456 1875
78 186
696 787 1945
719 2282
321 1657
490 1268
552 2589
114 224 282 309 335 627
6 246 1151 2497
1801 1806 1870
244 647
832 1320
390 1309 2016 2050 2205
92 1173 1979
615 906
1321 1864 2486
234 859 1122 1336
310 661 1864 2281
1331 1532
266 675 1933
1399 1737
67 311 423 740 1000 1791 1890 2189
1230 1353 1708 2335 2666
1638 2037
218 1988 2626
1783 1853 1918
575 821 2091 2155
331 714
723 2503
138 500
11 2275
627 820 1449
1431 2232
544 891 1554 1778
1046 2399 2492
972 2586
74 292 563 1136
1241 2358
1949 2203 2539
39 2176
1569 1797
854 2339 2652
891 901 2453 2557
261 496 1747
373 1147 1244 1390 2000
220 313 902 1457
480 589 923 1657
1309 1370 1480
1037 1277
1503 1554 2320
619 1634 1643
38 2613
801 830 1467 1753 2155
2154 2579 2594
1618 1735 2356
16 1668
51 254
2407 2503
554 2169 2478
638 1215 1823 2315 2613
1115 2546
180 658 1008
326 1661
131 465 2001
94 749 1192
671 1665
281 409
566 675 1222 2079 2415
110 181 848 1131 1166
305 1789
598 625 1552
991 1510 1878
467 2072
441 1854
1233 2091 2382
99 1352
1832 1963
53 350
766 1153 1460 2357 2507
61 2295
46 443 713 1632 2660
499 1591 2118
58 1015 2337
1474 2199 2309
1567 1763 2083
1636 1996
789 1573 1796
1119 1406 2557
2093 2298
957 1067 2249
709 729 1656 2404 2506
916 1209 2091
1671 1698 2189
91 1585 1656
142 374
1807 2577
798 1060 1792 2650
441 2580
371 592 1098 1280
1499 2326
70 2589
1112 2398 2647
307 643
1408 1459 1992
70 1959
256 672 1197 1449 1811 1950 2349 2358
1396 1958 2566
685 802 1933 2665
330 765 1349 1764
310 2109
1231 1752 2613
807 982 1142 1284 1836 2044
1839 1842 2028 2499
854 2588 2607
521 1151
1317 2025 2497
361 1813
706 1546 2186
1011 2532 2578
339 993 2662
81 238 1267
1568 2192
553 1415 1775 2343
1067 2135
182 204 1658 2192 2434
919 1146
