1784 2588
482 1636 1689
740 757 1449 1620
25 558
844 934 1062
343 512 874 1112 1282
39 260
277 377 709
199 276 462 626 1448
289 483
1348 1479
295 362 1319
115 871 932 1009 1537
512 1146
350 555 1340
315 1580
108 1570
140 390 461 550 664
471 1005 1089 1225
1011 1412 1437
60 233 828
433 1090 1309 1394
50 85 293 657 1332 1452
300 464 522 634 833 1659
328 790
297 1467
227 364 370 1561
644 1659
1028 1266 1273
591 874
224 501
510 830
1378 1436
181 1762
77 466 857 1026 1272 1397 1442
186 960 1630 1678
871 1670
1399 1716 1765
1515 1627
530 1099
1043 1403 1599
330 667
1390 1636
245 778 857
119 715 1153 1629
422 1765
43 61
838 1373
2 212 509 792 1307 1364 1648
595 700 1016 1105 1131 1665
826 941 975
125 562
808 1663
755 1195 1259
589 732 1285 1772
20 932 1632
886 1094 1110 1180
257 568 984
876 1536
342 1033 1139
150 186 1758
426 658
480 1400 1420
924 1353
67 1019
931 1443
595 1035
184 1088 1435 1701
658 1738
547 1144 1168 1469 1705
256 383 1013
821 1181
946 1049
50 287 652 738 1378
23 650
223 318 1075
137 364 887 1171
478 520
578 1030 1646
943 1066
26 269 293 1531 1716
1066 1664
1201 1360 1559
1208 1588 1616
317 782
207 793 1225 1500
1200 1206 1729
435 1002
86 434 515
340 438 888 1302
730 734 1082
70 692 1762
1437 1732
170 1782
355 1041 1053 1660 1663 1668
32 191 1573
447 1124
174 955 1741
226 612
545 893 1492
490 674 894 1163 1754
11 1774
800 823 1128 1341 1768
189 743
442 1677 1771
464 1052
376 1072
439 447 1096 1117
58 1653
190 361
356 395 772 821 1032 1372 1385
436 521 1307
109 187 1228
844 1522
283 1341
1050 1394
49 92 280 566
128 759 866
72 813
532 671 907 961
69 1620
1056 1132
285 1202 1391 1667
67 489
501 553 707
181 1077 1427
221 1629
851 924 1265 1571
10 655
772 1608
851 1385
39 166 716
694 1308
276 1032 1080 1751
591 1478
92 136 180 552
603 892
357 919 1543
76 536
589 1712
649 757
1030 1091 1249
376 1415
62 87
341 596 1093 1671 1692
396 584
693 730 1115 1280
439 1003 1463
522 1197 1336 1583
775 1010 1629
423 1626 1735
398 639
552 980 1042 1692
567 1153
865 1048
11 1448 1696
29 256 357
1080 1254
1148 1208 1524 1701 1763
1015 1040 1651
673 833 964
815 1586
255 687 1582
433 708 1031
468 511 769 1543
738 1022 1508
381 1443
210 1729
997 1373
293 1098
108 471 1286
100 199 1477
500 830 1618
998 1749
279 791 919
393 997
236 303 944
339 581 1060 1230
138 1185
997 1028 1567
904 1027 1125
681 1359
274 279 1593
522 742 1049 1481 1574
514 519 599 615 1037 1576
140 256 1314 1325 1430
927 1360 1495
1079 1471
1142 1771
475 810 959 1629
800 1152 1358
240 1410
132 977
1007 1212
1638 1724
30 839 993 1739
145 541 888
430 1710
276 560 990 1179
82 536
440 1162
44 260 933 1192 1326
5 301 1431
520 712 1697
54 63 744 760 834 1540
1091 1255
61 177 1184
40 375 469 599 1312
724 754 1520
697 1283
766 1589
457 1367 1379
783 1680
310 335 352 501 580 662 1092 1370
830 1419 1514
35 1132 1736
113 469 996
3 983
427 507 714 750 1446
63 409
1219 1286
806 1113 1701
128 1749
44 92
305 1445
365 403 621
237 473 1078 1371
658 889 1034 1430
446 508 947 1657
937 1273
59 1415 1721
803 1536
43 113 177 1373
339 663
554 805
275 682
871 1667
462 531 686 1210
657 789 1395 1625
344 631
57 472 507 1781
202 1193
137 532 634
202 1601
1276 1450
559 1415
20 1044 1333
69 1299
153 1373
509 517 772 1413
37 258 366 1234 1440 1709
693 1072 1177
1177 1639 1760
429 1331 1759
296 424 463 1235 1513 1756
138 1761
913 1424
601 1358 1590
277 522 1629
714 1345 1495 1761
228 1262 1357
183 620
152 829 1737
27 114 327 914
309 1333 1760
452 1387 1398 1576 1760
489 728
55 128 872 1259 1441
937 1106
1251 1407
402 821 1013
742 1671
72 1393 1577
170 434 1305
1182 1512 1783
8 166 830 1370 1669
27 1034 1229
998 1054 1083
532 1029 1657
1344 1365
274 365 1446
29 814 1446
97 168 773
517 1335
150 961 972 1479
711 1288 1538 1773
607 986 1009 1530
25 360 757
26 171 1741
259 1128 1515
1219 1261 1365
259 603
373 1613 1726
305 902 1221
74 442
173 1003 1358
330 741
722 825 1715
1362 1374 1426
542 650 835
353 1472 1540
378 930 1376 1463
870 1711
285 586 601 644 719 1508 1587 1595
42 433 1399
626 1464
803 1642
181 279
115 193 491 915
798 845 1028
1444 1566
111 137
272 692 1172 1633
1105 1240
519 1432
575 1583
49 316 1025 1729
1315 1762
104 1014 1463
308 1572
230 844 1011 1091
135 1009 1187 1569
518 827 1421
361 557 684 1588
551 1685
177 280
882 1296 1580
503 1524 1636
23 1020
242 506 1062
49 911
212 1087
75 112 335 1009 1514 1772
347 1644
361 908 1262 1392 1692
674 1390
401 987 1697 1743
149 358 1004
140 792 1363
461 1195 1635
52 595 1116
236 295 525 722 754 998
264 594 1230
344 353 818 1004 1075
106 550 1282 1512
661 1751
685 1005 1098
31 229 987 1754
508 593
571 1355
181 525 1573
367 1490
28 304 637
876 1586
1192 1397 1437 1590
901 1634
47 297 408 454 879 1471 1549 1783
287 1617
768 1274
100 175 249 1080 1149
1057 1352
155 1449 1732
914 1186
366 1142
310 1004 1056 1578
888 1073 1137 1290 1424
96 765
906 1044 1076 1188
359 1233
122 207 581 1676
684 1163
105 1412
280 669 831
734 1225
592 1154 1237
98 1180 1394
585 613 789
126 1529 1555
107 1424
230 737 1711
569 1176
67 232 923 1630
514 1567 1603
385 1249 1294 1574 1728
236 1399 1754
238 435 1153 1338
424 807 1118
44 1756
961 1279 1480 1484
108 702 1075 1590
92 259
1232 1501
405 751 860 916 1568
578 1137 1218 1223 1418
523 808
842 1073
1086 1483
145 1390
748 1599
190 529
53 341 651 663 699 883
216 1024 1055 1166 1517
360 1474
766 1196 1461 1698
289 1439
775 1561
666 1759
329 1385 1715
685 1167 1175 1699
621 821 921
409 1158
996 1329
1118 1672
378 546
285 1767
143 852
6 939 1572 1678 1701
95 707 807 1033 1173 1436
666 1259
652 1293
462 1154 1480
622 1210 1288
897 1273 1581
415 743
232 1333
297 431 552 599 612 809 1154 1289
3 1396
335 1068
315 444 596 1154 1413 1443
138 1518
227 404
934 958
91 510
257 998 1615
219 789 1264 1478 1498
640 1763 1781
214 1420
850 1265 1420 1460
145 233
486 865 1262 1540
806 1059 1095 1561 1745
215 1422
1008 1027
38 88 1023 1159 1743
1214 1590
74 1374 1684
124 487 972
417 721 860 906
913 1023
420 447 668 1115
378 383 687
1137 1336
1400 1692
957 1326 1411
27 249 289 1236 1271
182 574 1052
137 614 801
92 228 240 656 818 1544 1598 1688 1720
611 1730
98 1258
132 1396
291 1461
19 765
1133 1296
363 1016 1402 1477
1106 1308 1688
28 937 1017
138 291
256 571 1066 1263 1693 1781
174 379 779 929 1194
256 928
282 1311
312 419 820 1598
772 989 1229
589 653 825
335 1743
628 996
631 981 1020
486 582 695 1345
271 890 923
910 1019 1050
769 906
596 729 1222 1456
121 750 1464
478 619 675 924
864 1068
340 636 1526
1245 1334 1517 1594
938 991 1622 1626
68 544 900
33 845
65 985
352 430
372 1007
235 672
157 187 1365
111 566 630
730 1125 1276 1528
699 717
89 629 731 735 1722
313 909 1106
1005 1061 1366
792 1091 1485 1711
922 1047 1578 1602
37 251 419 583 803
45 645
1060 1612
290 377 702
44 569 687 1198 1210 1342 1560
473 1142 1636
1150 1338
54 997
656 1315
378 1082 1687
746 852 1181 1323 1353 1599 1600
1073 1720
528 1251 1331 1605 1614
781 958
116 269
568 1147
303 1003
934 1132
264 1292
390 690
358 1177 1574 1586
391 615 739
162 260 779 903
75 396 678 838 1533 1752
1018 1167
344 739 1331
518 542 1703 1736
248 1406 1495
796 1432
10 292 691 1558
286 732 1070 1659
394 458 636 677
324 686 1426
374 850 1115
738 979 1405 1608
1238 1298 1438
1047 1487
163 342 388 1115
380 431 1329
853 1173 1399
1151 1298
7 380 738 831 1263
539 591 1000 1549
190 250 339 783
836 960
420 775
1249 1362 1529 1782
79 170 1351
1037 1127 1298 1364 1628 1684
109 162
394 417 511 1161
1312 1346 1518 1524
849 1040
19 122 284 580
142 483 542 1513
4 755
402 889 908
1306 1735
24 612 630 1513
44 406 1302 1397
162 171
50 560 809
498 667
259 398 451 934 1489
862 1485
380 1234
1495 1531
192 864 868
1129 1388
804 1753
160 678 1024
682 988 1549
279 350 932
582 1370 1576
49 100 465 986
185 435 1783
325 1151
1562 1613
541 754
114 539 1402
779 852 1091
1100 1248 1285 1312 1695
119 1549 1653
604 1450 1483
356 1263
144 738 1286 1411 1552
19 524
567 685 1133 1226
387 1749
63 1383
903 951 964 1520 1680 1721
721 1246 1465
181 798 1222
25 623 677 763
21 712 809 1288
677 1112
10 59 1286
343 532 584 1638
714 1411
565 1383
98 361 623 1213 1659
821 893 1127 1348
148 607 751 1246
29 75 180 970 1034 1550
989 1214
581 1264
1344 1376 1400
170 1471
293 511 1099 1312
139 581
515 1019
562 615 1133 1441
100 401
732 806 1254
584 1705
1077 1197 1446
1305 1497 1524
73 261 1653
198 683 1759
73 929
547 1734
883 1412
76 109 1276 1364
560 906 1048 1632 1689
621 1013 1206 1232
193 451 632 870
997 1776
962 1018
525 1300 1339 1656
882 1099 1496
696 1216
47 485 1781
186 645 671 1335
421 525 571 1013
240 985
131 1533
342 808 994
264 1120 1320 1549 1573
84 506 522 1570
554 1263 1490
14 287 433
678 724
502 1242
616 1100 1302
413 1141
239 534 622 1050 1354
801 856 1244 1247 1362
908 1529
1069 1783
1325 1382
642 656
460 1190 1630
225 364 492 587
234 762
1254 1680
1026 1605
826 1059 1484
698 1455
655 863 1053 1202
708 837 1355
677 1714
1010 1331
175 347 1299 1634
151 261 538 1354 1417
773 1162
200 668 788 1626
121 315 1008 1122 1609 1624
94 134 227 376 398 1277
185 358 437 458 1289
781 1098 1256
223 1072
33 115 359 1303
385 1099 1255 1352 1354 1426 1781
424 815 1754
763 1364
640 879
819 932 1093 1228
80 773 1601
155 249
1110 1614
1692 1768
422 1371 1605 1691
731 1012 1245
180 649 1208 1607
259 941
274 643 1121
27 92 1366
482 1542 1728
76 1167
737 1391
422 660 1028
191 562 667 810 862
496 1005 1621 1632
313 595 1019
903 1125 1465 1642 1691
58 475 888
76 155 260 974 1039
84 147 454 897 942 1289
432 1646 1730
258 752
56 379 1441
300 959 1221 1353
777 1119 1386
442 985 1701
169 408 558 977 994 1305
145 1352
613 797 1351
495 1570
582 1183 1660
5 643 652 909 1326
34 803 1591 1621
70 1083 1242 1536
556 1325 1412
761 1321
238 886 1682
18 121 319 419 1108 1719
44 77 202 571 623
780 913 1158 1589 1692
918 1141 1171
586 908 1765
734 1662
147 196 706 1688
529 715 724 1085 1584
250 662 1355 1630
836 1225 1326 1356
288 1639 1752
150 227
1458 1462
39 1492
54 66 634 755 779
938 1021 1570
740 1636
968 1307
441 1769
201 626 781
1400 1700
1058 1561 1657
221 284 313
10 151 534 566 1051 1079
257 570 788 808 1352 1652
181 893 1137 1143 1246
1282 1419 1612
125 439
340 1429
1061 1411 1692
400 1291
483 996 1272 1731
1607 1775
1340 1594
384 1370 1604
91 234 1268
54 1495
20 223 931
17 434 443 1095 1485
129 1221 1418
629 713 1305
99 400 1199 1329
942 1650
194 634
816 1579
455 1110
161 784
203 544 1048 1056
829 1597
569 1701
1572 1738
1151 1528
133 285 727 1603
272 1517
365 503 505 1210 1332 1405
15 1165 1679
767 1009 1249 1518 1537
701 1304
597 906
408 1333
79 473 742 972
1364 1467
228 441 1404
878 881 1255 1482
629 891 1090
718 1571
415 934
1263 1308
409 1486
212 666 1763 1777
84 164 358 1051
43 317
134 1144
200 838 1143
500 1577 1616 1761
1032 1040 1629
236 303 803
1325 1602
94 195
569 1583 1662
1015 1302
231 1475
351 1453
414 563 656 838 908
101 145 362
402 1403
667 1301 1751
541 1374 1532
1097 1134 1217
107 351 1260
441 661 1009
257 872 957 1048 1353 1461
42 626 1247 1427
54 630
647 831 1783
180 844
913 1359
704 1391 1502 1656
636 1009
929 1081
388 1132
457 1267 1555
467 966 1175
1025 1417
165 511 823
395 1355
404 924 1208
749 834
1028 1489
180 1002 1013 1509
83 682 1125 1515
78 421
48 74 309 321 1285 1536 1613
184 1604
372 606 1637
1338 1527
195 991 1332 1781
1093 1323 1557
1104 1557 1763
926 1760
350 862
688 689 1027 1731
679 928 1039 1670
202 434 473 491 923
613 1412 1557
460 972 1145
249 527 835
883 1008
432 505 783 859 1441 1482 1731 1753
181 233
78 107 1130
67 913 1182
747 964
166 991 1452
42 195 441 1634 1667
166 1034 1341
252 813
480 1533
60 93 1593 1746
455 626 632 1579
748 1181 1535 1725
317 1311 1320 1624 1667
319 1017
273 725 963 1285
664 1150 1722
1173 1352 1735
28 1242
55 771 967
8 275
149 341 888
1438 1714
99 472 1474
977 1195
715 1513
627 910 975
421 1218
59 242 868
216 1208
478 584
92 885 1078
689 1191 1390 1642
197 653 1350 1632
736 1660
319 800
155 466 1176 1324 1625
1397 1576
366 1346
565 1654 1740
8 237 688
636 893
335 505 684
664 679 999 1266
113 777 933
112 1759
550 1439
1566 1682
405 1263 1449 1754
869 1349
443 1105
993 1032
788 1105
251 1433 1694
105 152 1124 1158
73 548 1150 1390
927 1113
109 628
1230 1384 1576
788 1031 1123 1457
318 1634
852 1162
1296 1406
1000 1040
642 1198
191 472 1060
842 1504 1580
61 287 639
369 665 1088
1098 1119 1571
506 754 938 1362
308 828 1090 1297
79 1133 1260 1770
1322 1401
1029 1541
282 1195
150 1067 1472
947 1055 1189
580 621
48 1019
607 989 1389
457 555 1317
310 318 715 741 1236
312 1260 1438
508 1185 1334 1440 1497
1494 1651
471 1769
364 633 974 987 1358
75 194 975 1186
395 1780
1160 1182 1747
453 1683 1708
1082 1385
306 598
803 1005
338 1648
345 1185 1617
225 442 855 888
181 973
1287 1445
1501 1712
1100 1347
494 1613 1741
525 623 660
305 352 991 1400
544 759 1246
74 777 910 1332
1030 1573
435 854 1719
148 347 618 905 1364 1594
3 106 572 1603 1736 1770
41 251 505 556 680 732
345 629 639
320 503 821 1129 1205 1588 1632
1199 1577
353 806 1126
394 1398 1603
34 1042
314 335 578 917
847 994 1511
1633 1687
971 1025 1257
780 825 1411
201 1170 1535
592 805 1317
100 156 233 1535
274 621 1059 1167 1771
321 1068 1416
284 299 1018
243 284 1111 1175
301 1373
433 1044
696 1138
667 1531 1644
145 217 452 1049
1314 1617
734 819 1274 1390 1441
869 1277
1235 1291
1047 1397
603 798 1224 1754
1024 1084 1591 1617
422 524 1005 1283
37 283 1284 1348 1602
888 1246
247 413 474 721 831 1021
1320 1336 1498
166 923 1158
5 151 1417
322 1680 1780
673 992 1063
348 461
172 623 1063
909 1629
404 617
867 1079 1706
153 565 595 1497 1781
101 278 693 927 1133
88 473 582 667 1065 1774
75 1071 1532
830 888
386 425 707
66 456 596 1177 1500 1543
168 645 863
479 500 1523
313 679 960 1238
794 824
1207 1377
148 1123
441 524 583 850 1040 1135 1227
777 1220 1547
138 1060 1174 1639 1678
719 722 1408 1436
1157 1349 1573
934 1016 1069 1335 1517
969 1023
109 1550
1201 1482
494 649 1536 1544
458 1240
16 534 758 775 878
341 1015
1499 1643
289 865
1550 1625 1752
390 1598
433 779 907
401 652 811 1171 1188
709 724
119 476
1228 1664
1424 1533
220 712 1105 1400 1424 1670
28 41 344 1482 1561 1628
153 1182
153 634 819
201 597 1721
123 632
26 1607
186 870 1223
455 1652
508 649 818 1698
295 766 782 907 1584
470 960 1513 1547
680 722
79 1550
366 1037 1401 1741
194 599
300 457
108 1162
281 340 837 939 1008
258 672 1174
459 1390
500 1131
725 1528 1571
218 1066 1197
341 786
944 970 1011 1285 1726
296 1034 1745
455 638 672 1271
666 757 1458
303 1336 1362 1644 1715
558 942 1728
1197 1717
1175 1230
471 613 1308 1484
280 1511
656 1142 1160
1312 1365
2 473 1429
1220 1668
1448 1524 1537
917 1087
1596 1777
522 893
686 1187 1401
481 545 891
975 1651
331 334 767 953 1169
63 187 1124 1352
319 401 481 1413 1416 1487
331 999 1492
717 1671
370 634
115 1472
15 87 177 378 833
406 1036 1654 1742
203 465 626 1783
8 251 1613
821 876 956 1078 1082 1723 1776
491 1332
134 796 1696
661 979
265 925 1691
142 303 1067 1233 1551 1728
1088 1222
1546 1734
1093 1655
450 1145 1573
1153 1430
122 907 1025 1049
1241 1500
1434 1538 1542 1550
27 149 317 340 1045 1410 1483 1598
635 1267
702 883 947 1475
35 655 836 928 1405
516 1530
90 418 487 1395
651 906
1000 1078 1514
100 386
20 1024 1171 1579
469 1473
847 1283
605 783
80 1545
1024 1518
182 333 1442
810 1156
50 1111
418 748 1181
1180 1629
379 584 1334 1484
1054 1745
321 571
836 844
156 1040
1225 1667
566 596 889 1312
1026 1361 1435 1567
262 991 1535
210 250 426
975 1647
741 782 1172
944 1518
1413 1514
148 1074
40 150 1336
944 1133 1336
202 498 1118
642 652 1029 1148
298 521 646 1236 1484
254 427 1446
672 842 1443 1577
105 802
6 696 998 1606
191 828
354 828 1175 1535 1616 1737
703 1131
1104 1698
692 1239 1595
329 378
296 1116 1143 1374 1433
5 617 1515
219 567 712 1697
462 1337 1464
813 1045 1455
250 298 380 657 883 1088
655 1018
132 1155
715 1184 1350 1658
214 353 655 677 1470 1782
901 1668
1188 1329 1575
643 717 1640
749 1624
44 629 704
187 741 800
757 1212 1299 1309
50 339 682 1061 1712
631 733 749
658 1275
1461 1514 1706
64 695 800 1017 1110 1578
466 797
282 1314 1364 1602
307 1455
760 991 1266
154 520 1496
260 1198 1782
363 778
45 84 1075
300 1041
308 639 1401
22 542
433 1271
315 522 780 1672
295 1350
524 741
916 1549 1773
218 1109
151 413 465 706 1085
774 1031
14 720 758 906 1091 1187
670 1117 1153 1350 1676
347 586 756 924 927
5 347 754 1695
1444 1597
184 248 650 1412 1494
386 520 1350 1614
743 968 1095
1226 1713
42 1308 1506
806 1159
929 1711
61 109 122 477 1226 1615
933 1244
486 603 1490
960 1314
1085 1763
289 302 498 567
431 597 975
1142 1501
212 352 1750
266 465 751 1070 1142 1389 1581 1753
363 1017 1639
971 975 1001
1566 1765
96 482 1737
1127 1378
468 837 1321 1328 1663
92 245 457 773 1683
363 643 1314
76 555 1451
67 97 213 532 1398
63 76 1020
269 298 464 870 1781
376 480 1563 1632
769 787
615 960 1130
86 339 361
205 1048
246 396 1732
598 1185 1259
1095 1420 1600 1641
79 168 406 505
261 1233 1466 1656
182 184 906
272 1488
251 1116 1211
60 1247
699 772 823 1098 1441
168 427 566 1647
308 1484
573 866
54 408 837
373 755
663 1113
570 633 893 1166 1281
202 586 1470 1700
828 1462 1638
83 319 371 1217
1024 1681
39 1639
984 1287 1538
272 429 828 1311
172 1274 1358
369 916 987 1323
969 1150 1633
183 753
418 876 1667
215 1096 1537
1062 1449 1651
1028 1187 1738
97 526 942
310 832 885 947 1673
141 151
28 312 562 872
67 662 685 1271 1654
305 498 1319
72 1080 1709
231 512
630 905
436 766 1111 1136
605 743 767 1257 1534 1645
14 185
448 1560
427 866 1547 1579
992 1116
2 54
1166 1295 1342 1433
1435 1679
697 1117
356 1235 1687
101 594 1487
1299 1538 1561
542 648 749 918 1637
1 689 994
276 578 1337
883 1489
24 323 330 1448
51 1328 1775
1405 1412 1614
74 254 596 1110
482 809 1461 1549
223 1658
588 606 1326
59 771 835 1094 1387 1603
9 98 269 384 1713
388 507 905 1719
352 1729
975 1185
172 825 1254
1021 1152 1384
472 1020
693 1462 1464 1561 1601
10 319 1316 1653
43 203
86 103 215 491 511 1417 1472
1113 1504
372 388 883 1697
366 435
274 544 1259 1649
41 1102 1726
1023 1586 1590
134 825 893
168 221 1274 1552 1702
448 841 1529
1207 1706
418 699 1464
754 970 1223 1393
3 430 469 618 733
51 604 1438
856 1105
690 923 972 1002
233 1279 1500
1281 1429 1664
484 1087 1206 1383
150 186 677 798 870
59 224 789
70 843 991 1539
201 491 1011
74 1312 1611
1068 1145
303 1608 1666 1718
468 1395
665 1285 1491
1531 1735
418 721
339 944 1695
1128 1189
224 608 1339
49 811 1659
261 639 1278
20 1674
41 1179 1428
143 374
169 493 596
428 781 907
720 1073
387 903 1702
769 1399
1205 1247
45 321 433
805 959 1197
518 718 755
713 1021 1312
75 224 1348 1723
327 642 1355
302 446 549 1039 1732
1406 1485
814 1005 1221 1476
401 1382 1454
884 1528 1753
255 1063
298 1642 1784
50 222 388 991
1080 1546
427 1296
97 576
806 1086 1610
221 781 1592
41 671 1423
1375 1413
84 1131
561 1293
141 1625
43 596 1269
349 1338 1370 1489
325 904 1726
159 1042 1341
744 1491
910 928 1113
1576 1706
860 1196 1467 1654
212 228 1010 1688
520 764 860 1309
470 495
687 1028
149 239 1695
398 412 1604
241 1555 1735
935 1356 1359 1597
95 167 1306
491 1742
187 804 1112 1495 1679
476 1448
284 475 1004 1215 1661
344 793 857 1185
927 1609
655 1353 1430 1542
108 490 1247 1566 1597
483 789 842 1112
623 861 1077
1220 1599
882 1604
466 627 850 1449 1664
43 170 187 825 967
191 586 848 954
1185 1358 1371
636 1432
1019 1501 1719
1359 1597
183 880 1768
521 1421
813 1747
1025 1163 1624
1327 1466
444 1415
432 1072
368 985 1581
372 512 933
466 1359 1540
256 1016 1511
343 711 1009 1361
899 1662
1207 1292 1461
275 366 893 1524
25 86 1197 1578
811 1239
69 120 387 739 846
1350 1762
219 897 1734
629 778
215 263 1434 1762
681 1498 1780
241 1285
16 83 970
209 710 927 1172
769 847 1309
44 69 370 754 1415 1720
372 493 1260 1282
1175 1242 1391
94 566 1107 1462
481 1416
507 886
11 118 368
828 842
177 461 704 938
190 799 1483
363 850
341 605 722 984 1159 1199
668 1050 1167
271 608 807 1477
1202 1752
753 1311 1599 1689 1766
95 827 1117 1743
396 441 508
391 775 1740
200 1219 1487
485 757 848 1392 1762
18 1662
1004 1348 1634
166 201 699 824 1315
519 1194 1222
286 1679
105 145
508 999 1239 1523
25 531 1100
550 886
232 272 1066 1174
1196 1373 1542
23 279
152 162 342
686 1466
405 1238 1538 1663
722 982
394 645 942 1238
1156 1185 1727 1765
577 952 1065
689 1295 1467 1688
237 1002 1203 1216 1492
101 662
964 1459
986 1017 1309
53 602 967
343 1489
531 903 1016 1784
1032 1465 1684
114 1563
274 396 490
1171 1348
1078 1084
1433 1599
180 209 890 1075 1551
208 792 1267
343 1059 1529 1552
652 654
403 408 1586 1760
152 174 324 381 1556
172 801 947 998
1058 1193 1663
685 1643
451 1180
739 1780
42 918 1011 1501
492 1691
33 1361
176 248 1662
90 1221
326 584 1187 1348
608 1126
91 1211 1453 1544 1569
213 571 1040 1238
138 424 1429
398 486 666 1441
210 1014 1469 1589
1207 1726
1012 1265 1628 1638
1014 1231 1695
388 1444
327 377 715
110 564
134 1736
1234 1601 1644 1701
1030 1116 1715
262 475
387 1100 1103
396 779
850 885 1124 1361 1603
345 1127
313 744
686 908
26 191
222 358 1231 1618 1729
385 531 1148
165 1524
236 324 1211 1286 1483 1525 1545
180 242 459 1561
699 885 1090
408 755
56 1440
794 1121 1756 1783
503 817 1153 1469
337 957
89 1716
398 1319
1135 1291 1620
716 1353
881 1714
1628 1687
18 184
6 116 1613 1620 1771
1030 1387
931 1201 1611
62 214 1474
294 1377 1410 1495
362 1116 1777
317 544 620 687 1386 1675
11 227 276
358 974
124 1501
377 629
161 1247 1759
1167 1229 1534
46 125 289 490 1108 1177
179 772 1077 1523
536 1481 1632
1373 1544
1616 1733
598 749 1064 1108
468 1305 1324
273 486 1462 1705
116 467 993 1226
222 1354 1626 1762 1777
482 692
233 957 1099
12 74 942
1207 1697
62 825
553 1735
713 1419
212 407 1260
974 1767
1030 1315
113 904
465 594 826 975 1172 1228
399 898 1427
1233 1653
169 1235 1270
1153 1710
315 1326 1542
683 748 757
671 1495
200 1008 1377 1481 1594
425 661 844 1151
477 764
902 1648
171 1166
64 331 507
5 91 527 815 941 1010
573 913 1452
183 1678
97 147
65 228 300 458
500 1482
446 772 919
833 1743
195 336 942 1593
1306 1548
182 1370 1473
49 360 673
971 1326
238 666 1525
970 1530
59 403 1582
541 854 862 1640
461 905 1359
448 949 1283 1359 1455
606 715 786 932 1409 1581
540 705 1222
827 1435
214 1586
376 510 664 1700
372 888
660 1360
546 1233
191 383 1600
178 540 678 1762
533 562 622 648 777
321 1117
205 421 953
345 1564 1695
248 360 397 558 1531
730 916 1061
635 1543 1590
280 687 1529
910 1145 1636
1420 1671
194 647
491 786 1124 1400 1561 1769
1132 1448 1757
128 311 415 1538 1740
214 771 1305
49 904 1611
67 1446
87 1160 1221
209 730 859 1184
450 1032
1257 1345
314 475 578 612 1065 1121 1130
923 1402
733 1572 1768
201 1259
95 223 473 821 896
415 617 689 805 1239 1512
534 645
123 143 623 839 1553
1314 1631
75 363 388 824
245 785
357 1357
955 1126 1252 1740
128 1280 1721
161 434
714 1643 1780
66 812 1031 1446
626 899 1439
938 1783
903 1169 1174
264 389 548
183 316
242 704
831 1471 1725
66 1514
240 1486
471 704 1633 1719
113 693
177 529
563 964 1161 1447 1760
1637 1766
1030 1691
441 1713
25 1615
169 293 346 777 923 1259
274 766 1358 1566
37 72 308 1391
309 848 1330
309 971 1076 1482 1664
463 658 1036 1404 1457
74 298
643 926 1193 1692 1759
889 953 1736
1351 1591
318 576
1467 1533
497 761
93 233 770 1292 1417
6 390 600 1676
567 1315 1689
351 432 861 1554 1697
2 1044 1538
215 1152
158 217 439 750 1692
351 389 709
171 256 989
404 644
594 1286
112 636
859 1028
487 1511 1722
534 1244 1765
416 1725
232 1583
488 528
47 865
86 186 1193 1418 1541
685 1163
369 1767
814 989 1177
206 662 1382
643 1006 1691
271 1179
631 1361 1372 1589
91 140 480 497 660 1086
734 1452
309 562
899 1130
1003 1309
145 153 347 1464 1489 1603
11 122 139 1098
73 558 998
100 258 716 1263 1518
397 1378
412 665 1156
119 356 403 670 986 1591
1295 1479 1556
418 1056
177 418 478 754 1206
368 435 1493
808 1492 1544 1605
732 742 755 1086
232 1202 1772
42 1722
815 979
407 1201
209 1476
673 764
70 684
382 1115
125 1011 1618 1705
396 1145 1217
106 449 1405 1484
416 1749
43 959 1590
1096 1416
52 173 702 959
567 749 1440
55 1111 1410
626 1014
37 1049
6 20 864 1401 1557 1767
247 1147
82 436 850
300 1094 1404
211 756 1576 1588
1112 1486 1754
1141 1341
190 912 1383
325 1591
372 1060 1712
522 812 1086
224 1150 1514
807 920 957 1369
11 508 1557
823 1274 1548
78 619
534 539 662
275 413
338 1128 1303 1737
857 1528
1319 1464
513 1652
41 267
412 1223 1266
221 1126 1683
745 972
222 587
97 1063
1620 1661
183 238 261 469 561 757
674 980
227 857
607 775 897
230 866 1042
302 395 933
64 324 465 1649
425 1201
319 390 490
161 657 930 1354
621 656 1252
791 1058 1249 1296
123 276 625 810
261 920 1163 1630
851 1489
69 176 1328
503 1005 1184
1447 1748
652 1688
253 1285
187 506 862
93 462 774
275 1416
123 246
682 797
512 1676 1728
125 244 285
1329 1533
748 1151 1451
245 295 1411
217 390 755
1312 1347
425 538
990 1637
704 1119
1574 1665
1690 1707
796 1203 1538 1755
23 511 605 1158
847 1393
1063 1215
1158 1634
618 832
1529 1678 1736
2 914 1219
269 835 1049
14 340
455 592 897 1096 1318 1575
557 753 1079 1297 1699
490 747
146 320 476 1663
15 1490
459 1737
643 839 1387 1608
114 151 875 1485
442 1129
306 356 575 1445 1774
170 854 1682
1153 1328 1356
214 1099
330 381 1076
89 1096 1500 1730
1049 1265
330 769 1204
8 783
664 1007
256 1115 1404
83 567 816 860
92 293 377 396 1376
85 1035
67 690
143 401 617 645 1254
399 1016
55 84 1388 1426 1484
231 945 1142 1646 1671
1690 1704 1760
72 1101
238 1763
522 584 1171 1201 1397
406 586 1401
615 964
116 1104
1366 1667
542 733 1325 1348 1567
544 1160 1762
932 1372
1537 1570 1617
108 660 1767
264 904 1772
161 1195
261 857
546 1275 1518 1586
869 1483 1532 1571 1617
116 725 861 1181
331 776
222 1040 1620 1734
214 1018 1756
297 1541 1607 1632
1059 1784
663 894 972
509 1356
561 1220 1622
79 358 389 753 1318 1373
355 378 652 1615
39 1390
147 245 1093 1230
870 1200 1448 1685
777 1069 1723
420 815 1620
578 1087
419 475 1310 1769
74 442 1574
116 1101
57 518
121 187 284
62 1514
560 949 1506 1737
133 1186 1248 1357 1758
165 224 573 651 1211 1377
696 824 1048 1444 1657
161 387 1039 1751 1769
464 1017
102 1427 1534
121 177 638 823 1643
194 558 1272
969 1461
457 876
925 1282 1671
88 226 677 864 1452
234 238 329 1444
759 985 1231 1233
210 286 700
1322 1628
664 1760
233 1635 1709
257 1660
498 519 1106
98 1122
373 1413 1546
289 510 1393 1426
106 318 457 686 1408
707 987
766 1219
55 1715
127 731 1175 1291 1381 1421
199 1249 1304
602 1024
1243 1331 1393
26 879 1761
231 751 804 1073
95 1054
188 441 1173 1721
330 914 1250 1303
314 350 459 469 1457 1662
838 1486
300 679 1729
1271 1676
771 1442
600 1063 1131 1151
114 1186 1367
88 251
143 1073
487 552
751 789 1127 1166 1722
25 406 495 659
778 789 1410 1478 1694
343 1334
95 1420
170 217
455 1537 1637
47 732 1038 1255 1714
842 1126
345 1143 1737
28 1778
662 698 1351 1590
654 783
343 1370 1470 1771
410 1575
1036 1599 1646
14 828 844 1154
280 1247 1487 1763
472 711
169 726 1382 1782
82 1273 1541
144 1192 1382 1438
185 1550
807 999
629 743 1335 1645
585 913
134 567
69 815 1412 1701
1227 1662
443 649
641 1466
156 846 955
612 870 1419 1516
427 487
34 861
231 462 850
618 1681 1687 1691 1774
440 1208 1249 1266
99 1407
560 1082 1758
36 571
26 761 923
1425 1439 1635
1112 1178
400 788 1068
703 1241 1369 1451
79 480 614 674 1251
609 1329
383 580 1267 1314
638 1023 1192
765 910 1025
150 974 1374 1494 1604 1741
347 1041
1104 1134 1164
814 899 1749
989 1512
421 1311
402 606
45 153 1026
525 598 622 772 1579
362 1403 1748
65 679 1570
374 1647
411 623 1298 1430
1341 1377
33 1670
240 724 1082
73 1303 1608
453 455 869
186 403 867
676 1751
618 1044 1252 1302
758 1347 1359 1471
1462 1469
445 1059
293 370 1170 1180
155 188 266 1281 1299 1594 1597 1759
1123 1331
328 716
260 365 1453 1585
703 1130 1575 1677
1182 1413 1702
211 607 710 1347 1453 1774
340 1123 1457 1768
1207 1621
434 491 555 1220
1027 1297
1090 1335
75 563 1414
91 1082
242 1092
314 362 1096 1416
248 302 480 1774
324 889 1615
238 319 759 1135
453 524 1679
1453 1676 1696
628 1466 1582
826 1736 1774
299 565
171 1036
364 811 835 1731
12 86 351 1107
661 1616 1753
458 939 1579
543 1487
340 571 609 848
337 882 941
109 636 811 818 1442
722 1067
298 504 1285
617 816 1451
187 221 1578
56 570 691 793 1416
1317 1684
185 821
686 808
562 600 864 1520
48 346 426 1038 1412
228 873 1133 1586 1756
32 724 789
86 429 913 1207
1018 1091 1342
485 1029 1451
90 1262 1485 1535
620 691
1264 1642
1133 1551 1705
231 692 1151
344 500
705 817
494 600 874
61 305
430 891 1231 1694
486 747
417 1448 1654
387 1197 1521
1296 1426
166 590 1625
529 1336 1716
664 913
166 1177
810 1393
458 907 1228
202 503 1557
303 565 870 1033 1248
497 1670
1152 1189 1411
230 758 970 1511
843 1387
1260 1505
795 1180
59 90
1221 1478
84 743 1018 1630
432 1490 1618 1753
817 842
246 425 666 1509
1217 1302
61 653 826
155 1127 1251 1468
217 1261
42 435 671 683 1262
81 284 704 1654
327 355 904 1186
300 524
439 470 483
1135 1319 1676 1684
201 296
75 446 801 1174 1696
586 717 1329 1570 1571
856 1026 1552 1583 1645
64 659 1573
732 1427
180 373 1429
258 783 885 1376
610 1466
545 1213 1291
223 245 793
1062 1088 1195 1242 1358 1779
1076 1717
358 1335
248 632 827 1404
198 586 925
234 959
813 1706
198 748
518 1420
620 1179 1304 1526 1593
199 248 897 1698
151 1173
1134 1507
307 1080
964 1528
614 733 751 902 1633
63 799
309 734
196 364 620
485 535 1226
353 1167 1315
241 914 1441
2 622 1480 1653
199 680 840 1344 1361
198 931 1049
899 924
420 782 1040 1137
1166 1417
245 647 654 782
449 523 1461 1730
29 276 525 936 1390
268 538
809 881 1600 1658
73 632 991
28 987
79 161 540
394 525 581 1410
417 612 649 717 917 1593
607 609 686 1303
823 1379
534 905 1433
204 1053 1160 1415
435 1089 1579
17 1121 1123 1201
566 731 1113
662 755 1459 1602
298 425
895 1765
478 950
28 367 654 1646
872 1498
269 606 679
678 1192 1292 1626
621 1098
692 713 976 1705
26 1082
988 1113 1421 1703
483 964 1292 1483 1666
434 1188 1737
1097 1558 1576 1715
574 1777
317 627 1510
990 1697
1172 1271 1615
24 613 1216 1233 1581
45 631
803 1400
231 1690
246 1719
489 1014
293 1049 1090
620 1636
109 540
838 892 948
655 1496 1764
422 672 884 1698 1775
1403 1584
860 1197
320 1232 1466
546 986 1142 1189 1465 1550 1695
595 862 952 998 1186 1282
480 518 599 947
1051 1244
60 232 669 876 903 1427 1702
499 1260
609 916
165 203 257 265 865 1481 1718
4 808 995 1095
864 1402
3 484 705
99 448 684 718 1513 1563
678 1274 1512
228 765 1531
310 330 421 589
1742 1765 1780
308 908 1394
2 228 233 1713
328 1155 1397 1558
653 1418 1432
172 427 739 940 1196 1381
939 1037
1032 1368 1593
195 424 684 1453
78 851 1127 1211 1433
738 1122
613 1175 1646
293 1181
1162 1212
51 360
144 1631
1166 1511
142 1624
431 454 793 1202 1222 1281
249 1214 1305 1631
453 650 1009 1234
112 362 432
1196 1320
142 702 904 1446
1289 1756
86 252
405 475 830 1045 1775
1386 1465 1510
698 1267
1487 1726
130 417
717 1353
931 1388
354 1034 1413
1148 1159 1614
82 613 696 1086 1407 1640
140 598 838 1672
25 724 869 901
884 1704 1783
475 1286
166 309 364 460
274 1062 1097 1246 1299 1459 1658
154 1602
289 1745
454 1016
9 95 719 1135
493 1026 1635
112 272 1019 1387 1527
363 748 1253 1683
355 682 986 1500 1666
84 579
439 663 889 1110
266 692 1063
560 1306 1429
446 609 1291
245 442
281 363 606 1035 1413 1578
258 766 1062
482 498 1018
273 1101 1277
504 592 672
121 492 1295
366 520
144 412 673
63 93 807
1363 1540
1037 1104 1416 1686
392 1574
138 747 1302 1478
236 486 1041 1364 1619 1631
710 1319
77 578
475 1200
493 754 1304
48 1202 1492 1668
753 1351
418 1360
58 656 1293 1361 1439
162 1072
439 918 1379 1402 1584 1780
446 639 1121 1160
126 1591 1748
977 1671
88 858 1072 1497 1776
677 984 1471
330 668 1643
405 1052 1626
1296 1302 1313 1771
404 1311 1726
89 200 1066
117 458 1435
1417 1462
996 1141 1636
546 997 1221
631 1560
1183 1454
183 291 1687 1726
518 568 661 1079 1418 1495
128 251 310 727 1497
125 129
624 959 1439 1519
420 769
723 781
1118 1259 1715
308 678 876
352 391
603 788 989 1004
771 1125 1504
1325 1514 1566
552 776 1143 1756
171 753
1231 1738
6 1499
361 536 599 648 844 1111
90 663 1133 1578 1718
817 1329
558 1196 1238 1243
847 1171
670 987
336 731 1614
124 203 526
312 823
258 520 686 800 1022 1153
461 721
857 1598
24 640 1111
774 891
248 264
362 1222
712 1151
113 465 1552
10 50 613
182 302 1148
149 223 1244 1513 1646
61 1633
1179 1193 1352 1637
825 1182 1263 1632
71 473
1210 1320
380 508 1088
580 627 1283 1377
625 957 974
152 689 791
771 1338
90 545
624 798
437 978
115 1736
260 1299
540 1062
1154 1265 1680
217 224
668 1205
124 600 1303 1530
344 541 779
169 1113
603 1629 1657
653 1085 1538 1602
827 1226
662 1075 1086
104 784 843 1181 1588
240 383 492 804
325 418 1137
1162 1680
100 150 308 599
1282 1601 1623 1657 1705
142 408 818
326 422 1744
29 303 706 711 877
167 842 1456
1082 1411 1465
73 339 392 1702
699 1620
874 1646
9 483
345 806
7 88 1244 1626
486 746 1648 1653
211 1266 1460 1587
729 1316
264 431 615 682 803
313 1036 1361
1114 1314 1542
280 1271
3 273
300 782 1683
531 826
1036 1159 1317 1426
785 1716 1759
594 848 865
388 405
344 448 1343 1404
451 1202
190 466 824 908 1005
1329 1419
240 292 356 742 1099
466 1008 1634
432 776 1091
270 1200 1539
714 1233 1487 1534 1549
834 1059 1439 1740
190 783
189 520
356 1274
507 597 674 730
569 1427
343 1026 1037 1541
487 1282
810 1695
685 714 875 1489 1731
206 1063 1116 1373 1784
1341 1621
856 1156
1322 1668
105 1209 1512 1715
966 1516 1755
232 498 600 1252 1398
154 885 1101
893 1160 1273 1351
645 1140 1545
725 1323
1292 1358 1622
447 1207
102 1350
631 1438
331 636 1116 1335
1032 1617
91 518 617 1540 1771
13 200 834 1067 1089 1660 1722
985 1037 1443
793 1267
483 688 905 1236 1674
753 1127 1572
795 1630 1729
482 819
421 797
1563 1595
128 1614 1746
766 1025
176 837 966 1177
407 1428 1471
280 369
573 828 1181 1591
153 318 1211
1135 1263
632 1296
218 239 1033
421 1551 1655
731 1518 1616
137 879 1449 1499 1525
1733 1747 1763
253 363 708 934 1376
269 1231
916 1258 1480 1768
1382 1503
904 1691
451 1188
600 970 1103 1158 1438
139 1130 1260
759 1031
760 1317
2 1657
332 628 1174 1534
287 1036
471 760 1219 1328 1540
77 138 765 886 917
710 1404
370 992 1521 1586 1723
25 43 112 1020 1366
725 1355
70 390 461 565 1323
1180 1249
296 1070 1344 1743
34 1628
338 574 1462
415 689 1129 1350 1529
81 964 965 1247 1668
660 862
739 948
24 432 852
383 1095 1282
178 786 1583
6 349
1317 1751
650 753 818 1027 1453 1565
354 722 1611
688 806 959
281 1620
661 973
547 1256 1702
743 1098 1322
122 313 1046 1566
291 344 1015 1200
1289 1740
353 735 1441 1771
1316 1509
238 685 751 1511
370 683
312 459 1160 1734
5 486
779 810 844 1572 1683
1111 1130 1427 1542
175 401 611 1421 1654
407 626
668 785 1265 1479 1571 1758
419 735 1725
88 747 1673
175 461 1089
257 477 563 1614
1452 1712
48 169 430 500
1180 1664
823 1296 1604
209 809 1265 1698
307 352 1605
471 523 531 1738
1387 1636
407 1090
524 591 691 1177 1205
1052 1256
317 1613
195 767 1597
174 1214 1678
16 1155 1211
446 1728
630 835 1337
274 296 978 1552
315 758 972 1007
537 856 1090
76 721
54 473 619 1574
1256 1540 1572 1617
671 822 849 1192 1651
879 1450
629 783
1124 1125
7 109 860 1020 1210
69 715 974 1482
56 154 212 695 889 1437 1646
679 1233 1317 1480 1713
43 667
1144 1163
331 1225 1236 1336
370 548 896
47 376 446 675 1719
152 703
472 1429
1 782
193 292 1350 1688
833 1775
879 1345
364 632 668 693
219 553 1304 1370 1380 1640
1469 1742
95 243 455 824 1027
