881 1299
263 479 532
82 403
417 742
402 463 484 485
495 623 856
391 466 495 562
237 380
473 584
267 612 656
21 530
422 687 787
203 569
616 832
182 300
3 269 284 359 445 656
133 271 625
62 493 779
160 404 694
509 554 808
332 345
287 831
173 747
244 342 870
72 255 685 704
382 399 490 576
81 120 139
352 838
85 87 452 697 771 793
242 720 858 874
271 696
58 254 265 374
45 276 371 444 725
148 386 472 763
429 559 688
405 550 744
130 477 614
150 201 605 846
620 631
573 806 831
503 560
158 709
11 116 593 767 796
61 438 496 862
86 470
85 758
274 349 474 509 786 817
578 762 869
361 391 498
127 762
334 463
20 130 215 411 614 654 699 705 790
10 188 548 593 758
6 333 582 779
21 94 473 643 720
31 563
522 869
16 697
110 296 716
420 569 643
250 767
131 464
16 374 406 732
475 824 857
3 174 665
430 664
61 213 735 768
47 105 142
42 321
42 461
223 875
83 468 869
21 41 123 178 539 590 845
315 511 650
270 277 851
183 227 319
168 358
525 757 817
77 372 771
188 461 844
275 297 349
96 784
3 62 156 333
25 76 323
397 422 493 674
360 458
79 693 823 870
475 611
4 146 267 829
188 389 880
55 449 662 843
70 114 243 437 536
649 825
99 203
106 423
26 101 135 565
154 495 652
28 666 796
241 810 872
7 345
43 685
608 651 664 770
5 83 452 497 687
301 515
289 876
766 775 806
372 478 785 877
174 498 601
116 369 427 547
289 492 692 827 836
578 846 863
16 439 473 721
336 577
155 348
301 307 395 478 656 696
340 414
399 440 589 713
701 848
706 734
415 447 473
4 170 212 472 549 756
304 339
272 326
55 108 281
239 451 587
395 873
168 233 790 830
333 511 650 687
123 605 732
84 661 764
238 255 291 855
304 437
477 764 879
47 686
203 224
324 432
127 167 264 443 670
108 564 602 693
41 416 456
12 217 233 321 559
472 692 872
268 427 478 542
248 664 839
241 520 542 766 827
102 352 518 806
143 270
144 618 757
97 367
55 389 525 580 776
286 666
123 204 492
346 654
335 517 703
40 133
490 616 659 700
173 612
280 538
119 188 276 295 437 679
159 389 572
309 755
320 515
34 517
325 855
541 825
88 164 268 307
212 839
672 805
69 620 739
85 659 810
59 151 446 494 569
399 576 834
82 130 874
564 787
801 811 813
37 190 219 660 796
379 639
89 190 398 510 774 794
120 672
64 163 641 686
5 102
165 358 516 640
17 309
292 513
163 846 874
395 555 815
410 550 730
166 311 873
277 446
303 527
144 562
320 746 783
69 100
169 258 659
286 446 586
151 270 683
294 417 457 829
234 252
412 481 656
137 492 495 706
210 506
45 75 158
839 841
22 174 835
517 759
175 276 708
238 604 878
55 170 264
452 520 793
165 190 579 786
120 156 254 332 511 630
56 144 271 369 517 530 855
724 852
384 547 740
60 113 429 684
77 134
244 435 641 783
159 388 548 655
310 667 854
452 709
627 633 878
281 536 742
186 344 398 574 646
350 486 881
8 130 586 775 838
202 348 369
398 408
59 117 413
173 542 809
12 611
72 126 348
470 630 875
185 508
325 688
143 337
3 357 408
240 522
442 704 735
381 658
580 688 747
172 354 669
159 496 691
345 578 774
52 742
323 327 455
45 410 688
2 666 692
272 531 594
3 254 353 504
241 618 848 857
239 562 638 792 872
332 604
35 88 605
508 611 646
379 720
21 109 615 849
92 708
291 694 770 865 877
487 594
96 303 876
622 867
32 36 485
13 81 123 665 666 849
63 238 647 834
121 267
375 490 501
561 742 838
212 399 449 507 685
477 682 781
488 848
28 62 172 307
132 309 540 599 624 803
11 188 787 846
100 144 173 183 335 579 801
154 721 725 734
99 816
308 537 550
140 298 525
348 445 491 865
113 357 712
172 202 254
334 375 539 768
36 315
4 80 435 764
35 244
5 223 304 364 472
466 672
491 584 704
139 649
174 824
99 100 481 482 638
224 849
62 622
243 725
577 648 704
177 846
76 445 472
83 675
76 334 431 692
221 624 726
188 290 725 814
67 484 504 513
30 158 238 714
159 195 288 777
286 487
492 509 558
109 796 820
74 285 612 703
311 669
343 687
13 490 627 869
509 809
97 127 880
28 269 555
342 403
422 874
7 404
221 377 415 563
96 672
142 632 730 745
577 580
87 313
48 409 725
98 680 830
32 165
615 657
284 510
649 816
349 420 495 599
143 451 756
515 537 591 833
60 187 402 413
238 289 403
400 512 666
81 88 101 228 273
197 378 597 630
371 452
153 372 744
575 839
40 102 282 375 586
307 738
88 669 811 849
111 196 573 633
68 71 217 506 824 829
9 157 298 697
466 557 631
374 585
165 341
59 174 627
9 49 268 709
616 704 827
119 566
25 357 376 738
228 745
313 455 618 672
352 633 661
400 585 629
551 728
148 248 530 554 630
50 779
774 841
45 484 782 861
564 716
243 307 375 821
103 588
67 100 163 304 512
3 134 333
180 520 792
45 61
63 313
47 748 765 789
286 438 492
163 432
562 846
129 190 269 488 588 859
145 147 226
139 346
88 335 611 717
376 536
203 693
351 782
75 463
121 233 730
109 603
208 275 282 696
114 798
207 254 256
12 13 133 235 400 463
58 119 600 636
481 746
736 812
97 272 537 602 859
258 566
56 659 864
56 362 420
183 306 805
155 562
316 451
647 687
32 188 847
580 852
55 579 752
143 376 534 841
74 121
344 386
136 379 465 778
20 332 618 873
191 704 738
126 427 539
201 547 801
289 299 544
271 768
305 519
56 399 406 710
159 196 222 248
434 733
149 362 456 562 647
202 354 411 620
662 697
299 581
13 136 235 293 338
91 347 403 489 651 872
304 307 805 828
66 331 589
92 420
634 851
35 333 578 660 845
14 559 753
205 839
352 541 685
128 515 830
373 484 532 796
101 162 392 784
273 761
80 688 731 753
289 473 857
72 119 199 316 377 457 625
26 203
250 625 822
71 455
85 309 595 761 789
611 739
75 338
550 714 825
218 487
36 51 162 252
67 175 303 486 511 728
256 532 544 555 740
42 716
47 199 345
252 507 833
208 864
140 736
591 702 741 751
356 790
140 298 726
113 235
137 197
636 679 741 786
194 366 541
190 380 823
12 33 111
112 299 700
304 386 473 654
229 230 292
618 819
348 358 615
16 118 320 790
322 811
832 865
63 608
532 557 700
476 656
6 442 565
453 797 843
484 536 858
106 140
116 417 515
8 555
108 401
281 500 639 834
75 251 379
228 480
628 657 826
253 559 638
126 372 423 498
491 598
439 659 744 804
684 766
63 714 716 728 819
97 524 757
50 178 321 667
45 269
27 584 669 763 871
74 439
397 532
269 389 483 726
58 260 783
645 647 662
162 867
163 240 726
164 223 270 624
111 214 424 694
545 627
596 750
232 380 574 736
295 337 787 829
684 717
91 624
369 776
669 847
87 255 461
153 199 508 691 774
488 555 827
129 292 329 554 555 771 774 872
780 843
35 42 132 757
71 84 126 284 334
460 640
200 465
368 686
586 848
203 435
115 235 655
1 292 586
20 149
330 790 841
222 402 512 875
78 118 866
326 845
134 196 398 770
86 142 222 258 573
550 687
621 718
311 332 403 642
217 392 715 869
159 571
156 456 481 626 803 874
234 756
443 521
74 591 605 626
351 732
141 165 601
247 522 539 744
514 733
6 79 207 361
595 658
76 622
36 240 523
29 703
520 710
123 466
545 696
371 416
134 295 364 626
275 441 675
106 366
184 217 630
22 35 879
60 325 443
24 161 212 804
385 687
49 81 202 250 619
117 854
138 265 683
313 347
206 488 573 644 748
335 624
407 454
346 833
4 369
14 82 252 461 713
156 398 873
18 706
129 264 530 824 831
267 360 584 653 770
517 640
110 236 446 670 738
24 417 528 686 849
78 313
120 848
55 273 385 476
240 335 369 466 741
709 712
101 562 852
145 182 217 763 787 847 877
144 220 636
190 553
404 523 770
242 451 768
108 370 508 787 876
92 389 441
455 481 682 790
35 298 448 472
304 777 851
181 278 364 654
41 118 678
177 676
230 499 805
185 738
95 851
32 89
142 510 691
112 580
90 516 547
61 397 442 849
62 463
390 684
579 794
50 183 208 378 502 630 639 769 831 832
74 370 409 434 815 843
86 241
461 463 557 727
137 154 379 848
171 321 570 667 791
13 34 47 177 677 701
529 793
426 461 605 791
193 215 392 504
241 655
318 527 537
69 844
631 710 742
25 369 734 798
102 364 633 727
94 108 293 328 385 738
400 656
37 282 443
97 717 838
386 610 679 705 746 865
325 628
3 58 403 809
88 182 519 672 743
630 716
101 828 848
233 783
103 275 492 530 556 697 754
476 797 874
24 321 465 722
27 261
476 495
509 578 585
384 718
487 658 824
268 352 453 869
150 547
77 776 840
1 118 284 571 582 813
245 485
116 139 197 355
7 229 252 578
328 445 475 663 782
137 491
221 378 576 831
255 476
334 739
119 546
409 589
182 353 773 821
182 505 616 803
376 557 633 634
269 747
430 766
93 552 640
118 607 763
206 543
275 286 287 823
267 645 779
38 467 869
331 458 482 749
80 96 442 485 743
84 824 879
36 138 316
84 424 810
341 389 509 870
51 78
40 62 581 865
7 49
43 427 452 783 793
498 503 604
329 579
156 771
202 555 623
267 314 536 678
284 616
197 221 301 304
507 520 758
27 244
46 193
238 533 632
95 720
77 354 487 573 718 870
80 155 393 477 652
72 127 272 317
111 523
176 233
74 369 480
484 837 865
292 429 528 812
1 717
777 796
375 562 876
217 564
29 819
671 696 830
24 53 311 451 523
21 255 417 589 859
329 508
342 397 873
354 847
428 437 879
107 596 649 681
99 282 663
72 89 180 272
741 811
325 374 462 634
4 276
12 713
94 739
443 545
187 206 563 667
440 706 795
780 823
406 578 628 860
276 721 855
162 200 825
614 669
104 280
581 584 607 828
304 572
184 187 598 832
309 626
277 566 587 773
43 151
44 381
326 429 498
209 881
9 569
615 652 838
515 745
525 779
200 284 402 406 626 807
119 379 636
62 139 335
154 256 786
210 252 270
183 214 322 692
661 726
47 353 731 736 820
197 275
183 213 731
170 407 853
214 241 395 495
243 717
21 56 139
145 271 872
61 240
151 306
599 764
99 173 221 263 823
9 317 351 377 568 721 777
260 572 867
365 708
187 420
273 326 479 514 646
34 391 475 614 695
527 824
588 756
253 332 660
166 341
183 351
413 649
48 550
102 239 286 791 807
249 591 774 864
232 591 651
23 403
184 425
774 832
45 409
325 446 488 877
7 268 620
690 793 834 873
114 316 337 402
37 580 810
132 261 516
28 50 121 368 732 733
92 545 789 806
291 750 810
279 766
122 345 858
86 140 483 640 857
230 658 716 866
101 626 655
257 624 700 881
219 357 374 376 573
165 553
79 419 774
319 325
238 807
668 858
448 739
714 720
380 468 719
70 317 481 839
456 840 845
32 557
92 756
682 728
348 768 786
102 500 632
143 529 692
68 472
404 514 729
107 332 757
90 152 637
108 588
387 615 719 794
151 152 582
39 243 640 845
139 579 697 792 807
183 747 811
178 706
303 563 874
44 454 664 874
12 562
145 427
611 638
495 527
202 203 625
68 283 548
21 427 573
42 633
136 330 635
383 748
144 202
76 85
201 523
4 788
27 129
50 74
161 253 648
355 438
218 462 586
67 509
15 149
199 564 854 878
657 708 820
526 578
409 608
92 502 864
91 174 190 456 652 783 843
124 229 538 601 602 646
329 806
242 406 513 603 614
86 252 448 538 858
284 658
71 260 723 876
100 427
270 663 846
79 95 101 349 377 479 627
243 824
77 398 841
256 466
272 407 590 649
112 807
281 878
42 221 551 627 784
170 622 744
115 265
243 487
402 433
95 413 634 773
511 668
28 184 298
49 551
162 538 803
215 601 637
30 476 631
178 865
35 461 482 747
164 492
396 397 523
275 572 816
83 198 754
290 370 399 424
298 517 574
180 446 679 765 776
60 362
9 312 619
56 96 391
262 816
704 776
14 206
609 702
174 369 384 397 623 819
126 359 647 758
162 666
99 134 379 693 857
362 438
404 750
222 470 873
123 858
82 150 460 636
83 133 568
788 881
459 624
209 320 366
208 473 705
18 831
196 212 571 785 876
164 405 654
314 453 678 839
581 874
48 589 597 616 776
432 718
86 715 865
258 592
366 736
173 279 283 642 726
190 452 701 793 867
219 323 543 868
81 326 452 615 845
173 309 545 868
89 118 314 383
302 631 703 744 857
233 675 866
767 817
37 450
15 74 360 575 642 672
69 372 470
12 178 200 537 645
139 178 197 554
116 191 686
399 411 485
419 510 773
15 553 784
172 773
317 833
299 747 855
134 664 811
41 143
524 679 684
382 436 638 702 847
313 697
80 603 872
106 567
418 451
105 155 243
136 415 459 554 881
55 731
14 175 446 527 741
27 606
166 470 790
464 576
640 732
194 289 596
273 569 657
19 329 569 583
49 56 624
24 653
481 702 825
127 770
511 703 820
227 850
92 125
91 747
200 280 456 626 838
314 549
59 482
420 656
330 559 596
398 648 663 764
6 11 300 377 620 843
48 252 395 448 851 872
152 732
163 434 566
147 673 807
330 784
31 363
10 187 258 351 732 858
31 197 705
310 719 798
129 240 372 436 563
44 100 119 151
23 251 801
9 68 157
55 115 151 240 382 747
72 168 264
271 347
82 403 515
453 470 748
118 260 454 877
420 621
25 268 412 723 819
134 279 322
430 866
115 722
15 20 244 405 660
178 266 295 324 424 484
297 379 446 459 493 541
148 216 542 649 674
47 251 259 466 661 780
11 141 202 661
88 744 789
280 481
247 394
108 490 609 857
122 690 871
408 449
132 140 152 487
72 79 556 704 828 840 876
61 89 158 166 483 542
266 490
86 316 493 578 623
231 488 539 551 857
28 265 763 810
81 330 558
275 288 452 810 875
104 338 362
107 188
151 535 765
255 573 703 767
29 138 231
31 254 647 738
30 496 622
246 419
536 873
129 390 658 796
295 384 805 841
412 572 649 809
79 674 771
235 237 548 725
475 662
59 377 784
314 636 643 739
120 191 192 272 344
436 528 772
254 560 605 782
748 845
92 832
164 341 606
89 526
24 842
456 615 712
30 316 609 641 770 855
45 517 589
219 374
355 432 626 778 839
378 396
266 333 376 806
84 275 412 584
229 429 435 502 871
834 871
584 636
483 780
11 25 35 198 738
198 634
209 380
238 584 614 771
416 451 527
123 538 704
309 461 793
91 163 576 722
689 879
393 832
240 830
192 374 417
50 196 323
79 196 855
565 644
335 598 620 743
432 664 669 693
79 395 619 822
25 199 588
185 262 493 568
16 87
76 153 347
84 164 173 693
96 342 470 533 615
250 848
4 35
569 683
60 481 766
137 605 686
75 438 527
358 458 773
307 683
267 353
7 711
185 335 585
438 445 745
350 405
21 498
23 74 225 498 819 849
60 349
19 786
324 546 648
181 307 438
120 619
724 775
380 599
375 545 652
211 465
13 47 348 355 579
3 181 271
116 508
401 661
137 383 517 851
100 143 168 838
126 306 435 542
422 601 856
154 326 572 639 818
120 225 568 612
65 814
385 614
381 384
11 193 247 770
120 748 757
224 811
209 805
590 677
37 349 509 527 655 803
64 155 212 299
435 662 687
133 182 685 806
80 89 576 691
469 493 737 834
362 378
130 307
4 69 430 657 783
38 559 713
265 346
200 209
226 614 707 763 871
41 375 685
18 162 454 490 608
95 328 511 799
387 453 817
36 269 492
244 475 617
217 263 366
120 146 316
851 876
273 392 769
133 183 216
264 584
338 793
542 821 840
303 478
58 263 467
121 677 798
476 760
477 591 743
25 624
713 730
95 119 503 515
56 140
71 484 713 756
232 433 827 832
115 603
242 280 755
94 170 421 766
5 622 758
137 203 218 605
450 471 536
530 561 651
132 688
176 694
49 463 818
175 339 854 861
165 679
45 121
217 837
523 537 796
10 616
272 392 518 582 772
76 276 531 816
73 662 726
433 598 664 848
397 435
49 866
235 748
266 349 863
145 338
661 698
655 869
138 238 576 701
81 151 841
12 170 204 538 586
24 311 845
322 823
475 794 802
20 148 446
366 620
118 608
344 454
136 554 736
155 746
427 793
858 860
13 233
163 773
633 810
76 233 786
319 728
346 464 652 777
267 523 803
271 563 580 613 659 731
27 184
503 771
320 638
298 507
297 429
530 613 757
113 859
520 545 731
246 303 658
235 634 805
71 150 488
84 375
61 202 451 652 726
134 389 731 812
54 189 734 854
266 328
333 411 557 680
323 849
105 114 453 461
453 557 849
674 859
86 851 875
288 400 713
119 424
234 491 789
18 101
31 402 693 734 767 850
345 396 873
479 590 598
50 89
286 520
292 495 567 844
168 249 266
478 539
200 390 493
90 476
432 843
185 284
9 47
22 725
138 829 868
7 713
123 152 309 689 787
253 510 535 663
225 252 295 360 462 645 709 715
25 143 313 539 595 602
69 458
639 779
58 424 503 615 652 856 862
12 352 406 836
576 867
196 221 297 413 472
525 685 857
538 625
266 598 800
57 152
72 473
207 249
447 767 808
152 406
82 437 630 727
348 435 790
693 716
260 771
177 240 337 595 719 731
330 383
309 877
130 328 532
50 559
149 768
27 114 225 663
148 166 284 721
402 590 746
25 730
123 616
394 409
28 94 182 454 593
273 378
184 546
179 187 540
203 531
396 605 828
268 724
341 631
58 69
177 611
234 361 409 424 776
178 222 808
62 344 459
115 234 476 597
97 235 675
49 66 362 432 702 758
