4471 6554
2720 4025
3643 4412
1038 1829 2296
1544 3372
3618 3702
950 2667
163 2993
2735 3075
1019 3173
361 430 1520 4063
1556 2344
581 949 1554 1814
35 2257
650 2920 3291
360 1306 1931 2745 3040 3114
1532 2929 3249 3258 3579
646 1341 1497 3497 3641 3674
2305 3959 4449
1114 3826 4037
1221 2665 3708
857 2562 3814
829 2727
1342 1866
2787 3390 3463 3767
832 1265
442 620 3662 4002 4219
3352 3417
1397 2430 4363 4385
74 1251 3694 4404
1170 1790 2336 3304 3523
594 3757
509 854 3564
446 1923
647 709
1173 2221
2349 2350 2662 3493 3837
1602 2780 4214
455 4242
1302 1369 1511 2108 2330
738 1136 1196
2878 3620
2089 3747
478 518 890 3584
3147 3585 4385
768 1663 3019 3333
435 725 1528 2997 3201 3809
1743 2730
1012 1862 2298
222 578 2154 2303 4266
1734 2680 3504
1311 1428 3219 3472
14 2412
967 3034
4077 4311
516 3269
2653 3381
2344 2704 2852 3293 3405
31 4072 4262
1845 3558 4377
2462 3726
1075 1799
3862 4442
703 2401 3273 4099
1663 2825 4178 4254
1720 1916 3380 4261
899 992 2705
130 1406 4457
115 808 2635
362 2060 3423
1069 1773
773 1237 3968
698 3399 3627
3819 3862 4180 4420
1481 3309 3494
212 438 653 1439
128 353 1098
1798 3079 3239 4284
33 307
2465 3957
1227 2132 4259
456 2418
1680 1753 2412 3670
45 2937
551 1507 2178 3688
1 1297
791 3703
79 939 2764
192 521 1441
1114 1557
1896 2308 2477 2940
1064 3016 3219
2378 3411 4269 4442
1566 2040 3838
2416 2710 2853 3462
2288 3584
237 427 972 1430 1961 3519 3652
808 860 1071 1280
3262 3528 3629 3729
523 1746 2457 3081
1011 1076
2335 3734 4332
212 1362 2011 3221
361 764 2303 2364 3677 4126
1742 4348 4429
1469 3666 3788
722 746 1025 1520 2954 4416 4456
939 3520 3576
1536 1959 2218 3513 4024
77 471 1292 2281 4230
2302 3640 4134
1448 3860
39 2437
1148 1315 1492
1437 2094
128 883 1814
66 2052 3896
1012 2706
1018 2565 4435
1375 3178 3470
1598 2093 3823
558 2559
923 1126 1438 1514 3341 3883
2819 3126 3368
1746 2147 4274
1378 2484 4456
1154 1737 1918
1612 2441 3016
149 983 2760
1803 3393
3883 3994
342 1821 4301 4332
136 2944
2495 3336 3553 4250
491 4097
136 640
888 2081
29 1896 3851
1541 4120
1343 2919
2940 3020
73 1354 3443
1955 1974 3344 4252
401 1101
247 981 1254 1932 3275
1492 1804 1967 3173 3391
639 812 1608 1779 3270 3284
296 3907
363 1178
271 331 919 1058 1412 2159 3449
476 2571 3784 4227
2221 2702 3896 4063
148 1087 3205 3600
424 4139 4355
353 3557
1157 1300 3905
2210 3565 4454
69 2703
1477 2122 3410
1331 2788 3187
716 3059
2519 2871
1648 1817
1051 3039 3114
2558 2652 3405
1219 1985 2941 3181
615 1729 2423 3961
2318 3076
642 2562
129 627 1133 1873 2156
1679 3930
723 2058 2533 2686
1620 4117 4188
2293 3449 4080
344 517 2648 3305
3433 4048
629 2732
829 2364 3298 3888 4123
66 1669 3031
2333 2396 2993
3045 3171 3728
2190 2681 4069 4460
334 349 735 900 1044 1079 3430 4004
2195 2947
406 603 785 837 3647
1896 3557 4113
3835 4424
1835 2679 3827
3502 4033
2292 2329
1157 1371 2175
358 1055 2243
287 989 3379 3999
344 4027
2453 4196 4255
501 3056
383 3943
2326 3908 3936 4470
2848 3959 4259
2582 3221
1750 1805 1978 4330
487 514 1444 1588 1798 2875
65 99 757 3945
2740 4225
641 969
861 1016 2761 2909
49 795 1794 2095 2657 3671
601 2029 2183 2617
681 1185 1505 3921
1479 1895
1297 2036 3234 3337 4370
4359 4362
906 964 4143
340 779 3570
2188 2879 4350
1983 3209 3336 4333
1433 3995
3592 4268
1627 1790 2585 3028
122 679
1530 1811 4278
1782 2977
145 3301 3481 4463
72 1823 3345
734 1495 2007
1577 2541 3728
1992 3793
749 1656
272 2270
3228 4143
656 3450
505 3728 4187
556 830 1738 3044 3824 4244
413 3375 3793
46 506 767 2428 3750
1302 2405 2713
1004 3172 3465
1297 3356 3616
2050 3327
1750 2163
2759 2994
1359 2132
637 1691 2301 2872
2841 3631
1556 1760 2145 3678 4313
1241 1318 3767 4222
1636 2635 3690
1491 1536
1529 2021 3032
183 1269 1445 1944 2108 3356
2614 3365 4072
2 401 2550 2976
2226 2343
2047 2606 2968
1078 1088 1625 2939
69 2946 4003 4346
1743 1801
1231 2946
952 2439 2529 3416
914 1802 3128 3692 3698
1781 1817
349 486 3490 4285
550 1051 3382
552 969 1598
1610 1675 1744 3918
648 3292 3686
243 4017
1307 1324 2400 3534 3824
2888 3330
1514 2233 4263
548 2404
343 1327
24 58 625 2457 3082
744 796 1440
532 3005 3188
611 1499 2215 2723 3502
2701 3569
2068 3826
2641 3816
507 3702
1290 3323
3084 4443
383 2631 3940
789 3402
4 1716 1814 2078 3123
339 2462 3201
486 767
2441 2631
2160 2913
3183 3611
972 1548 4314
2933 4123 4206
1631 1710 2945 3577
929 2468
177 222 1355 4413
1254 1377 2961 3988
2809 2872 3711
923 1951 3920 4160
1116 2275
3030 4429
1226 2291
3335 4455
187 311 902 1198
2571 3542 4454
927 2132 3691
680 1577
438 2696 3106 3215
1536 2329 2918
122 522 2774
535 1472 2550 4081
806 2357 3328 4362
128 335
165 194 537 1222 2795
399 2015 2863
1300 2016 4363
3347 3412 3501 3872 4451
4044 4242
1419 3331
2124 2575
886 1272
1105 2639 2978 3086
286 1631
1741 3497
276 478 2532
389 1539 2887
401 663 1807 3673
101 1377
716 1323 1369
1076 2788
472 2273 2756
1164 3069 4006 4442
198 777 3252 3937
1813 3650 4070
572 744
1902 4443
449 3072
1072 3392
162 540 3211
2084 4092
1216 1234 1521 3075
1089 1516 1761 1857 4206 4439
1697 1883
1019 3136
24 394 1299 2797
55 4199
2492 2610
1674 2281 3457 4371
2493 2959 3893
1393 1476 3225 3701
2265 2433 2466
3411 3696
1850 2554 4466
789 3807
324 618 1625 3020
103 109 359 1101 1236 1549 3061 4429
698 1616 1877 2744
454 3007
1412 3102
1091 2969
729 1701 4059
42 3372 4365
156 848 3327
97 2299 2358 2423 3421
395 1826
2177 2360 2726
1593 2866
694 2821
856 4011
418 1938 2819 2965
1334 2057
128 1074
73 459 619 3109 3565
2725 3062 3498
998 1456
1028 1904 2425
573 1631
1276 1783 2315 3922
329 627
486 1858
1075 4309
256 2060
922 3458
919 1976 3599 3641 4081
386 3306
698 1411 2071 3048
59 893
722 883 3463 3652
1400 2780
2586 4297
1155 3067
2140 2939
2124 2249 3085
2410 4383
1241 1750
1847 2172
1533 2997
167 3973 4263
68 381
2899 3352 4137
268 290 1158 1609 2181 3118
1083 1111 1363 2369 3224 3487 4252
2163 2899 3375
2408 2929 3441 3931
163 1433 3324 4021
1112 2706 3270
355 1006
567 2404 3998
516 1179 3368 3489
454 1582
2880 2889
3913 4268 4299
460 1899 2699 3029 3031 4240
3545 4229
901 1285 2496 3251 3992
2464 4385
883 2418 4299
1190 2178
2965 4381
864 869
1644 3744
3638 3759
220 623 964 1903
1856 3468 4105
564 2555
408 1132 1601 2732
679 3881
191 1530 4143
2589 2918 3165 3291 4456
1683 3559
910 1611
1890 2831 3055
1663 2071 2251
1256 1535 1915
1752 4099
321 408 925 2952
3055 4069 4301
1001 1688
8 101 268 1678 2957
864 2411 2712 2726 4101
155 1808 1855
877 886 1615
1323 2589 4205
331 1985 2794 3253
2531 4363
65 702 3622
1058 1794
3785 3868
520 1155 1675 3483
300 1766
3145 3852
2335 2830 3426
2361 3009
912 3594
1550 2015
591 813 1526
194 2033 3838
1290 1915 1975 2663 2779 3456
91 4113 4333 4410
646 2798 4052 4195
4065 4124
1068 1255 1277 1601 1682 1970 2886
2870 4026
387 4445
158 3436
643 1034 2583 2700 3454
173 991
1327 1456 2811
295 1354 4246
1155 2973 4182
464 4266
3266 3943
794 3510
2457 2865 3235
850 3989
1365 3714
888 3040
829 3894
1131 4430
834 1107
1273 2224 3348
2172 4033
72 1737 2062 3613 4257
303 2021 2631 4129
813 1552 1585 4052
2457 3130
796 4264
1398 3313
858 1312 2074 4183
564 1397 1658 3799 4463
1563 1679 1714 3039
293 3441
1369 2812
423 1744
239 549 2906
1917 2932 2933 3074 3450
1603 1626 1695 3561 4418
1489 2815 4181
1347 2354 2714
389 3095
2726 3180 3249
1975 2912 4115
847 2815
1329 2256 2321
1087 2385 3182
945 1525 1658 4207
1838 3074 3719 4185
1110 1865 2332 2596 3528 3948
1463 3464
935 2046 4017 4334
1495 3070
52 4186 4438
3481 3747
632 1934 4257
1941 2548
1135 4158
397 1801 4036
687 4280
1482 4471
415 1424 1976 4310
41 3148
340 1479 2684 3267 3730
739 2183 2356
176 1451 2396 3720
2316 2629 3913
358 916 2534
2199 2405
4265 4456
2061 3219 3797
1112 1887 2310 2538
814 3579 4153
2902 3264 4278
1386 4119
400 3907
246 772 3426 4153
3899 4272
2294 3269
264 1363 2034
203 839 3693
837 4145
1092 3803
773 2437 3239
350 2688
812 1768 2418 2480 3132 4316
5 1063 1467 3911
116 1876 3617
313 4159
1049 1087 3866
241 359 1874 2252 2319 3767
667 3016
66 1621 2554
413 796 1646
1791 3713 3819
352 539 618 1177 3908
485 4154
1721 4433
1002 1829
1506 2625
2752 4146
257 1562
2073 3192
810 1417 1667 1738 4349 4416
43 3704 4406
154 1300 3233 3768
3925 4232
2114 3761
84 2399 3525
110 243 508
3098 4282
3294 4202
728 3863
2137 3469
182 1010
1108 2446 2996 3182 4255
78 1515 1994
363 1146 2099 3174
666 1734
4179 4206
812 2142
3751 3845
928 4297
520 2075 3526
1483 3338 3422 4426
664 2410 3467 3487 3660 4233
606 1439
427 894 1462 1973
293 652 1711
657 4267
1808 2766 3943 4017 4368
228 3570 3796 3917
549 810 2558 3862
564 875 2437
1771 2116
1810 2134 3676
1989 4432
1393 1408
19 3875
2289 3807
616 1529 4426
129 454 2062 3910
4009 4329
977 2529
143 1066 1211
2397 2702
1599 4352
1732 3570
1657 1666 1699 4467
607 2009 2151 2942 3786 4267
204 1319 2227 2793 4227
1156 1547 3149 3410
146 2532 3346
89 1717 2050 4282
1291 1526 2239 3407
340 862
1870 2977 3780 4005 4336
2057 2308 3204 3216
2480 3981
2099 2334 2928 3231 3393
1203 2649 2664
1246 2825
166 3897
177 954 2852
194 2007 3823 3831
1638 1990 3989
480 765 884 1141 3611
1011 1538 2028 2294 3247 3329
1460 1668 2014 2047
1393 1616 1774 2227 3425 3636
243 1877 2103
29 1498
1228 1257 1626
1104 1224 2042 2256 2323 3228 4410
640 1266 1997 2336 2615
2036 2547
535 941 2705
1074 1533 2032 2288
607 1067 2675 3270
2267 3070 3498 4303
254 707 2323
3435 4399
578 2297 4124
2489 4158
2779 3043
286 2372 2681
1173 2563
130 168 907 1721 2506
816 3958 4252
63 3917
410 2792 3225
1212 3764
1698 2727 3282 3958
1352 1398 2222 3265 4295
841 871 2215 2696 3459 3738
864 883 3388 3595
196 1200
2477 3918 4313
1041 3013
130 3111 4194
2390 3689 4155
937 3624 4254
668 675 2270 2506 2879 4166
396 2403 2470 2566 2897 3614
798 4193
578 675
2616 3840 4258
2499 2522
471 549 713 2377
1132 4471
204 691 2301
327 578 737 2218 3521
457 1311 2971 3185 3223 4358
1861 2675 3038 3719
1330 3221
177 400 3896
1626 2205
967 1387
830 1812 3475
989 2146 2747 3264 3856
242 3999
1940 2248 2320
597 2370 3245
1370 3687
824 892 3393
643 1097 2271
208 2709 2746
1380 1417
2291 4004
1110 1788 3854 4445
1101 2800
2151 3193 3861
1376 3966
863 1213 2575 2669
92 1792 2905 4118
549 923 1644 2748 4264
125 3784
1997 3802 4019
686 778 1220 2142 4021
132 546 3320
1006 2033 2949 3963 4211
788 975 1688 1696
713 3878
431 730 1004 3367
1490 1717 1832 2194 2666 4129
776 2431
732 1415 2482 2912
2853 3819
307 987 1385 2081 3409 4446
142 737 2335 2564
1391 3709
1375 2362
802 4322
1042 2390
1836 1885 3766
3199 4285
1688 3060 3608
692 841 3678 3775
1092 3638
1679 1864 3499
3592 4454
3143 3285
2364 3452 3751 4072 4430
1347 2902
258 429 1299 1515 3081 3718 4333
978 3331
747 1780 3075
1616 2629 3614
1194 3812
1123 2602
136 350 2261 2350 2936 3413
413 2601 4374
2560 3699
255 2849 3177
1789 3215 3736
1258 2258
985 2206
1977 3197 3783
1861 2599 4155
677 1258 3147 3474
370 3398 4146
498 2760
1012 2536 3858
405 4013 4243
1324 3704
8 1651 2554 3050
914 1839 2467 4076
2196 2763 2915
2345 3029
1147 1338 1694 2556 4131
2602 4114
933 1904 2388
93 3255
711 1614 2088
882 3279
1850 3031 3326
2019 2396 3135 3576
425 4253 4421
548 2978 3951
1052 3054 4338
83 415 1491 1993 2253 3611 3754
2011 2549 3298
2784 3397 4249
3228 3987
334 1371
1498 1695 2092
496 3197
2324 2675 2816 3364 4192
401 1240 2940
2299 2706
3734 4173
729 3450
212 606 1666 2507
2324 3743 3834 3930
1543 3652
1536 2245 2251 2969 3236 3256 4274
1831 1925 2659
36 1716 2896 4156
3381 3699 3739 3836
27 1182 1744
453 1625 4068
508 1693 3961
698 752
376 1774 3471
1586 3613
2600 3293
3549 3755 3864
61 1819
531 1098 2729 3923
2486 3555
1347 2421 3337
410 2875 3134 3585 3842
1163 3138
935 1933
1409 2041 2644 4429
1176 1212 1386 1544 2292
994 3944
1141 2217 3554
301 672 1488 3457
42 3802
2237 3016
1210 1794 2367
196 1385 3164
3554 3792
458 2606
196 3973
213 803 1989
149 707 919
522 714
91 2907
764 3669
994 2050 3950
784 3199 4005 4080
2428 2965
2634 4174
1934 4403
1275 3985
1170 2499 3371 4470
3727 4030 4251
1370 1800 2587 2891 3683
758 2044 3103 3504
302 1208 1641 2139 3029
1673 1952 1985
1122 3361
140 2004 2435 3853
404 2872 3146 3899
2706 3894 4318
582 779 2196 2841 3764
1510 2922
23 1258 3689 3984
2495 3506 3520 3639
1496 2193
3125 3922 3963 3994 4033
3966 4209
3052 3287
984 2536
1670 4070
272 847 2823
654 4005
1293 2244
472 1082 3159 3458
1009 4350
630 1116 2842 2953
2162 2260 2868 4081
285 2107 3123
513 1741 2043 2067
32 304 933 1196 3401 4216
1278 1811
1449 1811
750 853 3401 4116
407 1414 3987
15 276 3197 4338
439 1173 3321
2034 2822
1504 2337 2855 3042 4223
1409 1794
349 3396 3998 4389
105 1913 2912 3029 4047
288 354 766 3712 4339
1548 2104 2217 3480
1329 2986
89 1748 3897 4003
1855 4448
2201 2727
123 171 201 1978 3137
1980 3054 3794 4219
340 1657 2020 3331
56 665
661 1584 1985 3130 3674
113 1579 3630 4378
565 696 2497 4070
1511 2993 3775 4170
934 3336 3456 3973
1216 2308
1774 4459
1582 1600 2482 4289
55 3429
3198 4386
331 2603 3403
1617 2145 2993
666 3356
800 881 3475 3653 4347
1016 1363 1528 4258
1195 3063
2955 3416 4336
625 3627
657 1233
1870 2064 2939 3268 3334
1485 3342
521 2194 3560
942 3861
488 738 2387
406 2450
1537 2204
2482 3742
184 2035 3687
267 825 1779 2121 2545 4388
1004 2679
771 1531 2771 4059
3489 3744
340 1615 1854 2050
586 2947 3417
121 2107 3155 3751
1389 4058
1898 3898
313 594 3038
2820 3570 3831
674 2572 4025
3556 4316
26 3139 3356 4282
1401 3019
2207 2944 4384
2349 2369 2715 3462
698 2431 2642 3539
943 1233 2834
1820 1909 4131
745 4098
2342 3742
2100 3135
945 2075
120 837
298 1389 2238
1634 2596
493 1623
1915 2070 2498
2526 3861
91 2548
3615 4408
968 2478 2736 3002
53 810 1201 1301 1926 2486
2288 3804
3727 4123
1027 1074
405 3676
2770 2827
957 1068 3326 4322
791 1513 2440
433 1564
862 1301 1762
12 1798
1797 2695
478 3905
1618 2438
283 2940
3346 3648
517 2299 3989
198 1829 2609 3775
2919 3848
661 3450
903 3919 4309
32 902 1688 4279 4431
637 1707 3102 3378 3986
1275 2103 4222
218 4230
359 1512 3399
253 2376 2802
1814 2328
2662 3971
434 490 2106 2561
263 808 1513 2316 2528 4113
970 2370 4017 4047
1273 3103 4294
518 1639
939 2485 3762
1739 2521
418 961 1030
1865 2054
3352 4186
1 3215
2222 3914
3054 3522 3942 4353
400 1005 2810
1070 4461
522 571 576 2207 2736
1523 1970 2947
1498 3136 3482
788 2251 2658
3226 4054 4158
949 2064 4454
530 1252
1363 1428 3387 3814
525 703 3758 3892
793 2288
2139 3588
138 224 1097 1574
1257 2748 3182
90 1939 3818
907 1578 4293
633 1761 3039
1683 3765
1511 1972
98 3727
936 1131
2371 3773
2114 2841 3696 4353 4422
1455 1622 2890 3030
182 260
250 1957 2102 2616
355 4032
3393 4024 4227
345 1580
633 2665
341 484
1944 3250 3506 4312
539 1128
1596 3179 4389
212 3292
22 2190 3950
2562 2647 3321 3992
201 3885
2848 3521 4065
337 3170
1614 2854 2962 3296 3306 4316
1958 3702
995 2753
2110 2991 3554
105 1548 2290 3291
1058 4022
1740 2254 2373
2024 2337
265 1027 2035 3030 3044
1424 1821 3017 3719
258 556 1354 3180 4327
490 2307 2460
1207 2180
1010 1518
1511 1578
684 962 1621 3039
646 2029 2179
4002 4277
400 1412 2541
508 3210 3705 4112
1167 3992
409 670 1087 3999
984 2088
120 4385
779 4261
1582 3638 4247 4290
1823 2543
977 2200 3344
909 2547 3676
1072 3556 4088
451 798
1883 4121 4139
252 3384 3750
2913 3593
577 2632
983 3314 4046 4329
143 2729 3043 3612
429 824 2290 2392
1756 2308 2319 3204
747 1969
391 490 1785
790 1176
425 3678
1677 4222
2072 4172
1290 2996
177 1252
111 2015 3723
813 919
219 311 2517
3667 4073
235 1338
564 1665 3349
1480 2277
283 2061 2303 2479 2979 3993
1999 2496
1612 2716 3827
23 1261 1790 2342 2434 4039
1930 2641 2790
668 2026 3525
83 527 1060 1404 2610 3890
311 2960 4019
1719 2278 3327
466 796
2676 3592 3760
1712 2381 4068
1774 3131 3416
1445 1714
910 2710 3996
229 3024 3416
711 2667 2743 2795 3895 4321
1217 1815
1209 2732
1303 2556
323 3099 3541
89 224 587 1411 1436 1838 2363 2534
161 3981
1973 2171 2247 2467 4447
2784 2875
317 400 2212 2653 2662 4442
982 4109
1188 1302 1976 2692 3891
2716 3945
3480 3775 4263 4350
2970 3423 3584
4022 4456
505 1714 3152
1064 1601 2363 2413 2977
1631 3584 3613
4061 4114
1085 4319
48 2107 2704
2190 2583 3480 3733
1102 3440 4192
2732 3018
1725 1984 3233
271 356 1905
648 2722 3201
438 1043 1723 2335 2469 2611
2494 2998 3161
925 984 4067
968 2139 2275 2359
1444 2100
1030 2196 2311 4079
3251 3909
1077 2207 2649
58 1065 2855 3909
3146 3711
525 2923
625 2234 2851 3030 4271 4362
283 1538 3696
1223 2233 3069
1422 4354 4394
2627 3814
1720 2884
2183 3582 4448
575 3480
880 1471 3683 4324
486 1811
1762 2774 2917 3676 4156
2234 2250 2384
551 1034 3569
376 2680 2751 3233 3780
779 2174
16 3998 4092
1193 3408
1838 2301 4164
202 1188 2164
2665 3860
246 1356 4104 4240
1380 4321
417 441 3093
595 1131 2690
849 2325
52 824 967 1421 2605 3590
2418 3559
1655 2243 2366 4125
429 3021 4211
568 1820 3496
1019 1741 2344 4456
1318 3933 4333
3047 4109
1561 2001
565 2109 2951 3646
537 1016 3528 3569
2008 3800
614 1464 2047 2882 3044 3250 3680 3923 4276
115 1012
59 321 1256
843 1163
63 391 1468 3010 3995
1808 2247 2256 2754 3802 4082
1085 1263 3944
1576 3322
270 811 4403
768 2221
199 4098
880 1197
3 2880 3544
2080 2264
75 95 3162 4275
3499 4311
1709 2053
537 2629
1088 1092 1158 1414 2764 4153
71 1567 3240
885 927 2978
131 2689 3277 4263
1068 3704
686 3189
1871 4241
697 1216 4354
82 3448 3647
479 3027
32 2283
1104 1238
225 2393 2565 3204
2199 3103
1953 2864
497 867 967
866 1823 2518
1747 3528 3607 3755
109 2850 4015
2203 2286 2868 3779 4131
1272 2643
550 3824
856 4273
793 1458 1696
1390 1394
459 1524 3767 4065
209 1636
569 2647 3134 4436
3007 3739
1752 2607 3231
451 1482
1562 4016
195 2629 4393
1068 2280 2362
1696 2323 3432
2041 3738
779 1060
46 1742
800 915
85 2368
327 3393
3091 4407
287 521 597 1853 2432
606 937 2578
2079 2802 4075
634 2196
1005 3332 3829 4332
1945 3315
3058 3811
1119 1781 1908 2026 3979
407 1787 3471
8 3279 4211
1703 2853
527 914 1003
831 1051 1746 4077
1210 3473 4444
641 3588 3811
923 1036 1441 1746
2313 3304
107 689 1180 2648
732 2809 2814 4439
2913 3807
1216 1578 2040 2127
377 1141 2695 3804 4292
293 662 1199 3179 3578 4439
228 995 2588 4333
8 927 1212 1861 3016
678 2750 2809 3067
1403 1719 3697 3854
551 2373 3757
41 1072 1462 4130 4254
1441 1714
887 1886 3877 4278
284 3067 3436 3636 3647
3799 3939
2370 2587
232 2085 2725 2960 4084
917 2809
1386 1608 3587
1461 1980 2190 2382 2950 3697
2454 2719
3517 4034
1408 1438 1990 2599 4311
2578 4045
1732 2167 2645
113 1163 2068 4140
3878 4390
1655 2296 3079
214 382 800 1189 3370 3578
158 2257 2743
738 767 1428 1823 3920
826 1388 2617 3777 4421
24 434 1946 2996
970 1728 1906 1957
3365 4050
114 2335 3016
372 751
714 3308
604 2360 4058
2441 2928
2396 2951
302 1907 2270 2432
802 2223 2559
663 979 2025 2168 2980 4172
2188 2814
2028 4290
2039 2995
1187 1231 2150 2669
2249 2779 3223 4125
1401 2625
3 747 3835
1161 1216 1228 1985 2493
586 3925
2110 4179 4206
157 3040
569 2395 2737 3200 3606
1606 2137 2635 3066 3634
2232 4410
2588 2912 3489
2663 2729 2732 3600 3878 3908
694 723
1248 3742
916 3961
621 4269
145 2298 4305
1497 3316 3591 4308 4459
657 771 1103 1860 2133 3678
646 2607 3173 3396
128 3389
535 1459 2412 3290
356 942
1176 1879 2437
150 1435
2942 3002 4334
2157 3994
2150 3311
139 2696 3376
744 2771
460 1469 1557
1013 4302
1341 2197 3230
766 1234 3316 4281
533 2494 3080 3280
1211 1245
1076 1649 2343 3396
379 1220 1494 2133 4284 4314
1689 2195 2673 2911 3549
601 1466 1698 2314 2329 2561 3939
742 1231 1353 1997 3100
808 1082 1534 1705 1752 3691
1328 2269
207 641 1166 2786 3944
239 3774
1260 2256 3509
1044 1110 3747
806 2661
94 1000 1294 3716
3005 3479 4385
859 3935
987 3297 3364 3496
3138 3412
1439 1712 3315
222 1436 3627
341 839 1272 2113 4450
1031 1138 2663
532 954
2125 2231 3284 3616
917 4332
1309 1984 3260
593 1465
4092 4223
1483 1826
450 1906 3225 3921
1270 1946 3467
1505 2968 3452
297 977 3962
388 2049 3388 3933
130 3990
1444 1696 1967
2094 2809 3609
3583 3985
1057 1614 1745 1922 2311
1574 2295
1919 2014
481 1424
306 2300
190 366 2862 3311 4241
432 514 3255 4172
1903 2069 4214
817 2688 2734
1329 3519 4195
1944 2642
1998 2927 3537 4149
209 1059 3726
1241 3194 4220 4246
263 570 1876 3295 3559
22 1148 2014 2160 2179
2263 2698
662 2816
3834 3938 4124 4317
2553 2999 3045 3741
2005 2685 4208
2160 3766
1579 3260
975 1611 2622 3118 3128
886 2547 4077
3104 3257 3839
1276 1417 1593
2852 3979
3184 4001
1182 1798 2212
1236 1883 3590
812 4424
1948 3656
336 1245 2963 3361 4251
2549 3706
1056 2862
1388 2019 3923
1622 1684 3896
2594 3702
769 2453
870 1231 3502
3721 3836
723 2226 3955
93 1031 4239
884 1899 2750 3268 3698
3648 4312
1077 3138 3334
62 3848
26 1221 1893
903 1125 2586 4019
91 4179 4208
1319 2469 4369
254 2735 3552
444 2616
542 2436 4007
1344 3085
793 2434 3048 3564
4 355 1265 2269 3525 4007 4446
1621 3447
1941 3546 3877 3991
2129 2160 3247 4194
746 2468 3859 4077
1013 2630 3463
149 259 2157
866 1664 1718 2595 3735
376 3441 4243
1277 1294 4069
206 227 1453 2023
1077 2154
524 1232 2314 3680 3906 4293
582 680 3318
2611 3494
703 2062
1934 4216
601 1275
308 729 2153 4105
1574 2385 2810
1377 2617
277 902 2158 3045
1601 1760 3853
1112 1196 1374 2198
869 1159 4467
1402 2900
21 3108
4 674 3684 3691 4269
115 2627 3709
1369 2142
1481 3151
915 981 2552 2955 3692
1338 1824 2249 4135
586 1438
570 2262 4293
166 1803 2011 2868
781 3508 3727 3969
207 426 1745
3218 3783
285 1569 1570 1840 4447
307 606 2533
2706 3489 3809 4263
618 1534
2217 3229
427 2420 3530 4152 4471
964 1205 2102 2467 4023
1428 3329
124 4135
2283 3908 4333
2484 4220
1523 3419
743 2907 3475
2184 3108
304 963 1146 1642 3026 3647 4013
3189 3691 4455
2316 2416 3333
1625 2475 3429
950 4437
250 603 1406 1951 2014 2399 2836
1639 3341 4353
1201 3035
1220 4150
219 845 2327 2683 2761 4078
3273 3425
4392 4442
382 2498 3826
307 1068 2043
514 2050
213 884 2689
214 2522 4092
1449 2449 2614 2862
751 1404
361 2551 2803 3806
2402 4366
195 1412 2092 3372
1544 1997 2187
2145 2303 2548
1821 2467 3916
2280 3041
1900 3705 4009 4039
497 1568 1910 3546
359 1057 2971 4424
671 777 832 1061 1720 3269
1463 3644
679 2213
263 820 2563 3146 3590 4315
616 1537 3644
653 1748 1751 3838
124 1421
1136 1379 1588 3251
540 3706 4355
1131 2030 2574
24 391 2290
189 2109 2613 4297
331 2654 3995
2972 3355 4326
829 1709 2025
1705 4370
69 214 1194 2207 2278
787 3689 4233
1710 3468 3914
3273 3510
1376 4098
1020 3311
1709 1765 3010 3351
519 1897 2178 2437 3719
1685 2593 3270 3751 4201
3682 4271
605 1679 2583
257 500 2119 3024
1479 1620 3429 4001
2972 3956
120 456 1062 1229
2306 3179
1384 2813 3250 3515 3580 3609
799 1910 2528
45 1449 2744 3601
314 876 1419 2167 3876
416 2880
1280 1587
2334 3216
310 616 1035
1593 2441 2453
1168 2171
2006 2352 2635 3112
442 2157 2911 3870
744 3100
279 1867
321 619
22 205 529 4273
2418 2440
1329 1710 1779 3253
1433 1861 2113 2772
679 4108 4330
697 1781 1863
317 1650 2167 2413 4352 4381
292 898 1853 3991
1547 2745 4252
379 623
39 1457 1585 2530
2324 4332
1060 1413 2271
225 742 1194 3480
1375 3436
390 1530 3419 4038
287 902 4125
822 1293
1949 2739
240 1784 3514 4454
1926 2736
598 2360
111 2582
701 3729
92 650 3543
118 1048 1513 2542 3495 3718
1409 1827 3726
639 2795
4233 4245
1163 1317 4467
1039 1626 3699
642 2447 3384
1286 4139
90 1925 3054
1662 1957 2343 3670
1390 1912 3733
34 3411 3725
760 2327 3967
2100 3134
390 1866 4269
403 1299
340 3332 4235
1710 3744 4419
1085 2977 3658 4462
1468 3557
88 2020
686 2473 2572
3197 4046
465 1295 2648
722 1770 2091 2429 4092
71 1317
1408 2124 4270
1742 4338
814 1859 1962
413 584 649 1407
74 2894
594 1171
462 4341
977 3990
791 1575 4416
877 3099
1862 2405 2448
396 4273
383 3335 3494 3865 4018 4454
2108 3247
3758 4036
2746 2814 3425
2399 2786 2790
2615 3164
19 638 882 2540 4104
2744 2961 3114 3152 3253 4339
1910 2044 3227
356 2198 2338 2766 3854
2097 3001
358 806 1143 4305
1454 1743
1907 2509
2773 3632 3790 4201
284 1044 1818 3291
33 1069
1093 1923 3467
1049 1618
1670 3766
366 834 4284
191 2511
1523 1593 3214 3895
1347 3489 3996
815 2302 3302 3338
281 783 1680 4152
1100 3997
771 3301 3647
2085 2385 2623 3089 3253
694 3935
550 1136 1546
1297 2969 4152
1061 4077
3066 3516
599 1214 1429 4403
282 794 2506
417 1834 2461
853 875
832 1024 1771 4323
675 1762
18 2463
1727 4071
1048 2297 3690 3804
993 3816 4295
415 607 792 1861 3538
1646 2183 3478 3936
2927 3662
643 2994
956 1849
841 2986
2073 4314
395 3157 4316
1751 3576
1292 2606
2087 4084
2708 3786
14 945 2430 4162 4366
432 3140 3669 4328
813 1569 2102 2444
964 1384 1958 2270 3296
92 531 3352
247 339 2036
20 1972 2574
186 1279 3285
1741 1926 2553 3656 4301
3865 4281
1269 4344
276 1178 4008 4336
1119 1626 3133 4333
1604 3058 4172
157 346 2557
49 1178 1179 2931 3607
730 1406 1451
348 1041
1062 4002 4385
697 1248 3688
360 1885 2042 2213 2441 2937 4453
2641 3528 3915
3672 4444
14 1431 2647
1049 1188 1690 2121 2688 3044
2418 3331
3126 3223
548 1930
366 1061 1156 1797 2106 4126 4337
584 3078 3489 3815
142 544 2302 4446
213 1019 2855 3702 3939 4271
1812 2945
1191 2481 3230
1756 1931
1301 4455
4181 4330
838 1625 2737 3220 3982
838 1389
707 2657
1919 1955 3178 3425
1133 4139
632 1451
1210 1931 2615 3657
179 639 729 1754
870 3778
414 3680
2344 3215 4149
2273 3400
462 2027 2605 3862
532 834
352 633 1229
392 2413 2679
200 875
11 1039 2393 3739
208 1408 2844 3827
2145 3436 4449
850 1118 2923 4154
1586 2530
723 1966 2302 2940 3847
814 1805 2084 2267
322 498 3460
1139 2322 2983
1643 2358
567 2476
3861 4334
2318 3407 3486 4361
735 962 987 1995 3995
2902 3816
1623 2732
905 1000 2132 3810
424 2305 2683 3970
3799 3924
731 4021
581 3103 4417
701 3502 3825
2186 2495 3042 3635
864 1639 1787 1802 2010
2037 3551
421 1069 3974
2835 4337 4422
13 362
323 2391 2486 2506 3935
831 1626 1923 2637
276 1599 2333 2702
1559 1676 4013 4037
3035 3080 3137
760 992 2474 3985
932 964 4460
1590 2289 4107
2009 3025
776 1010 1767
406 452 3900
713 2296 3655
2155 2909 3365 3488 4422
1894 1950 2841
1425 4415
276 691 2748 4129
2805 3164 3779 4284
2887 4258
268 1381 1772
1802 1857 2406 2467
2 44 933 2416 2711 2928 2983 4328
3322 4431
1509 4446
57 2156 2702
1247 2038 3316
2009 3818
1943 2429
1357 4277
610 897 2591 3959
930 3332
1324 1364
2631 3950
230 1314 2105 2412
191 2867 3661
2449 3033
3162 3554 3684
52 457
2734 2799 3772
1930 2027
2689 3029 3103
2208 2983 3003 3046
1403 3715
1894 3760
404 3622 4193
2973 4044 4417
2264 2466
361 2725 2782 3624 4397
1691 4154
72 515 4254
1177 1370 1571 1807 2879
736 2445
1420 1825 3287
1323 3972
436 2778 3684
499 640 3203
1349 1374 2320 4083
166 1470 2635 2665
82 2846 3841 4350
647 2013 2177 3121
573 3335
1593 2906
29 588
396 1244 1930
695 1163
1724 3298
47 2304 2313
794 1709 2927
820 3473 4343
1463 3176 3329 4224
722 2754 4341
140 1731 3703
1850 2036 2302
1921 4238
1080 1862 2250 2359
1533 2445 3028
1596 2387 3234 3270
852 2697 2724 3986
157 2202 2217 4219
222 1322 2102
311 1068 2549 2777 4124 4449
3591 3929
15 214 242 745 1967
66 601 651 802 2276 2725 3542
1858 3506 4045 4403
2009 3002
43 3522
165 1697 2634 3829
1624 1932 2745
150 2321 3569 3636
1270 2682 3295
2239 3467 4368
1588 1914
2086 3108 3965
100 2900
744 945 3681 4225
1562 4078
117 1356 2338 3160 3292
2763 3364 3597
242 3715
3168 3944
562 1403 3520
238 663 1748
1819 3778
301 1110 2071 2748 3782
561 1672 4182
1373 1778 3431 4252
313 2800
863 2149
155 1505 2145 3327 4428
1345 3290 4040
894 1377 1611 1842
3520 3625
1800 3137 3594
1722 1936 3494
2787 2970
815 2644 2788 3639
3283 4127 4328
1188 1682 3718
725 939
1233 3225
73 188 576 749 2357 2696
2800 3482
1755 1925
611 2275 3329 3529
1851 3611 3925
41 3066
620 1358 4465
2302 3054 4446
1314 1644 2837
329 3721 3739
2213 3111
3257 3733
994 1716 2718
139 1665
80 751 972
2058 4395
1 335 1273 1426 2251 2987
1691 2289 2735 3184
2812 2898
869 926 2713
1363 3271
752 2918
3485 3715
213 444 2939 3155 3174
1951 3427
397 966 1202 1873 3172 3596 4395
817 4374
359 861 1270 2774 2989
2085 2180
1208 1324 3654
1510 2009
2855 3403 3654
1025 3565
973 2745
911 2660 3423
2404 4055
154 1115 1363
1106 2092
1523 3064
1021 2600 4063 4297
464 567 1644 3128
3234 4273
72 421 1650 2595 3154
2495 3089
1659 4370
462 3571 3736
1390 2918
196 671
2126 3752
704 1880 3984 4036
1448 4050
955 2172 4143
397 3992
146 264 853 1503 1569 1974 2418
716 1260 3762
623 686 3604 4159
532 1594
515 1978 3056
3614 4077
2048 2586
177 195 1255
3941 4346
328 3916
403 2364 3019 3610
1189 1559 2810 3175
2606 3488
204 1454 2628
1041 2301
978 4470
1846 2250 3998
3228 3645
68 330 2593 4134 4160
15 156 888 992 3241 3369
1675 3321 3493 4048 4319
1276 1573 3231
129 928 3735
2858 3196
1041 3836 4427
618 1742 2903
118 3589 3809 4418
229 860 1420 3566 3786 4191
1646 3470 3937 4175
615 3151
1024 1689 2721
1105 1154
2522 4023
787 3337
421 423 1072 1467 3968
357 606 1250 1772 2190 3375
1507 3375
2290 4220
826 1254
120 217 2762 3671
840 2678
2005 2766 3500 4357
22 602 892 2366
1742 3644
524 3274
47 159
3149 3918
1590 2024 2389 2468
1119 3345
961 987 3175 4264
342 4059
503 1380 3839
11 561
2422 4307
2233 3875
185 310 663 4107
457 2029
711 1963
342 930
3284 3830
97 1416
4446 4463
2556 3784
447 639 3335
1187 1196
765 791 869 1264 2798 3966
862 3408
1884 3280
695 2154
2131 3902 4314
588 723 4254
1182 3338
828 2451 2543
1013 3917
633 1873 3689
1927 2256 3438
1852 1903 1906
1919 3727
298 1182 1350 2039 3717
305 4138
3334 3467 3801
516 1063 3331 3728
1207 1521 1775 2960 3685
287 341 2092 3924
940 2941 2959 3136
367 1579
206 2072 2648 3711 3774
2653 2760
201 1352 1404 1707 2910
1603 1697
131 1632 1636
68 1209
696 3342 3638
487 2862 3937 4280
3298 3684
607 2717 3375
38 518 3937
618 2077
2143 2344 3746 3925
1085 3948
300 1005 1306
1480 2461 2650 4077
994 2687 3009 3577
1 1699 3623 3776
1937 1997 3142 4407
1726 2990
2253 3673
82 321 535
785 2625 4230
257 349 554 2040 3953
405 2160 2451
2754 3873 3930 4082
710 1416 1517 1991 3680
1163 4334
270 331 887 2222 2724
229 2946
2431 3135 3153
941 1569 2553 4220
61 163 504
3091 3802
869 2439 3468 3984
103 178 404 660 856
119 4162
455 1099 3941
1659 2050 3946
3307 3864
842 3130
932 1307 1740 2344 4070
3077 3180
74 1762 2165 3070 3438
595 3535
1449 4318
257 1688 1739 2395 2932 3159
95 873 3466 3874
2321 3569
195 2352 3054 3137 3182 4185
2435 3018
1578 3757
568 1029 2641
97 4369
1753 1913 2928 3350
451 2032 3307 4109
1594 3043
430 655 2798
2109 2377 2477 2727 4430
433 4410
1880 2121
3540 4416
377 1780 1963
158 2681 4316
2352 2490 3966
2309 2990
2202 2656
2559 2819
1065 1142 3906
993 1836 2750 4098
1601 1697 4158
442 1321 3417 4245
237 327
3034 3120 3380
1008 1725 2633 2964
528 2201 2249
1962 4401
2940 3706
479 498 3051
1130 2457
3085 3753 4239
24 487 1722
701 1059 2015 4395
1282 1333 1524
3761 3798 4015
2104 2150 2443
1112 1256 1659 2442
1476 3917 4058
1958 2522 2994
2009 2871 3893
2209 3360
1257 1615 3751
259 3928
273 2574 2751 2827
3267 4217
145 243
1406 2532 4095
419 1296 3358
297 2845
3383 3711
419 428
462 2035 3560 3648
3831 3872
1609 3896
159 2278
2184 3047 3640
874 1087 2096 3086
454 3583 4263
2474 3428
456 1323 1356 1625 1690 2021 2240
1727 3582
1719 2656
494 4089
220 3364 3812
2689 4039
951 1300 1854 3216
329 401 2377
212 2930 3473
299 1402 2635
1814 2616 3176
1158 4404
43 1398
2357 3779
466 729 2858
1564 2304 2400 2968
2679 2954
466 852 965 2665
1915 2048 2643 3991
1796 2320 3432
17 1149 1858 2670 3882
769 969 2497 2922
71 144 2136
1016 2321 3500
2778 2976
302 403
1280 2157
1389 1701 2042
1260 3380
2478 3807
1005 1409 4456
441 858 2941
1698 2221
848 2189 4322
3521 4460
1546 2101
161 2527
2234 3499 3905
1569 3872
606 667 1330 4128
258 406 688 1851 2060 2875 3719
687 1394 3517
804 1154 3860
377 586 4162 4354
1057 2367 3586 3674 3682
1656 3200 3269
477 3785
1486 1584 2457 2955
28 1973 2262
1142 2181 2994
275 2051 3259 3840
78 535 1590 2001 2067
897 2223
170 227 3529 4272
1395 1571 2326 4085 4089
85 369
222 2593 3278 3900
1326 2735 3454
1148 2980
310 1019 1147 3049 3774
570 2043 4455
625 2873 4128 4415
1161 3252 3578
3512 3842
1392 4460
3672 4279
1819 3492 3779
1897 2584
1059 2400
3253 3404
2150 2905
204 2691 3574 4079
1891 2245 3022
2640 4199
108 1843 3670
990 1113 3418
1344 3906 4380
707 1231 1255 2041 2056 2952 3128 3534
949 3151 3451
410 1180 3495 4332 4363
2305 2802 3624
2494 3777 4191
3823 4329
1525 2725 4291
859 1323 2007 2628 2931 4288
134 1496 1905 2728 2983 4322
772 2745 3441
2314 2854
2513 3387 4097
807 2009
565 3368
999 3925
1517 3039 3284 4385
437 2261 3417
691 858 3063
204 1468 3747
2445 4314 4335 4427
664 2450
718 971 2681
237 1651 2182 2511
939 3526 3658
255 652 1076 2333
537 2262 4128
3028 3361 3594 3864
2344 3228 3814
1607 1651 1778 3801
250 3858
496 1045 4171 4240
1319 2704 3932
2568 2814 4012
1059 2153 3703
1739 3260 4059
175 1272 1877
904 1288
3563 3816
1528 4398
1292 1967 2186 3295 4361
1067 1527 2043
803 2803 4318
2787 4105
774 1789 2231 3973
1429 3049
1465 3800
764 2097 2287 3308
28 183 575
294 2710
767 1965 4160
1580 1602
679 965 3351
2664 3089 4228
1677 3994
1376 2781 4327
29 1455 2151
959 2472 3706
640 1987 3611
1575 2495 3876
1868 4386
107 2611 4334 4467
637 3876
30 4252 4268
162 2887 4457
305 1178 1912 2433
639 700 2956
1150 2890 3396
637 888 3399 3571 4157
953 3742
2798 3215
1885 3405 4272
421 483
121 703 1620 1796
1490 1609 1635 2090 3496
1151 2916
1123 2247
878 1916 2211 3894
219 1134 2825 3580
421 1657
1873 1964 3451 3761
2415 3672 3852
358 505 1116 2777
208 1606 3974
2717 3208 3597
1658 3477
1032 2587
717 3452 4336
27 375 1206
261 309 3258
2089 4114 4337
881 1069 3213 3836
883 3463
1734 2908 3175
1060 2143
756 1220 2225 2234 2250 2946
286 669 4049
728 779 954 3913 4351
1347 3072
3416 3864
615 2711 3088 3886 4074
106 565 1234 1568
1043 2030
618 1316 2986 3671
3969 4048
1306 1740 4273
1019 1077 3723
494 791 3880
838 839 1029 2357
944 1243
2289 3765
496 1709 1725 1921
1654 2913
77 503 634 1053 1716 2103
1722 1857 2649
2255 3945
1703 3774 3915
191 415 1260 2968 3817 4124
2031 3486 4465
1382 2767
4199 4396
1454 2666
507 629
1003 1100 1168 3358 3374 4017 4154
2711 3320
1215 1253 4406
2757 3114
777 1144 2742
1435 2452 4250
199 1668 2614
9 85 2656 4259
22 835 3908
343 990 1123
2018 2155 3535
578 3742
3466 3771 3877
634 1137 1711 2067
995 1867 3860
67 347 1050 1915 3711
1294 1318 4280
1353 1460 3513
1796 2705
965 2955 3969
747 908 3211 3332
357 361 3413 4309
3326 4107
2949 4285
1172 2062 3254
2608 3695 4433
124 3753
319 4416
1134 1214 2534
437 1141
996 2180 3319
1841 2318
507 2342 4207 4403
257 1147 1673 4353 4424
891 3691
3330 3952 4159
260 276 1998 2295
2974 3236 3618 4173
843 3502 3840 4135
747 1602
1107 1513 2209 2591 2779 3011
2074 3016
86 1247 1540 2563 2627
579 728 820 1226 2036 2948 3249
2100 3210
417 1074 1796 1897 4041
2893 3411 3639
327 653 2172 2372 2596 3310 4189
874 1168 1330 2435 3765
1665 3270
1206 1372
324 1545 4023
585 1821
803 2509 4125
1705 2697 3662
1635 3400
393 1831 2125 3237
2829 4237
1202 3432
552 3028
582 2702 3123
1031 4425
726 2420 3377
74 488 928 1125 2663 2993
3409 3793
147 3155
488 532
184 512
2194 2466 3758 3970
1469 3639
763 1275
1324 1915 2994 3334
1537 2742
178 1418
557 668 746 3297
106 446
127 3424 3943
1207 1460 3577
758 2080
307 1520
185 1866 2542 3168
899 1458 2363 2956 3478
1238 1248 1387
973 1652 3079
2242 2681
1460 3386
931 1805
36 1141
1368 2657
1671 2280 3061 3473
78 3011
1240 4037
993 2047 3400 4369
1538 2910
2225 4370
31 4328 4368
276 1715
78 363 3181 4341
437 984
577 1524 2253 3021 4260
1861 1948 2817 3235 3330 3344 3661
1358 3815 4471
1636 3173 3202 4018
1352 1358 1450 3319 4030 4421
1630 1779 3885
291 2539
763 1316 4189
1565 2183
1090 1284 1947 3710
829 1820
2853 3780
3737 4193
833 1175 1534 1976
328 1567
3986 4197
139 1366 1405 2032 3669
1821 4111
100 193 255 1297
1350 3774 3786
290 694 2530 3635
4331 4364 4444
768 2113 3271
1009 2971 3132
52 822 1123 3090 3928
47 3942 4414
564 3299
1948 1961 2856 4098
439 3862
898 3621
720 1269 2240
669 798
2907 3784
1848 2362 2661 4115
504 2299 2397
581 2552 3644 3889
1351 1495
175 2657 2788
1014 2725
1436 2928 3463 3515
1663 2145 2466 3409
2270 2406
2870 3169 3455
686 1390 2174 2348 4346
1012 1644
1943 2831 4247
348 2713 4000
3155 3612
625 2997
852 1431 2081
1040 1988 2957
42 993
1799 3050
19 282 993 3479 3546
1251 4310
1003 2809 3796
518 1835 2620 3218
476 2411
395 1584
689 1931 2626 3155
131 372 1962 2378 3646
746 1944 2988 3084
11 241
1614 3441
238 4108
863 1959
386 4268
725 1044 1597 2999 3084 3148
134 1323 2500 3393
1906 2527
1785 1909 3557 3731
406 1813 3761 4250
3341 4061
2287 3045
271 3239
11 1452
156 1908 2210 3447
1623 1798
785 2070
3695 3731 4415
628 2046 3290 3650
354 3265 4330
682 2449 3251 4366
2392 2402 2518 3238 4058
1913 3443
663 689 3015 3169 4180
159 1454
1170 2881 4410
105 864 919 2896
2913 3518
798 3928
1733 3866 3995
162 596 3325
1968 2332 2956 3500
836 1057 1186 2152 2242 3038
2062 2252 2908
1377 2405
2222 3459
934 1040 1884 3366
1556 2478 4194
2977 4096
1086 1522
1631 2072 4422
404 906 1990 2443 3025
147 2491
283 494 976 1632 1732 2675
1554 2460 3895 4036
1728 3257 3865
1764 3986
53 4352
1270 2579
592 1689 3030 3104
2301 3200 3865
93 1296
12 786 1785
807 1536
999 1161 4020
815 2836 3925
418 2461
113 3015 4169 4471
720 878 4114 4245
571 1103 1586 3148
2387 3293 4171
1112 1390 1901 1905
376 1108 1147 1551 2981
380 842 4128
513 1474 3534
2951 3122
212 2167 2998
405 1639
1182 1658
3747 4084 4123
1070 3163
917 2531 2840 3512
917 1073
2858 2974
954 1086 1712 3284 3338 3473
1902 3413 3931
1663 3206 4181
1190 2056 4210
1915 2277 2287 3676
183 3395 4364
843 3705
557 928
460 571 1100 1103
747 1751 1762 4289
3848 4191
681 1164
1862 1899
777 1943
462 2617 3859
288 2153 4362
792 2300 3570
1350 2656 3967
534 1061 3224
1700 3658
285 3141 4175
371 1069 2797
2139 2904
2290 4260
2007 2047 4118
2295 3489
426 443 559 2467 3099
1456 2131 2437 2638
1253 1935 2322
1960 2517 4405
2124 4156
2417 3045 3851
2395 3152
237 2180
303 549 1665 2664
662 910 1045 3018
478 483 1131 1908 2571 2937 3733 3792
2543 3516 4351
249 1154 1299 1907
2007 2039
1010 2862 3693 4053 4240
3277 3948 4154
509 791 2322 2462 3436 3753
56 483
2001 2350 2802
758 2689 3924
3643 3745
3172 3467
301 3448
2433 4297
2659 3138
2057 4102
649 2517
1469 2983
1052 3007 4356
511 1509 1842 3221
459 688 938 2901 3818 4071
3759 4133
551 927 1048 3386
1579 2080
39 738 3372
36 1211 1471 1720
347 354 1120 1352 3315 3642
2008 3471
514 520 772 1164
889 3233
26 186 678
265 4080
506 1874
3364 4448
1260 1535
316 3248 3395 4265
636 1827
53 505
776 1330
1554 2231 3422
927 3878
258 460 2432 2883
319 2124 2617
173 971 3181 4246
31 1343 1837 2823 3070
1954 3063
2517 2610
547 3223
441 4439
711 830 1496 3962
179 1915 3879
729 1329
1263 1523 1869 3652 4045
546 797 4034 4069 4093
390 2869
3855 4068
257 3091 3213
1305 2251
1949 4051
559 2977 3879
3326 3491
59 1785 2333 3050
196 390 1261 1666 2580
110 1960
1273 3741
547 3913
46 397 609 798
1328 4415
440 2622
1857 3865
2854 3729
423 1168 1884 2755
1395 2736 3207
1461 2171 3866
131 368 1942 3289 3638
2035 2193
333 1309 1626 2761 2978 3618 4190 4288
460 2435
187 4075
254 1267 3988 4225
3636 3723
965 3346
229 757 4074 4200
3136 3903
1411 3729
2367 3467
1249 1310 1442 1788 3117 3191 3372 4209
310 721 4133
393 578 2987 3277 3590
259 1740
67 1286 1435 2328
255 865 2306 2821
1336 1876 2056 2965
2987 3516 3979
1827 2452 2873
1126 3211
1585 3438 4163
1954 2065
1699 2778 3882
2251 4260 4261 4325
475 1335
1825 2512 3135 3528
1378 1448
153 3433
1985 3197 3912 4147
130 2117 3798
66 915 1843 2820 2940 3500 4030
3386 4022
933 1339
845 1008 4277
1921 4152
1253 3988
59 2841
166 3219
1268 2619 2778
1700 1884 2840 3987
872 1332
629 1084 3970 4298
687 1685
1904 2845 4101
1187 2114 3282 3959 4458
1714 3425
182 383 916 1648
2656 4284
1455 2868
1904 2637
744 801 1306 3748 3818 4220
1387 4082
506 2657
1030 1192
1719 2053 4087 4273 4465
138 2365 2991
4101 4289
1055 3257
1152 2314
2589 4116
508 1897 3466
2373 4307
2257 2402 4251 4301
73 2037 3401
345 869 1315 2367
154 273 3868
502 3738
785 1884 1922 2043 3579 4104
791 1524
228 1737 2810 3675
1842 2172
631 873 3315
3519 4076
350 1098 2294
584 1927
12 1156 1654
403 2584 2765 3295 3634
162 3344 3499
657 4101
2179 3186 3764
899 3102
2350 4218
418 1912 2996
878 2722
1107 4001
187 3735
1209 2219
513 3035
2571 3511 4354 4450
1548 4469
300 322 466 2711 3062 3550 3664 3817
1634 4454
1157 3815
24 3979
32 627 3905
143 1036
459 1272 2015 4139
522 3058 4219
2524 4326
121 402 1098 2820
438 2038 2439 3705
3819 3926 4448
254 2358
920 3990
303 786 1413
2034 2283 2411 2780 3860
800 1465
2315 3218
1228 2455 3194
3443 3941
37 1320 1560 2411 3576 4155
271 1382 2721 3893
1168 1728
82 2168 3294 4219
1167 2661 3959
189 1611 1750 3667
2005 2816
366 3003 3342 3918
542 4217
1352 3137 3987
505 3597
1269 2557 3902 3903
1275 2986 4158
1268 2815
2164 3269
2435 3699 4076
3182 3375 3867
1045 1107 1267 2655 4110
2663 3034
2373 3079 3546
221 716 3375
251 311 562 1778 3040 3268 3420 3485
52 2529
610 904 943 3325 3566
31 476 1533 3594
2433 2725 3211
1451 1571 2431 4338
2121 4172
969 1579 2323 2769
1614 4246
414 2473
230 875 1219 1754 3359
198 220 3312
875 1072 1241 1657 2085 2770 2984 3101 3279
496 546 4158
599 3171
515 1065 1770 2248 2633
578 3346 3782
1 1823 3544
857 2713 4271
250 463 2865 4370
1215 2593 3022
482 2564 3490
1982 3860 4354 4386
234 2536
2508 2757
2049 3087 3300 4076
839 940 2576 4250
909 3945
1767 4031
164 1525 2591 3308
2148 4149
4075 4298 4302
365 429 1726
1142 3351
564 2857 3067
8 2832
1025 2766 4040
136 2674 3890 4178
285 2610
650 3434 3618 3899 4049 4310
3500 3923
1728 3615 3995
624 929 1201 4381
488 2524 2536 3093
2032 3241 4231
3755 4223
2041 2895 3350 3730 3742
807 3758
123 1164 2961
297 2907 3158
2235 3215 4125
730 2064 3284
225 2860
1010 1140 4441
2600 4318 4406
1973 2176 3802 3892 3899
1006 1479
2588 3662
134 3968
305 2706
1702 3290
1554 3346
2962 3018 3153 3407
268 2957 3080
301 2550
965 1016 3951
574 4185
101 1670 3161 4104
1409 2785 3335 4293
1454 1984
900 3010
34 884 965 1665 1989 2465
1087 1132 1232 1575 1793 2230
1717 1988 3473
734 3176
1048 2738 3892
24 2327
231 4397
1241 1773 2209 2284 2414
348 1372 1831 3098
23 3709
1286 1582 1910
463 725
910 1625 2233 2576
2273 2532
2289 3438 3522
847 3436
613 2319
796 3498
1355 2989
3894 4369
1042 4392
1403 2801
498 1014 1532
3174 3372
9 1790 3681 4144
155 275 1140
1097 1412 2190 2991
1898 1954 1977
1612 2216
804 2361 2558
477 2078
523 1268 2191 2543
899 2897 3180
34 432 2664
146 2876
2104 2397 4085
1804 4290
482 843 1291
1261 1793 2158
3637 3729 3972 4350
945 3007
415 454
709 1097 4445
950 2411
2071 4312
927 3304 3386
9 2458 2786
84 1150 3782
1029 1766 1796 2819 3189
792 2387 2550 3770
1726 2923 2952 3250
2884 4190
1139 3567 4445
846 1261
58 4089
374 1520 2695 4289
171 499 3908
192 968 2027 2592 2850
122 1503 3333
2482 3413
503 986 1015 2702
99 316 1518 1802 1909 2686 3510 4303
1778 3792
1713 2948 4111
1392 3058 3067
559 3843
567 3629
632 2377
320 643 858 1369
1250 4171
1416 2622 2655 4257
1668 2164
1191 2255 3426 4265
411 3657
272 3085
134 1344 2342 2397 3010
1293 1586 4228
1898 3605
309 942 3264
719 1574 2817
1472 2397 2549 2584 3014
112 419 1463 1861 3852
419 943 3202 3728
2406 4329
111 309 1877 3055
1822 2117
1051 1732 2191
1823 3339 3696
2011 2561 3706 4430
2460 2490 2906 3247
1471 1529 2663 3049
867 2910 3028 4113
2142 2618
2406 3174
285 4007 4056
2744 2987
1837 2594 3412
53 152 697
92 1817 3151 3477
951 1809 3359
637 1968 2889 4125 4288
1974 3755
516 1264 1376
2467 3290
1599 1912 2168
737 872
650 2955 3948
1132 4377
1735 4271
222 2015 2383 2419 3726
1773 2707
1865 2429 2918
1602 1618
326 458 721 1626
1668 2268
128 4008
113 2091 2769
594 2648
609 1592 1970
208 1189 1647 3575
711 793 2908
2361 2720
562 2930 4075
243 423 875 2294
802 3077
93 814 976
752 2022 4080
3280 3750 3926
523 818
2803 3417
500 4002
287 3379 4009
2359 2958 3731 3981
153 436 921
17 283 858
891 1602 3846 3945
3015 3602
1323 3600
3927 4259
20 3690 4016
1572 1932 2441 2981
1024 2099
1055 1930 3736 3837
1759 1855 3754
460 680 2714 3767 4081
1388 2835 3361 3748 3830
2319 3072
716 738 2048 3148 4348
647 2072 2933 3545
822 2124 3154
78 735
1284 2361
248 719 867 2012 4306
1088 1147 1361 1995
2281 2823
1203 1454 1650 3713
1644 3210
256 3538 3865
277 680 2198 3315 3630
2747 3287 4421
1115 3533
176 1455 1876
960 1673 1749 1928 1958 2461 3128
169 3023 3907
442 1114 2179
590 3658
493 2052 2116 4114
2657 4013
1494 2823
2498 3033
2597 3972
4262 4318
789 1659
1996 4396
986 2919
287 3796
1904 3374 4425
916 1634 2471
330 1451 3817
908 4134
404 894 2367 2802
2651 4366
153 1562 2055
1621 4154 4460
2408 3981
1135 3246
69 265 3757 3797
152 1499 4094
1807 1847 3408 3971
223 1424 2284 2302 3853
1435 3830
3298 3388
1216 2106 2246
903 1822 4193
1345 2153 4246
2363 2953 3741
364 789 3725 3860 4016
878 1457 2509 3190 3682 3833
1404 2426
364 2986 3448 3660 3702
1663 3127
590 1110 1388
1657 3611
3361 3904
520 2400 3872
2301 3987 4248
1441 1446 2640
241 1961
2805 3882
1226 1375 1877 3067
3646 4175
107 335 1354
3199 3259 4224
3724 3728 4041 4070
1253 1552
1143 1501 3254 3868
2393 2535 3722
1030 2514 4335
705 2534 4103
60 451 3651 4219 4407
3008 4039
1743 2162 2627 2645 3854
4071 4211
507 969 3470
2036 2553 3171 3949
3118 3781
1737 1859
62 426 2699
284 772 1069 1909 2697
3 738 865 2902
1109 3873
3270 3571
120 413 3228 3664
1126 1217
403 509
1031 1508 3164
600 2436
931 1449 2108 2839 2990
545 2322 3815 4416
786 1318 2329
346 913 1233 1395 2361 2372
1209 4013
1530 3078
2710 4341
411 436 1769 2336 3233 3988
207 424 641
755 1106 3257
181 2024 2109 3102 3646 4425
672 2155 2485
900 1894
3181 3532 3979
2927 3317 4368
590 1281 3524
3674 4292
1283 1343 4103
1431 1849 3374 3580
1324 1913 3184 3247
954 1291
2441 2497 3183
3718 3852
292 2651
1312 4017 4054
380 2886 3369 4081
668 1439 3767
1155 3974
984 2653
1935 2077
459 1264 2175
543 2394
1520 3682 3741
141 2224
852 2688
357 738 849 1367
1710 2586 2878
2183 2268
2533 4452
62 2960 4305
1216 3232 3762
1819 3897 4328
3779 4323
830 833 2717
1265 1970 2907
216 382 1773 2665 3829
853 3949
627 2390 2443 3047 4200
116 887 2354 3124
670 949
10 405
1316 2620 2635 2803
130 237 1513
2719 3137 4289
1758 2590 3480
532 1295 2456 4379
500 1497 3484
1968 3424 3601 3899 4268
4007 4293
455 4309
713 2947
1857 3865
613 853
1882 2910
1018 2578
40 614 1556 4162
1621 3724
753 815 925 1962
3506 3611
1270 1371
2227 4264
2843 4193 4407
1502 4265
393 1276 3595
1409 2961
153 1761
851 2280 2766
2498 2664
990 2958
1480 3958
1298 3304
887 2353 3190 3616
1283 2563 2569
2595 3847
130 191 3774
289 1803
331 2675
1082 3894
828 1896 2291 2834
669 2462
282 1413
2203 2849
447 834 3753 4337
823 3851
54 1898
116 2598 3862 3953
36 2266 2921
794 1627 4129
74 2365 3680
204 1371
1389 1450 2529 3029 3834
945 1088 3336 3753
397 1297 2166 3544 3979
324 2528 3390
813 852 3045 3326 3627
739 1273 1413 2630
1308 2033
364 499 1221 2338
3792 4109
769 2444
74 219 2271 2558
261 3754 3787 3810
661 1618
2079 2163 2210
113 1519 1884 4097
962 1781 4284 4470
196 3383 4360
3569 4050 4132
2095 2430
821 932 3146
2256 2454 4273
2261 3229
498 1450 3217 3500 4366
784 2048
22 59 2071 2999 3170 4281 4295
771 2151 2310
1582 1659 2905 3100
1507 1721 3721
983 3223
83 781 1330 1816 2932 2948 3365
1638 4371
764 2750 2935
182 2135 3956
164 288 3967
4204 4424
1947 2138 2176 2319 2817
336 2630
2842 2981
41 3191 3887
967 2665 4468
514 3616 4174
311 1534 2570 2720 3173 4138
2206 3526
1307 1429 2465
949 3054
71 603 1156 1958 4281
247 1499 1698 2821 3954
1857 3908
2622 3021
901 1469 2169
559 2403 4047
707 2873 4320
1393 2554 3881
434 1418
1312 1425 1602 3314
1106 3354
1 2228 3092
2346 4324
1396 3882
3260 4238
557 1627 2667 2906 4066
1553 3526 3662
411 1823 3580
2033 3086 4442
1077 2647
257 662
576 2564 2756
182 212 1137 2819 3313 3349
2451 2994
1727 2910 3887
1014 1835 2493
261 1602
2304 3482 4340
101 615 1610 2528 3678
1342 1372
1450 2623
1680 3624 4044
468 1241 1760 2375
820 998 1220 2531 2812
2948 3864
1459 1773 2660 3513
2261 2976 4226
2145 2923
40 536 1063 1598 1799 3742 3825 4457
1774 3145
2549 2610 2630 3474
55 1794 4263
137 2239 3559
437 1621 2461 3052
2432 2582 3989
311 792 3731 4240
53 3724 4151
2921 4431
1375 1698 1753 4313
503 2795 3881
2311 3130 4463
466 1256
2338 3802 3936
1536 1813 3278 4340
1658 4309
1521 2645
400 2184
507 1383 1860 4224
2643 3641
694 1270 1418
87 1933
1224 1394 3458
1265 2740 3099 3147 3538
53 1725
346 542 1038 4257
1479 3251
314 896 2215
1409 4334
2157 2552
121 1359
495 2731 2786
1608 2021
2278 3594
1943 2311 3430 4415
2031 2723 4043
412 990 1368 2385
42 873 2895
74 1540 1866
790 1635
355 2609 3307
439 1986 2991
244 2565 3262
806 2525 3009
2440 3119
2070 3663 3714 4395
1630 3507
304 339 1150 3059
2242 3063 3716 4179
528 899 1813 3776
536 2049 2244 2478 3829
337 925
1769 2701 3499
809 2596 3728
231 3885
1542 2459
503 3793
569 3931
1689 3380
4068 4419
1842 2464 3666
540 573 2070 2261 3472
2017 4006
950 1919 3103
1322 2180
1191 2549 3588 3796
3494 3750
860 2358 3043
1601 3819
702 907 1480 1775 3061 3676
1728 1775 2654 2832 3217 3473
1995 3524
1380 3011
880 1682 2196 4072
345 521 601 742 3316 3594
1618 3530
1167 2567
1032 1052 3960 4084
2986 3173
209 3910
1547 1882 2095 4209
688 2537 4280
345 781 3173
404 1403 2130
1332 2222
969 1592 2032 2825 3316
2298 2573
1657 2314 3604
213 407 1669 2139
779 1326 2322 2414 3254 3514 4068
666 1599
1252 1650 1754 1805 3098
877 1235
684 878 933
859 2938
466 2957
879 3829
284 1125 1155 1932 2628
1745 1980
1497 2451 3490 4056
1903 3002
3945 3992
264 3090
752 1732 3634
391 1861
2526 3903
285 2797 3170
1000 1486 1567
738 3671 4006
2333 4392
1175 2799 4050
87 904 4447
1261 4366
1768 2393 4311
240 4149
443 745 3723
2954 3101
1474 2089 2807 3508
1294 3909
937 4084
153 4196
1423 2518 2717 3374
808 882 891 2227 3627
866 1762 3852 4204
538 1688 3889
2271 3564
1179 1958 2757 2869 3271
457 1343 1642 2647
595 2079 2629 2637 3671
747 885 3333 3837
3364 4306
38 194 1413 1801 3902
948 2858
1537 3220
1800 1927
872 1736
1877 3681 3764
777 2906 3703
863 1018
1800 3216 4240
34 1837 3497 3950 3962
654 1258
2298 2351
127 1650 3405
1566 3490 4082
3250 4082
53 260 901 2163
1191 2934
1303 2944
1141 3794
40 1145 3665 4065
2150 3307 3399
804 897 1253 1827
296 1019 2892 4107
108 1298 1304 2240 2447
425 1494 2070 2361 3257 3278 3350
2270 2825 4393
807 1252 2245
713 816 2057
1619 2574 2766
791 1707 2264 4221
1287 2414
2380 3451 3800
154 1378 2385
1201 3463
1180 3008
567 1173 1796 4384
873 1639 4274
896 2589
1955 2687 3055 3829
570 1628 1994 2980 3109 3415 3446
997 1110 1943 2317
465 722
306 1033 1328 1905 3710
771 1380 1529 2991
2657 3396 4250 4406
785 2617 3108
2864 3088
965 2230 3412
1645 3035 3244
816 4444
2679 3538 4194
230 343 1187 3959
305 1665 2016 4459
802 1766
1243 3841
1347 1352 2533
1350 2240
2190 3508 4115
858 1940 3606
466 1342 2243 2560 2776 2815
698 3410 4444
1960 4465
1463 4015
2282 3168
2508 3459
698 2054 2338
953 1145 2257 4101
3548 4208
2288 2447
1986 3495 4016 4059
894 3011 3071
194 398 4430
1336 1528 2930 3159
1025 3331 4271
2047 2257 2927
725 1855 2008 3267
1537 1682
2253 3598
1939 2790 4060
1474 2718 3221 3385
2762 2951
1919 2182
84 319 2312 4285
2702 3504
1317 4322
1199 3294
401 597 2380
2402 2665
357 1448 3579
751 1132 2660 2713 2970 3242
2932 2953
388 1412 2028 2590 3572
2109 2632 3400 3713
120 1608 3542
940 1191 1891 2456 3393
887 1648 2713
307 1899 2271 2836
152 3576 3709
392 640 1554 2674
89 970 3130 4171 4292
3288 3328 3865 4151
886 3280
2408 2666 3292
38 1333
980 3308 3564
2185 2568
78 1007 3348
418 4470
279 1319 1904 2228 3122 3172
367 1188 2202 2600
535 652 1268 3388 3585 3872
310 481 554 1681 1835 2532 2831 3446
208 2372 4192
491 628 1601 1654 1675 4190
195 1636 3158 4370
3180 3993 4200
1133 2044
732 919 978 1902 3071 3426
507 675 890 2356 3586
1756 3458
3678 3802
581 1779 1936 2270
1750 2251 3649
843 4117
1289 3411
1991 4168
886 1132 1593 2143
2148 3531
139 3182
70 1172 2046 2417 3608 4324
298 645 1477 1582 3366 3418 3854 4449
491 806 3034 3895
736 1857
1509 3010
250 2058 4408
432 4005
694 1315 2112
758 2129 2374 2612 3387
1092 1322
1415 2625
2825 3130
3403 3982 4116
89 146 1726 3801
1505 2209 4181
550 1456 4378
1509 4258
802 910 2208 3778
2346 3968
9 267 694
2375 2576 2638 4177
392 3557 3846
2305 4431
146 4134
167 768 1357 1906 3883
2168 3547 3744
2264 4442
1206 2551 2625
510 1940 2924 3468
2902 4023
498 839 2350
1774 2879 3067 4342
471 1643
1934 3201
1040 2515 2870
262 1131
2087 3429 3948
3400 3601
1725 2079
2045 4285
2091 3842
3527 3937
2141 3504
1234 1573 2595 4332
601 2767 3440
94 657
122 2612 3277 4468
815 1431
201 520 1483 1608 4071
1613 2778 4446
395 480 546
1657 2045 2175
2113 2310 2878
3005 3902
90 2452 2903
333 972
2614 3507
413 1108 3797
1307 1421 3843
329 334 3760
398 915 1478 1575 4361
3140 3663
1251 3976
450 478 1056
271 918
1752 3011 3931 4031
140 2089 2529 3252
763 3706
747 872 2775 3124
1554 2441 2539 3857
101 109 1745 2179 3346 4038 4318
771 1444 1815
506 1398 2415 3545
93 332 1201
249 894 1260 3129
2688 3039 4008 4239
2629 3206 3242 3252 3940
817 944 2602
1293 2106
581 1877 2532 4114
1014 1228 1778 3592
2109 2418 3320
616 719 2170 3276
360 2081
1077 1224
475 570 801 873 1883 2506 2718
1611 2449 2527 4206
2286 2818 3204 4172
1734 3299 3731
669 852 1779
7 986 2162 2547 3422
3777 4411
2056 2283 3882
916 3060 3571
3352 3646 4449
1720 2145
297 1105 2845 3680 3824
94 2622 4353
521 2630
745 1562 2558
608 3070 3683
3341 4396
6 195 525 561 934 3308
199 754 2174 3802 3862
914 1003 3992
236 626 2215
1920 3497
111 3994 4068 4393
397 1608 1855 2380
579 3890
3556 4097
1311 1531
713 1673 2689 3131
314 516 2257 3872
4207 4287
656 884 1541 2341 2745 3110
583 620
848 1853 2253 2666 4050
115 697 1139 3530
1082 3504
1042 1896 2573 2638
1842 3462
1018 3563
221 1135 2688 2982 3273 3887
2002 4333
2058 4469
379 1144 3608
792 3973
1043 4423
83 3011 3461
1277 2644 3873 4096
2636 3200 3818 3973
580 3062 3307 3903
68 1517 3663 4128
459 594
2189 2421 2918 3320
2281 3179 3536
3086 3864
177 639
482 857 1116 3256
742 2059 3087 3109 3364 4301
815 1425 4198
1131 3601
1447 4171
1505 2160 2171 3362
8 1342 2952 3813
3254 3594 4197
1175 3085 3714
2508 4047
740 1497
12 444 2591 3185
219 3048 3777
72 177 1335 3526
400 3356
1853 3347 4006
283 1172 2272
606 656 1081 2822 3370 4353
3148 3400
1023 2087
622 1458 2617 2801
1179 1419 1574 3050 3978
186 2584 3082
124 847 2912 3433
1502 2134 2370
406 544 2465
1276 2116 3687
2408 2520 3638
2367 2960 3002 4006
454 1580 3763 4230
934 3351 3817
1212 3966
1384 1670 1691
669 3993 4370
450 1243
1539 2573 3909
718 4078
1022 3823
377 1709
2169 2885
128 353 1578
492 2535
576 1485
2618 3554
650 1287 1543 2563 3916 4062
263 855 2342
3262 3824 4346
113 3881 4108
1756 2531 3224
792 1349 3907
976 2260 2850 2856
740 890 4338
536 845 2774 2883
493 1826 1926
1952 1975 3576 3601
163 1266 1986 3551 4199
1659 2759 3014
328 1137 3487 4117 4258
1628 2171 4430
1617 3034 4337 4409
3636 4192
252 942 4404
1932 3781
325 396 897 1533 3201 3777
1126 4205
857 1724 4204
480 2268 3081 3775
215 1650 2329 3677 4086
1042 2554
1974 3296
3056 3122 4100
1469 2081 2833
170 1930 2106 2899
657 1153
73 364 893
180 851
420 517 1437 3372
1188 1970 3508
1111 1155 3559
288 519
12 381 2150 4093
3260 3381 3963 4085
768 3891
459 1140 2773
3218 4420
229 2431
871 1281
1114 1609 3080
1392 3981
187 1234 1633 2644 3425
1765 3500
969 4357
1200 1616 2009 3060
429 1032 1110 2371 3469
2762 2852 4405
2575 2841 3470 3501 3792
2279 2965 4226
268 1607 1687 2600
2571 2888
2630 3158 3256
825 1136 1456 2848
3591 4007
244 462 894 3142
1598 2280 3778
284 2367 3827 4223
421 4178
55 2100 2908
1012 1234 1249 2291
1350 1592 2928
191 637 1341 2024
842 1200 2308
2002 2623 2960 3887 4087
1082 2137 2744
599 1213
746 1526 3507 4196
385 3475
2651 3812
1400 2864
1116 1258 1561
792 2390 2869 3414
3249 3893
2091 3506 4229
225 498
341 2242 2690 3167 3306 3356 4238 4354 4444
97 2626 3901
3208 3723 4219
776 1329 3422 3776 3982
255 3833
20 1218 2599
571 1068 2674 2687
320 822
1962 3247
1920 3525 3569 3600
473 1374 2618 2626 3538
21 1048 4449
3441 4405
830 1759 4206
1522 3450 4465
496 4384
2278 4210
81 172
933 1392 3484
3059 3086
131 3991
546 560 1909
438 564 1529 2715 3055
216 2061 4169
269 4185
2343 3843
330 3729
217 925 2038 2778
214 2301 3440 4330
906 3387
293 654 1743 2134 2949
874 1052 3184
130 1684 2504
724 3340
1008 4158
1260 3475
1572 2199
1126 2821 3196
425 2184 2747 3513
3048 3169
702 3122 3523
150 924 1044 3029 3330 4077 4246
1007 1680 1717 4081
61 364 2424 2928 3229 4129
3656 4200
2982 3032 3035 3919
313 1010 2389
634 2512 3238
1574 3272
3204 3777 4389
321 423 2892 4312
1720 2239
1465 1492 2472
2083 2978
395 2303 2928
1206 4448
2096 2804 3666
1492 3122
1055 3015 3530
2089 3367 4388
920 2102 2617 2633 3659
477 1358 1875 2038 3672
2540 3418
1455 3598
2143 4178
1448 2262 2958 4238
2386 2912
403 1747 1766
1009 4230
39 73 666 2476 4277
262 381 1381 1992 4216
2586 2701
1114 1808 2166
3292 3839
1109 1259 2157
557 1314
2316 3466
344 3738
316 3568
2754 3008
1182 3780
436 1085 1241
3804 3971
1885 4038
3816 4263
49 321 1671 1805 3836 4342
298 3893
2157 2438 2703
3621 3642 3776
497 1682 2530
3828 3894
2750 3711 4324
1438 3043
186 423 911 1081
218 935 3386 3626 4470
2972 3544
2352 3313 3811
259 1115 1860 2731
1214 1960 3080
131 395 653 1865 3808
2735 2934 3130
1159 1285 2506
4 593 1318 4277
3287 4282
226 432 1593 2188 3248
338 1369
511 870
464 986 3690 4160
1344 2255 2282 2487
1400 2589 3526 4032
1268 1417 1802
279 2074 2122 2947
396 1660 2236
1839 3104 4010 4345
2826 3878
743 3151
752 2751
1485 3697
600 3369
784 2724 4150 4301
338 601 818 1000
243 1812 4449
2817 3728 3779
96 2029
3310 3453 3517 4283
2273 4226
2710 4349
282 1338 1821
3152 3514 3910
934 1821 3675
1184 3744
1888 2452 2800 3771
2725 3084
2166 3471 4257
398 917 4321
241 328 3931
1111 4261
975 2391 3227
1772 4175 4344
553 3265
2116 2835
174 822 4223
1278 2163 4281
340 472 940 2297 2317 3648
1265 1608 1766 2851 3691
73 295 4092 4342
563 1371
2167 3081 3604
99 2933
10 1646 2608
11 3075
559 2820
550 2817
984 1829 2895
808 2411
1586 2666 3267 3949
3377 4194
908 1069 1398 1905
99 3941
229 1251 2151
399 2738 2806 3350 3384
62 2035 2099 3009
1570 2906 4298
2480 3025
935 2488
687 2121 3085
519 1773 2611
89 919 2240 2647
642 1473 3911
620 889
34 580 702 779 1165 1359 4439
445 1105
631 1164 1656
1386 2681 3271
1534 3058
872 1219
1066 2125 2603
2789 3917 4339
654 823 2147 2660
143 2143 3243
666 696 1241 1310 3229
1491 2892
1350 1737 1820
2503 2902 3298 3776 4296
407 1324 1603
655 2497 3515 3693 3962 4159
50 1283 1564
903 1569 2602 2679 3124 3921
320 2923
520 2614 2771
61 304 2817
1143 1557 2072
1232 2679 3507 4005
2791 3406 4429
1155 2214
254 746 3220 3335
675 884
345 1629 3724
895 1226 1543 3368 4111
298 903 2162 3230 4258
2977 3636
151 2237 4009
2261 3984
56 1190 1580 3905
1610 2849 3660
974 2524 2874
776 2848 2979 3888
882 3424 4438
3567 4061
423 590 1423 2680 3292
745 3341
596 1597 2034 2507 3166
1446 2545
654 3928 4414
32 508 3140
810 1099
238 243 1317 1636 4096
1659 3593 4396
386 2072 2200 2580 3317 4077 4406
1179 1948
1258 2302
108 1101
727 1425 3180 3878
1416 1588 2370 2393 2403 2803 3021 4199
2712 2976 4013
1795 2588 3302
2329 2819 3476 3580
432 1930 3475
833 1470 1656 2738
1638 1763 2334 3493
1578 1707 4290
787 816 3850 4165
620 2513 3366 4357 4371
2018 2047 2683
2071 2477
458 996
435 1490 2622 4427
2263 2544
1974 3572
1408 2400 2552 4240
1033 1944 2268
2695 3555
432 2866 3062 3065
1388 2496 2663
127 442 592 1103 1153
497 1639
2911 3104 3662 3814
663 1203 2472 2616 2655
917 4123
2236 3023
645 4188 4315
703 1193 2452 2466 3903
1065 2796 2829 3462
820 3813
586 2927 3699
1073 4079
539 2354 2552 3954
221 2888 4419
2252 2629 2710 3039
984 1874 1961
1307 3172 3815
1693 1878 1958
3204 3711
137 926 2935 3835
2179 2240 2596 3840 4091
571 808 1735 3569
1449 1599
967 2892 3022
1214 1369 1371
1424 2870
693 2051 2808 3449 3837
91 3176
2484 2631
1807 4008
107 4207
1139 2287 2734
1984 3854 3995
290 4429
2609 3304 4003
741 3091 4169 4178
492 3900
886 3813
1047 2136 2802 3913
1761 2212 2961 3267
1063 1341 2758 4269
793 2098
1580 4047
474 3864
438 2109 2994
357 793
831 2340 2446
1000 1786 2514 3065 3482 4070
1022 3186
2364 3597
255 891 1648
107 3314
990 3865
293 836
306 723 2294 2365 3459 3789 4305 4349
1523 2818
342 3522
410 1392 1813 1933 2203 3066
1297 1392 2455 3843
11 475 1243 1785 2307 3538
140 3701
1662 3836
2451 4352 4406
1535 2220
144 4305
266 833
1338 3405
888 2186 2283 3883
1719 3318
1752 2363 3810
2376 2634 3009
198 1747 2234 3622
1811 2900
1466 2691 3034 3065
1716 3898
1509 1662
622 4400
389 568 675 4408
159 852 2665
164 4378
723 2176 3397 3438
1680 2327 2848 4107
1398 3544
116 1494 1897
2144 2489
1926 2986 3349 4354
139 694 2820
3261 3586
369 928 1115
458 1806 2106 2983
490 4168
2306 4305
590 2803 4413
381 3022 3092 4190
1829 2635
851 3061 4290 4311
250 431 2378 3034
1736 2671 3781
3200 3444 4416
392 2294 3113
1447 1862
564 1209 2642
937 1667
1074 3261 4368
3968 4463
1884 3720
1781 2111
1937 2102
302 1144 2615 3073
134 497 1175 2327 4361
424 644
146 2892 3565
350 2875 3323 3658 4110
1074 1477 1712 2143 2523
2648 3565 4169
1308 3516 4190
444 2678 3839 4122
690 1801 2410
767 3866 3913
110 4021
313 2643
828 3783 4188
331 831
1302 1492
987 4350
1294 2805
2154 3040
885 2802
2721 3423
548 1445
2076 2370
550 1195
782 2022 2770 2911 3413
2781 4342
1193 4170
179 478 1645 2449 2926 3820 4009
314 1144 2423 3515 3866 4457
1091 1208
1310 2025
1164 1400 1559
1947 1951
2148 3563
2677 2689
162 1370 3007
372 1357 1895
355 1039 1101 2637 2681 3229
873 1040
1623 4280
4045 4448
366 1676
753 808 1175 2381 3977
476 666 3710
1209 1617
868 872 1679 1960
348 466
763 3963
480 3002
2575 3566
847 3671
155 159 1492 2199 3310
396 2548 2638 2876 3580
1705 1774 1883 4161
191 566
2421 3506 4116
2646 3353
3076 3302
901 2893 3161 3943
640 1176
357 384 1285
3574 3784 3817
494 920 2076
1411 2482
1677 3442
451 1294 3339
279 323 2609 4394
1157 2304 2975 3968
1591 1960
548 874
1381 4316
1018 3235
1124 3691
2256 2788
137 479 2687
626 868
1908 2113 3463
403 1944 3883
603 882 2894
1220 1420 4226 4429
1867 2075 3377 4235
261 971
1806 4452
3148 3784 4057
878 959 1080
135 863
2578 3116 3513
1222 4386
2249 2866 3700
1347 1415 1597 1825 3757
1301 1521 4233
118 3685 4250 4317
409 530 946 1092 1548
693 3165 3376
3359 3841
2137 2180 3237 3687 3988
1336 2620 3786
860 3996
800 3083 3315 3859
1889 2075 3358
1244 2654 3708
791 3409 3824
1670 1980 3801 4304
182 1031 2192
1086 2245 3168
268 942 1347 3709
1238 2194 2769 4238
154 748 1562
424 3028 3611
335 924 1493 3319 3985
493 701 1086
633 1648
302 1012
340 4117
667 4101
631 1449
626 1509
332 682 1631 2726 3002 3497 4424
1172 2863
40 3416 3566
184 836 4248
51 1957 3130
1233 1546 3761
429 4352
529 1588
152 1198 3513
2522 4453
643 3472 3678
1705 3015 3495
1068 2764
1012 2547 3135 4087
874 2484 4044
285 3578
408 1049 3114
2432 3153
55 1534 2752 3449
3343 4347
1593 2526
1038 1673 2492
1132 3818
2280 2317 2875 3047
638 704 1022 3048
3341 3880
129 3410
2589 3004 3934 4000
1675 2547
1164 3294 3680
2480 3410 3469 4003
1158 1853
889 2906 3553
1332 2712
3101 3560
1105 1124 3077 3122 3713
955 3445
459 885 1172 1411
140 3363
1038 1930 2399 3661
839 2268 2831
1141 4260
2021 2156 2898 3059 4334
322 1893
414 980 2853 2870 3257
417 4330
261 2238
1485 1709
1707 4060
247 865 884 2865
3645 3821
107 415
1393 3126
913 4228
2502 2531 4326
490 934 2790
1122 1456 2723 3807 3879
314 1684 1981 2633 4061
450 2587 2951
631 864
1866 3593
1667 2508 2819 3209 3487
136 2739
1622 2912
1440 1632 2422 3405
520 625 2616
589 1207 1253 1798 3165
2078 3075
859 860
60 942
149 1071 1397 1639
121 2528 2721 3300 4126
411 847 1139 4413
477 579 1107 1342 2045 2378 3065 3186 3642 4361
2768 4277
1638 3842
1990 3604 4348
1000 3570 4434
194 3672 4211
752 1070 2203
282 3441
1843 2469 3840 4016 4303
2048 3050
1244 3982
473 690 841 941 2611 2711
984 1432 1548
2935 3561
357 2960 3310
84 784
789 3627
627 3485 4072 4197 4295
255 1155 2814
165 3152 3758
1404 3528 3815
1070 3758
1780 2614 3411
3183 3483 4314
324 411 1287 1879
790 2156
201 1392 2296 3493
523 588
291 2517 2983 3936
533 3516 3613 3819
544 2176 2608 3401 3433
1730 2011
692 1215
42 3387
1159 2829 2933
1475 3081 3342
1706 2938
1988 3202
36 686 1648 2333 2569 3648
683 2444 3198 4132
551 935 1658 1716 2610 2884 3388
204 2569 2711 3695
1493 1634
121 2305 2663
173 2699
218 2036
1760 1822 2815 3116 3562
2735 2757 3426
769 2993
612 1357 2287 2666
2880 2995 3965
686 3902
709 1675 2649
1193 1384
2756 3448
469 890
170 1682 4464
1494 2135
3182 3740 3929 4194
959 1976 3551
162 1583 3855 4244
261 1110 4107
79 500 1582 3215
542 3387 3395
2342 4330
547 3913
699 3336
206 1513 1808 3254 3997
294 383 1122 1310
1153 1480
105 2703
2134 3329 4425
1134 2568 3423
498 780 1018 1215 4367
1126 2080 3171
1927 1929 2100 4001
4082 4395
2124 3005
1450 1849
298 3729
680 2918 3859 4407
604 1029 3011 3396
2101 3397
884 2577 3395
141 3078
3804 3822
2110 2264
1013 1677 2468
2052 3188 3545
979 1806
1529 2167
793 1784 2571 4426
2303 3744
2286 2430 2602 2873
33 825 3138
665 1837 1911 4087
391 1099 3149 3832
2071 2559
2038 2266
65 2746 2951 3926
845 1834
3903 3952
749 1771 2641 3434 3682 3755 3885
2335 3195 3774 4060
185 1094 2481 3892
2149 2275 2440 3061 3513
1953 3291
511 1209 1789
3628 4353
2879 3370
761 2875
389 892 2941 3510
1635 2124 2397 3991 4222
1511 1767
783 932 1750 2742 4091
1592 2762
132 3284
2246 3417
3125 3614
1013 2732
1451 1621 2585 3193 3207 4463
97 482
803 2339
297 2825
525 3285
309 1665 2908
669 768 892 2252
157 1612 2033 4177
119 1222 2300
910 1748 3298 3638
1277 2620 3194
214 1282 1726 2534
2341 3289
173 435 1844 2655
132 856 1664 3900
867 2727
250 1030 2831
573 711 1397 3812
757 1951 3693
1387 1542 4306
576 802 3577 4250
2159 3459
1731 3325 3544
110 2845 4106
191 2160
2650 2984 3065 3710
4116 4284
503 2568
530 2608 3764
2749 2798 3268
1244 1974 3219 4101
595 997 1107 2150 3574
2972 3153
36 240 924 3044
973 2622 2930 3056 3200
307 670 930 3278 3494
349 1391 2316 3311
649 2007 3792
735 2795 3016 3724
970 1018 3971 4268 4459
722 2571 3416
334 2625
149 1360 2422 2550
546 2855 3092 3573
3408 4292
1022 2738
1212 1317 1925 2408
1994 3412
2191 3091 3929 4156
581 2748
1196 1218 2724 3328 3689
1294 1968 4238
679 688 1346 3564
732 1666 2593
798 1961 2575
434 1213
2067 2650
1520 4155
1031 1273
191 451 1551
342 4251 4352
1071 1602 2591 3305 3414 4341
686 1934 2365 2414
133 934 2087 2930
2561 3082 3388
2247 2443
472 2228 2508 3754
2105 4067
144 718 1020 1378 2749 3135 3686
2153 2972
1838 2750
1563 2678 3658
1578 2580
382 617
2466 4315
1222 2622 4156
1049 3459
671 3150 4176
1434 1829 2416 3566 4231
3936 4219
655 1240 3042
557 3450
1507 3028
839 903
654 3379 4146
3193 4419
1425 4287 4346
440 1555 2310
450 3079 3260
74 1075 3828
1328 2297
1142 1418
1470 3836
1206 2295 3020
84 943 2545 3220
1000 2242
676 1300
145 689
52 181 594
1646 2618
104 2633
341 2051 4030 4464
73 1273 1796 2813
1148 2977
304 2548
2060 3060
2915 3887
1840 3962
171 556 1653
1780 2536 2626
1646 3438
2398 2618 2829
1810 2045 3820 4274
201 864 972 2586 3224
1568 3177 3292
87 1862 2878 3505 3751
838 1233
1529 3098
2823 4005
398 1250 1307 2114 4264 4459
3837 4406
2804 3634 3776
922 1780 4359
364 3264 3985
327 3698
910 2581
2658 2784 3689
94 1172 3638 4139
359 4023 4192
2373 2581 3113
2240 3357
2370 2942 3439 4453
867 2173 3332 4214
2637 4061
656 2101
1601 2532 3362 3884
416 965 1680
2436 3163 3943 4232 4288
949 3324 3637 4315
1169 1384 1913 3323 3608 4160
1494 1656 3673 4061 4160
196 1314
66 167 919 3118 3964
2 693 3315 3318 4227
1581 2420
284 599 1975 4373
1159 2179 3593
2878 3126
950 2172 3441
541 1265
65 162
377 568 1196
290 3816
2021 3976
111 3251 3424
88 854 3191
197 240 386 1460 3320 4200
1150 2664 3454 4239 4254
862 2623
711 857 2393
771 1302 2666
2378 3198 4092
383 687 1485 4067
69 909
796 2402 3756
97 200 2322 4366
2687 4452
2489 3086
10 1158 2404
1799 3077
2159 2810
1954 1984 3897 4175
3621 3816
766 1410 2821
864 1023 1703 2739 3317 4415
453 2167 3014 3235 3454 4047 4329 4433
157 1536 2153 4136
1457 3417
1384 1720 2120 3013 3594
2733 3827 3980 4098
3153 3233 3362
1063 1874
64 538 793 1758 2421 2986 3148 4230
394 2762 4159
57 3786
409 1308 4282
1664 2177 2574
294 1984
1968 3152 3923
58 3799
1276 1873
2243 2455 4395
685 3673
2799 3684
1647 1843
1528 3895 4387
3100 4050
1590 1893 1958
8 439 562 4453
2315 3457 3853 4014
858 2127 3160
530 1907 2902 4225
780 1746
506 620 697 1857 3505
9 471 3121
249 1145 4069 4078
503 648 1807 2167 2859
3405 4200
352 4087
909 911
1231 4090
1086 1221 3180 3825
2608 2740 3052
1166 1358 2026
213 4328
856 2818 3480 4316
1830 2109
1121 2220
2247 3115 4467
611 1190 4202
2374 2813 4314
324 999
3152 3449
61 527
1400 1991 2945 3470
2034 2314 2723
1330 2662 3681
251 1695
2149 2544
2687 2861 4101
1 1865
909 3181
215 271
2597 2962 3197
218 4206
1548 4169
2509 2878
3105 3383
488 1529 2089 3144
61 1228 1938
3332 3939
920 1735 3012
1839 2296
1022 1595 1777 3810 3888 4350
1232 2903
1204 1993
1604 2556 3141 4190
110 181 1952 3449
251 4432
2051 2126 2283 3495
654 1740 1847 2233
838 929 2434 2849
662 2360 2483 4007
93 1673 2715
2116 2233 3355
196 1131
2079 2443 2770 4372
1139 2493 3810
641 2656 2683
844 2279 2428 4403
1975 2921 3188
943 1742 2351 4267 4406
1503 1919
799 1130
568 624 1915 2039
2028 3302
2575 3968 4128
1898 2537
2427 3204 3948
778 1306 2473 4048
413 1181
439 1099 1533 3590 4188
1097 1806 3912
1132 1138 2713
949 4317
389 427
1075 1077 1155 3454 3622 3788
3036 3361 3699
254 2641 3719 4042
617 1060 1599 3146 3903
1739 2072 4389
2217 2814 3146 3202 3724 4312
1672 2618 3457
3827 4285
95 3045
2212 2794
2955 3156
234 2759 4032
1797 2257
301 316 3198
1016 2399 4232
416 699
2871 3464
1217 2747
860 1927
1032 1921 3440 4040
2231 2366 2858 3914
1466 3580 3640
785 4016
57 1841 4359
1318 3516
877 1031 2099 3489 3581
1317 2462
471 662 2517
788 1140
397 1716
1145 1704 2224
31 410 723 1835 3394 4103
1088 3923 4280
691 722 1239
1007 2906 3678 3831 3899
197 1308 1691 2639
60 969 3070 4453
875 1482 2788 3496
645 2391
117 1993 2294 2357
2654 4318
2576 3795 4128
1838 2892 2994
321 728
8 639 1962 2414
349 1684 1763 2947 3332
519 3346
432 1987 2606 4060
1886 3010 3762 3973
880 3332
3137 3329 3571
2137 2953
238 2098 2866
1142 1661 4217
669 1575 3328
1160 1588 3766
851 2726 3651
134 635 1654 1945 4257
1236 1949 3248
2360 3666
632 777
2791 3355
278 3956
1716 3385
28 1526 1873
304 2081 2513
1526 1837 4273
596 2110
2019 4131
593 1608 1756
2016 3329
1743 2828
1027 1142 1274 3038 3164
2016 2456 4370
1406 2341 3831
2578 3210
822 4382
361 556 1916
648 702 1468
246 2399 2469 3465
744 1459 3514
403 2003 3538
235 2228 2869 4058 4446
1020 2802 2978 3686
183 2184
389 2299 4369
155 2196 2296 3923 4469
851 3055 3807
1332 1881 2003
1226 1505 2226 3792 4310
2780 4363
882 1394 2564 4369
2323 4261
1087 1921 3789 4088 4382
564 1740 1842 3327 3433 3941 4005
1115 1612 3933 4213 4433
811 1063 1753 3939 4267
2517 3795
141 538
513 640
2311 3138 3592 4470
370 834
333 396 1082 1858
4104 4280
2612 2661 3601 3847
625 762 2896 3392
2324 3331
2327 2913 3361
458 520 557 588
764 989 3323 3591
460 1291 1590
664 3906
1616 2249 2715
43 2172 4179
353 367 532 1327 3760
970 2360 3246
677 1843
593 2268 3893
768 1328 2190
3696 3904 3950
1597 3444 3524
65 1511
569 1897 3087
1815 3459 3579
582 2296 3310 4038
618 1737 3301
1288 1415
1767 2257 2414 4292
864 3134
473 1277 2386
2295 2505 3750
559 1967
2837 4414
349 4349 4362
1024 2183 3756
1517 2807
89 298 1631
675 4224
349 3128
443 3831
219 1943 2163
1183 2060
1658 3338 4342
121 2444 2736 2945
1873 2238 4152
1187 4157 4192
1143 2108 2766 3048 3061
2591 2594
1302 1673 2910
15 94 615 1260 3311
1309 2062
767 2232 2307
367 2716 3056
1233 2293 2886 3943
1493 3603
476 704 1481 4063
3399 4118 4391
493 522 2213
520 3828
1777 2990
369 455 1731 2294 2603 3197
228 1909 2877
1135 1757 2138 3159
1351 4160 4423
1456 4383 4431
197 668 3592
21 1751 1991 3277
3470 3505 4203
2278 2974
1687 1785
662 3034 3907 4157
446 1183 2320 2750
1136 3394
875 1949 2549 3216 3643
2674 2974
3062 3442
1206 1336
847 2308 2946 3148
1140 2311
1748 3035 4041 4233
577 2177 2569 3123
206 2624
451 1157 1261
568 1227 1710 2799
633 749 1049 1699 4456
2258 2746
1949 1962 3764 4136
925 3683 4290
1565 2151 2798 3018
1172 1437 2437 3248 3972
2456 3075
1038 2728 3448
107 727 1589 2406 2658
511 1794 3148
436 1563 1769 2099 2554
122 770 1396 2137
820 2207 3303 3465
894 2076
1357 3025 3887
930 2156 2757
1618 1805 4195
9 1439 2263 2500 2550
1582 2782 3884
54 464 4272
854 4326 4444
351 2177
360 1212
3405 3884
1071 3636
1388 1883 2739 4468
1645 3154 4259
469 1390 4005
810 1151 4444
2100 3554 4152
1941 2056
50 1215 1231 3584
1249 1862 3199 3416
788 1960 2733 3809 3819
1005 1751 2923
2178 3142 4463
538 870 2000
1816 2604 4134
2558 3916
282 1728 3306
1176 1661
599 675 3066
1577 2437 3706
1603 2869
500 963 1272 2536 3726
551 809 1136 2054
46 755 4401
88 1993 2190 2919 3465
108 139 1700 4304
1306 3375
335 1666 2966
2745 3047 3565
2631 2798 3019 3181 4378
1654 3512
674 1036 2869 3523
755 2299 2440 2635
1208 1493 1833 2392 2650
1227 1396 1572 2669 3864
2081 2432
1709 2389 3671 3931
1047 3327 3828
533 1159 1512 4200
1465 3693 3925
934 1643
1264 1922 2593
383 2575 2955
460 1319 3525 3561
2510 2629 3339 3647
477 504 668 3659
152 855 939 970 2089 3227
1560 2121
20 83 1779
1170 2028 2719 3409
975 1454 2256
1882 2575 2991
2064 3265
122 315 463 1762 4059
1599 2888
1125 2324 3193 4014
883 1079 1398 2114 2673 3632
478 1230 2877
1185 1448 1867 1885 2389 4426
631 784 2784
2454 3624
2178 2614 3601
3639 4260
2409 3269 3347 4419
816 831 1283 3164
1482 3834 3995
2443 3391
530 2316
355 426 935 1029 2831 2883 3598
2522 2870
424 2610
1890 3058
1545 4045
2355 3037
739 1263 4350 4375
1806 2106 2220 2615 3551 3911
1020 1117 1986 3950
416 4221
26 975 1380 1641 3343
1336 3097
260 1420
2420 3135 3683 3690
838 3172
1053 3574 3704
2136 2506 2650
1049 1984 3462 4252
3676 4299
915 1740 2568 3270 4458
1785 3289
1886 2255
954 1811 4409
74 163 194 3224 4365
598 657 729 1237 1961 2952
427 1735 3058 3337 3483 4469
82 903 1135 1578 2855 3146 4213
993 1300 1912 2406 2808
3377 4305
1919 2872 4338
405 687 1962 3366 3519 4006 4195
27 1800
1656 2451 2690 3814 4245
894 2470 2568
126 2752 3142 3523
2760 3374
93 4198
205 3235
1835 2145 3224
1389 3447
612 788
913 2481 4384
762 1444
4213 4349
802 910 1303 2696 3459
612 3009 4169
263 1457 3171 3361
990 2187
627 981 1813 2844 3044
1144 1988
464 2433 4412
1584 3404 4062
4114 4367
22 1112 1185 3602
1133 2004 2271 2669 2751
1753 3704
2597 3414
1210 2432 4081
171 835 2507
2237 3891
1849 3386 4362
499 1213 3782
754 1632 4401
624 1621 2524 2916
1990 2436 3842
307 2755 3369
2816 3708 4258
1418 2962
1650 3106
2319 2595
2269 2299 3551
1254 2046 2952 4336
888 2439 4149 4225 4364
1848 1968 2469 2907 3531
652 2264 2618 3149 3923
994 2726
341 1428 2957 3650 3869 4464
1617 3841 3914
802 4221
572 1064 2331 2377 3250 4117
277 1588
1875 2005
1754 4044
1709 2957
740 3070 3999
1016 1771 4247
1534 2691
41 2150 2422
70 2163 2930 3351
1299 2534
379 395 1807 4199
2452 3060 4061
21 225 1680 2835
218 1504 1817 3745 4290
2913 3230 3666
2584 3838
320 585 2144 2895 3333 3707
1353 1825 2761 2905 3012
3488 4063 4170
1702 2151 2699 3797
455 1574 2965 3946 4129
1072 4157 4393
950 1065 2789
544 4017
1105 2114 3298 3614 3693
1409 1535 1824
1253 2566
102 515 2619 3733
1497 1750 3071
3366 4360
1039 1719 3949 3977 4342
241 1852 3336
1707 3830 3965
842 1636 3013 4465
153 1074
1999 3346
1245 4135
276 514 1438 2224 3681 4385
1615 3009
509 1364
1379 3400
2114 3351
2387 2464
2361 2682
403 3322 3509
1064 2656
997 1343 1911 2583 2877
2358 3305
2554 4443
123 3199 3396 3846
50 781 3129
216 891 2329 3947
1847 4343
342 3902
1176 2039 2669 2736
300 569 3940 4113
1940 4319
606 1080 1551 1906 4374
2031 2105
2098 2939
798 3710
2039 2055 2203 3859
416 534 1048 1552 2500
1768 2310
65 1551
3475 3516 3714
431 910
477 797 3947
713 1921
156 2552 3212
550 2893
873 2036
442 1182 1363 2002 3751 3913
2468 2732 2993
141 3290
392 3843 4039 4041
863 2378 4000
441 1042 2042 2282 3537
854 1957 1997 2482 3381
3681 3990
119 353 2337 3496
2175 2293 2411 3851 3859 3903
282 625 817 1634 3818
2713 3408 3469
450 1057 4214 4273
488 2813 3293 3437
216 1026 1409 3334 3765 4107 4351
97 803 1563 2269 2408 2644
1522 2470 2740
785 1676
663 2021
467 3383
1244 1295 3000 3911
1625 3189
731 2311 3822
1767 3650
951 2933
417 953 2018
1453 2048 2368
1651 2039 3253 4116
2085 3762
14 1870
1030 3048
409 1143 3487 4185
1381 2168
655 1145 2268
86 153 1168
54 2136
1277 2243 2271
851 2071
1563 4210
834 2567
1805 3726 4245
942 967 2614 3102
427 944 1811
1222 2800 3278
1054 2987 3949
1092 1643 3153
439 1648 1828
171 788 2637 2846 3137
2111 2897
1851 2209
446 458 999 1855 2925
1180 2880 3348 3809
581 2488
1953 3068
1301 2327
1221 1256 1450 1607 3652
1305 2737 3917 4418
852 1776
547 920
735 3883
1308 2283 2735 4254
3305 3378
2699 2877 3614
465 1495
57 753 764 1893 2607 4059
1835 4302
458 2561 3294
2490 3323
306 342 1249
551 3909
1446 2361 3193
441 1500
3561 4255
1558 3512
87 1539
857 3188 3981
1936 2516 3545 4338 4393
1753 3705 4415 4464
1854 4468
1443 2271 2444 2697
199 2016 2794
3384 3562
576 2972 4111
844 3326 3593
721 3337
356 3316 4155 4388
1563 3358
1459 2046
358 3359
367 952 1384 3670 4109
3189 3780
285 2958
1017 3563 3820
356 491 1815
1748 3912
304 1627
2237 2952
1890 3107 3490
498 2638 2949 3379
885 4218
120 167 2572
2027 2282 2925 2944
1679 2429 3040 4268
2054 2757 3351
1297 1752 3036
82 1781
128 719 2241
1536 4114
2068 2180 2398 2775 3023 3193
1662 2285 2949
1273 2417
60 1784 2565 3469 4364
764 1638 1736 2034 3465 3627 4205
1556 2896 3660
441 1680 3026 4469
214 758
860 3062
97 360 3390
3173 3325 3643
1136 1149 1453
451 2099 2227 3638 4288 4321
971 3362 4146
7 2034 2038
2105 2307
17 2597 4117
852 4268
259 929 2955
2174 2453
53 213 1438
1065 1994
3384 4127
1300 1772
1046 2693 4152
1125 3042 4131 4460
901 3027 4460
339 2450
364 1336 2288 3061 4260
160 1808 1990 2118
1069 3813
955 2007
319 4218
3530 4471
2175 4191
1103 1373 4033
27 656 4162 4329
575 4181
856 2433 2523 2762 4246
2697 4306
2583 2691
140 2273 2332
2272 3703
2001 2934
825 3916
747 1876 3666
551 632 1455 2686
480 1851
1243 1309
1095 1338 2449 2851
177 808 2862 3303
1453 1710
600 1765
830 1175 1262 2566
79 2604
413 2082
2054 2176 2721 3452 3910
2733 2868 3954
444 1676 1913 3140 3836
291 3749 3779
1180 3907
2601 3121 3690
920 4067
303 1361
41 752 1336 2532 4278
984 3179
857 3641
126 135
379 1767 2056 2518
2121 3563
1927 3270
810 1288 3879 3949
1150 4019
699 1817 2604 2818
2755 2756 2790
3495 3868 4384
1468 1532 2482 4471
1712 2393 3357
430 3194
2013 2369 2694
3207 3426 3968 4432
1248 1517
679 3530 4342
1463 2883
609 1892
1107 2101
389 908 2576 4404
998 1697 1752
118 267 4387
535 3831
286 3937
2620 4225 4293
24 1308 1385 1562 2964 3635
105 890 2016 2628 2979 3855
284 2464 4032
230 3378
245 1990 4255 4445
790 1122 1596
1570 2465 3280
1129 4228
473 805 2997 3710
3128 3555
45 2535
862 2303
396 3480
870 1245 1774 2005
2159 2183 2592 3390 3986
1032 2467 3403
2786 2988 3077 3084 3906
2835 4317
1198 2739 2742
1660 3201
1244 1941
2107 2779 4006 4058
2591 2672 4419
1318 1486 1565 3300
1228 3919
983 1667 4192
183 762
390 915 4301
529 623
753 2986
787 4061
692 996
26 1634 1949 4459
472 1381 3520
3564 3838
1310 3355
964 1501 1521 3252 4358
980 2865
660 744
989 4246
1387 2049 2125
2191 2669 3554
1424 2440 3466
829 3481 4202 4459
70 577 1859
2638 3009 3321 3614 3948 4454
1820 2320 4015 4060
3271 3608 3904
516 868 1810
888 3258
203 1269 2407 3267
56 679
225 3028 4327
2229 2456 3220 3658 4143
1263 1676 3494
968 2537 3656
923 1545 2923 4110
915 3035
1994 2182
293 472 2011
731 1522 2938 3096
1397 2127 2393 2743 3734
443 2671
525 3834
408 916 3663 4270
109 2940
1416 2283
113 886 3811
242 683 2351
3936 4141 4174
51 708 2364
1469 4175
458 1160 3566
829 1202 2342 3719
251 331 3305
427 1539 2222
1505 2091 3078 3387
1063 1607 2130 4089
2149 3035
1509 2405 2641 3795 4195 4212
557 1637 1639
832 1677
716 2173 3848
1677 2505
1991 4412
332 995 2115 2269 3372 3859
1817 2161
3275 4362
114 1068 3641
908 1843
139 1075 2073 3411
167 1041 1636 1692 4233
528 1015 3399 3510
1424 2281 3732 4340
1006 2099 3166
1338 1403 3155
598 687 3401 3604
1535 3443 3979
1021 1498
985 1375 1817 3608
877 961 1185 2342
160 1113
2121 3602 3829
2114 2967 4354
1827 2100 4326
262 1046 3642
2266 3191 3814
417 4235
2005 2129 2505 4204 4318
121 159 1186 1831
2142 3876
1114 1341 4467
163 1416 3708 3862
699 2693 2830
209 463 2405 3067 4159
3002 3237 3745
963 1336 1943 3130
58 79
63 846
846 2651
920 2726
37 2486 3791
763 832 2624 2938 3011 3147
951 2799
429 702 2057 2173 3587 4169
2754 3592
414 650 904 1646 1744 3450 3933
2123 3151 3401
176 3820 3823
1023 3491
1668 4072 4405
2301 3320
2237 2785
2171 4352
1694 1770 2681 4020
2087 3377
641 1288 2334 2751
174 762 1225 1237 1978
410 415 2257 2435
823 3369 4242
3216 3852
811 1208 3791
2865 4178
599 2480 3165
1013 1661 2607 3191
497 1771 2972
960 993 2709
117 1707
1606 1883
2322 3505
69 1446 4069
554 2263
12 3272
569 927 2392 3118
83 359 806 848 3582
1051 1989 2310 2804
1907 2099 3103
1427 2961
3261 3931
422 1450 2428
515 2650
95 187 2194 3117
2616 2623
142 514 3570 4038
522 826 2444 2556
988 2786 3374
174 328 1612 3163 3658
426 1217 1997 3382
1690 3219
3222 3937
533 892
781 2889 4299 4341 4457
1726 2735
2451 2683 3072 4286
176 1620 2194 2823 3508
3161 3986
1076 2525
722 4103
1109 1673 3248 3544 3837 3887
806 824
120 1658 3503
806 1698 2530 3600
37 2011 2508 2750
124 1173
1527 2553
231 1285 2614 2927
769 1050 1974 3583 4413
826 999 1280 3210
1166 1684
171 2655 3657 4079
71 1115 1404 3123 3537
1031 3979
3123 3214
1288 1566
531 3921
1824 2047 2464 3238
1705 1813 3236
440 1463
906 1866 2401 4189
75 2533 2744
2604 4135
256 493 1027 2574
1773 2062 3045
421 669 3019
615 836
2252 3247
218 265
359 4029
364 784 1542 2366 2801 3618
3454 3560
92 638 1271
2147 3850 4239
334 342 793
526 4071
434 1378 1517 1923 2061 3345 3584
1937 2452 2591
3859 3961 3980 4276
61 1606 2351 2535 2951
214 933 1495 1531 2688 3709
1061 1959 2293 2896 3253
1129 3133 3389 3427 3519
831 2329
1243 3539 3769 4301
809 4270
381 4168
1470 3189
641 3566 4250
2682 3996
2259 2483 4471
703 1663 2226 2711 4298
638 2488
1349 1885 1973 3060 3811
1075 1754 2787
1319 3945
1112 1331 2183 3465 3966
2243 3263
2499 3387
1554 1657 3811
15 3342
1734 2670 4353
704 908
794 3442 4249
548 841 1347 2627
2053 2215
1096 2288 3084
775 1650 1739 1850
1283 2002 2719
3410 3650 3973
1025 1757 3071 4392
127 192 732 4430
109 2320 4412
949 1089 3448
472 995 1897 2107 2217 3743
263 4231
1717 2517 3152 4271
294 1084 1137
2315 3755 3811 3992
2132 3599
406 473 723
28 521 1063
658 1253 2029 4223
924 990 1618 2993 3068
737 1970
2007 2642
152 1354 2817 3438
1249 3991 4267
514 3959 4464
327 401 1543 2438 3978
2172 3094 3190 3999
2182 3155 3262 4028
375 1340 1683
1165 1292
1747 2087
846 917
713 715 1952 2909
1249 4429
2778 2910 3432 4339
1076 3185
1405 4261
777 1104
2739 3154 3668 4462
104 3171 3176 3212
2369 2589 4162
948 1010 1034 1364 2245 2334 2969 3654
2776 2949 3121
1019 2100 3060
522 4130
2163 2337
2004 2580
569 1429 2533 2799 4187 4430
1357 2117 2165 2288 3392
2107 2707 4365
67 1326
1458 1749
1618 1824 2347 3945 4452
165 1479 2568
496 3102
2042 2301 3682
877 1162 1201 2968
59 1743 2408 2798
1014 1441 2317 3388
348 1070
2141 4416
1208 1926 2085
3172 3430
318 465 823 1356
1783 1997 2206
580 1451
3543 4363
420 571 2406
666 2794 3825
504 3176 3456 3721
473 1765 2856
39 550 1242 4146
972 3758
977 4274
1212 1662
773 3159
1754 2758 3310
565 1257 1490 3872 4186
318 470 687 815 2771
826 2541 3219
284 1805 2462
757 1269
28 4229
336 3063
1638 3897
2478 3209 3644 4468
1447 3386
62 2048 3185 4376
913 1739 1956 4440
601 4342
779 2360 3245 4252 4357
1235 3399
1931 2862 3153
315 608 772 2057
770 3491
222 3298 4225
750 1806 3506 4417
834 1826
405 2227
1316 3239 3314 3912
2980 4088
1647 3459
280 1263 1545 2082 2113 3358
3467 4211
1504 1520
901 1646
1192 2239
500 2943 3835 4373
2717 2987 3596
334 869 1768 1866
118 3257 3378
49 1887 2164
2572 2909 4447
2553 3071
1249 1299 2057
819 2647
93 1663 4078
938 2222 3118 4393
1706 3193 4047
101 1059 3339 3429
1817 2016
1037 1277 1617 2706 3562
92 824 1177 1231 1634
1616 2559
1075 1781 2118 3960
134 3330 3742 3779
39 4154 4197
1275 1567
2353 2683
1738 2646
1157 2649
3708 4362
2749 3991
1701 3513 4146
1109 1820 2429 2855
409 1431
1467 2273 4373
2848 3817
361 1340 2610 3615 4368
1187 2060 2718 3183
3126 3686
391 2282 3075 4370
956 3223 3852
522 1148 1291 2003 2456 4235
46 2333 3767
1666 1912 2025 3006 4408
333 1165 1417 1860 2919
1960 2107
1038 2054 3360
1300 1926 2103
689 2404
1097 1870
1859 1890 2668
86 1940
1257 2139
39 2897 3178
2773 2946
45 286 1638 4128
637 2315 4260
1127 1177 2014 3126 4021
21 674 1705 2755
378 883 2651
930 1174 2504
1509 2615 4400
665 2495 3935
1272 2711
1446 2314
1822 1957 2116 2245
2500 4281
505 1216 2441 2495 2536
552 1244
511 2535
1584 1796
2619 2736 2784
843 4433
245 1082 1644 1948
1172 1307 2774 2985
2915 4152
84 283 1210
951 4338
3475 4086
2044 3115 3136
11 3378 3853 4205
1154 1196 1543 2217
653 1123 1375 3433 3908
2076 2707 2762 2902 3424 4059
809 1281 1524 1539 1617 2194 3040 3155 3168 4119
2837 3909
265 2317 2763
414 2429 3492
2921 3326
2236 2587 3124 3922
83 1610
671 1345 1437 2027 2087 3912
2842 4177
318 3649
57 1265 3564
524 3833
907 1626
925 2033 3201
217 789 1489 4309
1375 1698
15 161 758 1471 4277
2138 4368
156 4148 4363
322 3776
113 3484 4108
1655 4382
739 1970 2880 3929
1645 2015 3575
444 507 650
770 954 3424
2227 4129
2142 3047 3693
101 2641 2935 3666 3794 4215
552 569 1686 1906
952 1127 1206 2242 3043
979 1916
1408 1896 3584
163 630 2561 4258
192 404
1043 2680 3849
617 2078 4413
1634 4126
1501 2649 3030 3093 3693 3779
2392 3064 3640 3983 4455
3413 4197
1621 1847 2674 3280
1697 1928 3656 3793
146 4424
131 1034 3136
1315 4230
851 1851 2442 3979 4164
930 1322 1328 2331
3327 3555
329 1484 1916 4305
1342 2126
1487 2488 3553
310 3692 4123 4336
1564 1858
301 3959
508 762 937 1070 3490 4187
3825 4344
1840 3400
126 1104 2499 3170 3587
740 3988
3794 3896
1954 2592 4454
1185 1419 1705 2340
780 1270 2607 3506 3966 4109
600 2270 2810 3290
504 1387 2528
2908 3155
503 1110
3509 4186
2159 3468
304 4459
243 3046 3463
2050 3064 3796 4142 4340
2501 3749 4008
3121 3481
1456 2974 3346
489 1454 1697 1848
2544 2632 2757 2773 4038 4217
516 3664 3965
1858 2326 3713
327 989 2565 4094
730 903
165 600
722 2738 2878
332 1256 3959
2398 2846
1381 3023
1647 4300
1032 1800 2282 3497 3517
157 1335
339 3021
3656 3905
2745 3708
716 2818
552 1840 2038
45 2710 3789 4143
1655 2874
357 784 2243 2399
812 2153 3222
1646 4016
175 1098 2082 3574
1179 2127
2514 3633
2270 2357
1381 2306 2711 2822 4286
621 2188 3247 4289
3 1229 1570 2814 4184
712 2819
1349 2041 2587 3071 3709 4357
343 1642 1799 2405
1652 3228
1658 1838
587 2205 2557 3903
1731 2016 3888
238 2596
324 680 2530 3704
596 2880
155 941 2923
1221 3849
3850 3906
1349 3127
2822 3741
1547 2250 3358 3648
1071 1526
218 3525
1607 2056
476 2063 4149
1316 3123
1864 2321
3381 3588
1587 1601 3062
1467 3844
28 2456 2783 4316
751 1580 3078
2286 2287 2675 4122
1783 3794
1193 2719 4032
1803 1940 2051 2167 3281 3914
119 3277
1918 4368
327 3476 3817 4282
764 1819 1971 3640
2381 2852
1744 4090
1126 1874 3920
2674 4064
1315 2224
678 2101 4091
219 3069
401 1547 3113 3323
2581 3218
444 555 2800 3410
2853 3600
1494 2791 3784
119 701 1045 2230 3061 3914
684 2365
890 1469 1866
159 640
1111 1687 2182
397 786
3786 3876
1043 3838 4038 4115
1711 2227 2527 2669 3093
3469 3537 3919 4190
948 1785
117 448 1640 4404
154 3082
964 1893
1455 2586 3682
587 882 2452 3351 3664
548 1805 2152
927 1826 1922 2675
312 597 1943
57 2102
1178 3470 4234
961 1036 1279 3024
1653 2317
3733 4195
73 896 2620
5 1416
1808 1968
841 1103 2730 4420
570 3311 3351 3879
673 1142
1844 3786
1082 2629 3426
38 189 887 2977 3665 4408
1973 2533 2912
576 2127 3201
113 1649 2968
1325 3109 3262 4334
138 3354
274 2032 2623
821 957 1518
2136 3280
2467 3151
1301 1458 2528 2545 3252 4052
1914 2269
1212 1612 2358 4297
656 3175
1101 1416 2661 3337
1811 2771
432 2565 3064
52 77 581 2025
369 1097 2443 2561
870 3252 3660 4310
61 1466 2177
524 1826
115 2341 2830
46 1220 1593 2650 3652
330 1329 2447 2664 3141 3921
1801 2657 3626
1283 2066
1984 3510
643 1859 2285 4123
1027 4050 4172
1381 2935
1778 3088 3467
411 1711
1065 4266
941 1225 1605 2329 2766
339 680 3352
346 2781
365 2317
2068 3030
352 1430 1727
342 424 1249
718 1057 1530 1754
737 1219
854 2713 2951
613 3377 4340
1516 3413
476 915 1271 1674
690 2460
505 1173 3401
900 1806 2387 3112 3290 3952 4108
123 395 2993 4327
423 1641 2752
110 803 2857
906 2280 2282 3576 4298
1168 4087
849 2816 3039
941 1395 4125
2153 2454
294 1126 2798 4402
970 4395
1579 4188
641 3268
557 2951 3468 4041
1222 2245
1184 3474
643 1300 2684 2982 3304 3868 3907
1699 2196 2612 3705 3805
34 1635 1882
699 892 999 3262
218 406 3707
1250 1924 3127
1503 3057 3982 4067
330 943 1900 3560 4259
2544 2707 3019
1261 1496 2284 2632
2311 2568 2823
1222 4065 4189
455 2087 2476 4097
1660 3095 4022
733 3151 3412 3977
1105 1310 1572 1961 2890 4045 4194
887 2888 3965
2546 2932 3940
1112 1688 3206
2952 3364 4086
834 1846 3917
1814 2397 2607 3220
3987 4261 4425
2410 3972 4201
1125 1967 2749 3199
2874 4364
2328 2702 3656
261 305
3178 3493 4292
1326 2495 3207 3516 3662
527 730 1968 4332
2291 2799 4426
494 1385 3253 3496
478 1739 2073
532 799 2960
1716 3308
381 3937
67 1483 2776
194 2503 4392
771 2159 2527
379 1725 1904 3011
325 1078 2392
2107 2767 3422
915 1481
87 204 418 3499
4367 4412 4427
1044 1666 2018 2430 3718
101 993
1581 1969 2976
375 766 4155
142 886 1951 2974 4264 4308
2386 3818
3422 3662
1620 3848 4417
3218 4119
1790 3362 3813
3207 3365 3994
2013 2372
999 1199 3338 3780 4062
1129 1437 2517 3182
1328 1526 2168
3254 3590 3678
325 1585
211 2207
1566 3104 4199
547 655 2742 3364 3566
3321 3835 4133
229 2064
3284 4426
111 2443
629 2527
66 406 3554
1151 2690 2866 3111
2637 3991
1034 3032
397 1114 2946
628 2500 2831 3215 3724 3952 4271
263 4187
2561 3543
947 3333 3609 3659
2305 3433 4264
3253 3883
168 2485 2538 2624 2835
293 830
1411 2818 3161 3622
1397 1477 3760
535 3999 4192
2451 3574
1958 3639
678 1264 1417 2275 2575 4001 4274 4409
706 780 3286
1325 1651 4045
2992 4111
524 2106
2274 2494 3118
488 1408
245 2305 3411
1900 1909 3250
479 537 1095 2273 4069
958 3521
1533 2854
3324 3331
461 3513
2060 2690 3697
199 1453 2108
416 425 2377
405 1391 1697
1773 2139 2509
247 832 1900 3935
736 974 3393 4087
316 857
1095 1483 2853
2061 3901
3448 4274
977 2449
1972 2093 2154 3820
689 1070 2746 3140
1559 3703
2946 3956
659 1380 2892
1949 3853
960 3894
2994 3077
1667 2754
1100 1373 3601
3557 3738 4113
818 3679 3906
632 1047 2835
4265 4269
578 1580
1908 3672
137 4132 4191 4258
2247 2254 2606 2838
2083 4034
2506 2533 3415
2252 3035 3650
4186 4256
1206 1810
1191 4262
2097 3074
2903 4266
3004 4045
421 772 1324 1894 1895 4167
72 2046 2755 3708
1318 3836
3282 4340
1325 1524 2092 2137 4096 4132
499 627 2557 2769 3605
151 233 2290 2314 3269 3429 3652
2334 2790 3054
1065 1203
4124 4382
182 1153 3063
110 1096 1366
1272 2228
1160 1469 2969
3059 3696
739 1234 2364 2881 4199 4338
1044 1191 3299
3074 3672
1150 2535
3724 3833 3877 4344
1419 1872 3009 4099
367 1701 3291
173 1256 1498 2207 2351
2081 2289 3019 3089
2662 4330
1473 2231 3099 3493
637 1115 2617
545 3948
953 1565 2816 3752
185 1714 3479
319 2464 3522
1752 3585 4067
496 1238
1169 2269 3256 4126
1264 3975
183 1261 1847 2450
1106 2532 2714 3018
2777 3206
318 1408 2670
258 872 1745 3844
573 2840
318 2595
1904 2122 2781 2836
2995 3181 3229
459 1705 1975
405 2457 2828
3528 4471
171 1590 3805
415 600
1771 4359
762 1568 2923 2997
1307 2022
2240 3438
2200 3913
862 1402 1530 2564 2964 3383 3840
486 736 1140 3012
2433 3823 3912
368 549 759 1952
1458 4003
1381 1479
595 1632 1745
1951 2782 3577
1781 2421
1738 2818 3207
1419 2036
895 3307
521 1546 1695 2081 2196 2420 3834 4419
1349 2043 2470 3228 4148
391 1756
2608 2689 2947 3352
746 2379 3071 3643 3713
698 861
1399 1784 2823
279 2832 2908 3358
2372 2435
199 1276 1862 2228
1323 2979
1411 2390 3065
271 1803 1826 4245
1114 1140
2314 2602 3371 4190
931 2560 4084 4200
463 1270 1865
94 697
2524 3224 3415
652 1437 2531 3942 4085 4172
82 2867 3012
908 3448
1323 4242
558 3582
2783 3373
1623 4224
508 758 1490 3882
32 152 721 3949
200 485 2191 2421
2171 4042
1698 2030
3619 4174
3339 4226
329 1812
393 3674
961 1013 1798 2248
1211 3571
181 2742
1 925 2949
1849 2071 3834
1336 2706 2944
1119 2074
324 499
768 2521
481 2405 2671 2818 2918
1018 1057 1348 3406
381 2761
481 1182 1912 3852
1144 1823 4416
763 2414 3855 4003
1498 1562
4030 4262
893 1237 1879 2941 4106
1442 1697 1779
1065 1882
639 1105
1854 2831
479 1729
172 259 1234 2128 2670
586 947 2674
392 522
341 2480 3407
2408 4279
697 2197 3310
540 3367 3640
553 1182 3692
1089 1645 2226
995 3334
1074 2489
650 983
1314 3551
32 272 1851 4040
720 868 1876
703 1865
1632 2796
1882 2375 3010
1071 3423 4285
210 4393
146 1419 1732
29 3287 3812
84 107 493 3084
509 2284 3714 3740 4444
1034 2437
1739 3525
2022 3204 3566
3677 4006
1330 4286
1164 3670
95 184 521 3334
89 1254 4049 4175
678 1337 2594
1161 3029 3218
1079 1991 2621
1356 1746 3195
531 689 3394 3704 4014
383 1546 2991 3497
346 1527 1548 4304
1968 1969 2735 3855
1063 3604
2815 3764
45 1638 2484
1190 3180
780 3417
1104 1804 2913 3215 3580 4208
3669 4236
619 1317 1389 1840
1147 3330
373 680 2500 3663 3889
960 1273
439 2914 4341
769 3036
1081 2158 2957 3482
1165 3159 3194
821 1249
1569 2912
115 2500 3988
10 1272 2289 2883 3151 3429
1147 1668
93 2298 3271 4345
1761 2719 2763 3446
2226 3372 3886
518 736 1552 4340
546 1135
785 2673 3976
1891 2013 3542
2019 3970 4253
198 221 2648
1949 2101 2305
3762 3783
2245 3488
9 631
2404 2685 2825 3316
3667 4069
1676 2980 3872
1040 2156 2926
60 3600
56 478 1401 2693
1303 1395 1499 2630 3613
99 939 1562 3095 3950
1911 4208
260 1534
72 256 1770 2500 2908
3617 3871
187 690 4321
452 691 707
2870 3982
2376 2960 4467
1808 3765
2207 2326 2627 2857
3337 3345
166 279 3406
2738 3766
1538 2386 3192
195 736
220 3048 3456
451 1247 2527 2893
1202 3004 3044
1109 1753 3500
1231 2065 4287
25 3348 4321 4469
160 213
914 1360
396 408 1198
1414 3791
749 4452
2784 3165 3473
158 1024 2948
153 1584 1654 3687
2848 3138 3631 3844 4447
140 1990 2456 3981
1492 3449 3468 4085 4279
1109 1313 2816
55 2153 3481 4061
456 1708 4467
1241 2248 2477 2816 3891 3928
999 2847
3141 4340
283 1175 2439 2623
1657 2101
58 410 2547 3954
2662 3889
548 1112
4 2266 3733
1190 2287 3634
1857 3994
1732 3740
1866 2744 3060 3907
355 1290 3323
1284 3802
2608 2616 3796
4131 4348
698 1298
738 1884 2886 3192
705 1086
616 654 3199
3085 4018
1085 1172 4058
414 1188 3569 4364
1995 3015 3661
28 1170 2740
618 2225
2893 3134
3002 3627 3855 3860
1049 4188
1015 3316 3395
787 2988
222 1523 1963 3200 4054
733 3484 3831
2733 3222 4016
1597 1642 4102 4143 4230
787 3618
1763 3505
505 3970 4108
65 4183
906 3176
3474 3606
968 2468
341 766 2400
867 923 1051 1398
221 610 3792
1547 2978 3937
388 508 1976 2841
1465 4067 4412
117 3361
492 1596 1612 2108 2226 3252 3289 3864
331 433 924 2983
1168 1302 2024 3687 3692
129 155 956
2193 2343
956 3162
2714 2888
3484 3972
337 2499
1985 3049
21 509 2918 4035
922 4128
3184 4004
1603 2423 4058
301 320 2741
2322 3182
1916 2815 3059
595 3365
1980 3202 3745
754 1571
2452 3489 4436
450 2157 3437
1179 2336 2770
1979 2757 4404
1025 2209 3108
843 1131 1282 3200
19 3733
418 2772 3586
1632 3716
149 1746 3883
1489 2474 3683 3807
3799 4412
1973 2846
76 1612
553 763 1834
644 725 1049 4119
621 1254
1525 2371 3796 4423
1375 2343 3677
969 1702 2844 3454 3680
1244 3565
1159 2266 2799 2938
663 1429
2063 2855 3686
36 1107 2895 3933
1125 1645 2288 2548 4143
1677 2250
1993 4049 4204
192 1446 2841
668 2319
1016 1465 3433
24 932 1699
728 2299 4288
2834 3233 4442
1907 3082
2154 3748 3857 4029 4448
989 2413 3843
716 818 1158 1277 2636 3635
535 2628
3024 3375
230 2581
1078 2114
1314 1370 1906 2824 4125
540 562 815 1837
61 735 1853 3429 3580 3687
2747 2883 3053
207 1328 3449 4250
4228 4366
416 3671
1384 1458
923 3677
2465 2598 2668
827 2176 4220
182 2037 3428
444 867 1161 1236 2236 3219 3857
242 1189 1711 1719 2742
542 3331 3768
286 381 4383
341 1614
