2682 3889
614 988 2105
1169 2251
80 163 197 489 855 1030 1099 2539
1144 1262 2532
173 2354
729 841
617 2471
349 622 1668
867 1221
805 817
457 1809 2522
388 2390
1471 2290 2381
249 1605 2179
68 448 1423 1524
756 1946
196 1922
343 407 930 1753
722 2110
1846 2644
635 1903
126 2295 2303
101 384 2323
81 1287 2432
2102 2141
2194 2314
319 488 1485
119 845 1872
2214 2419 2568
642 2376
254 266 1021 1877
154 1284 1580
1462 1631 1884 2311
1019 1516 2552
1454 1531 2575
1821 2151 2509
739 2666
2087 2231
339 633 2617
82 229 470 2155
440 945 1609
48 201
671 1893
287 512 840 1220
1450 1469 2167
782 1417 1909
33 555 1495
535 680 1105 1515
570 939 2429
462 810 1297 2566
711 1713 1811 1906 2095
595 1895 2021
629 1399
1315 1508 2080
25 610 1182 1323 1824
895 2381
47 526 1008 2002
618 807 1266 2244 2272
136 1164 1470 1815
1514 1702
1056 2644
119 1265 1284 1713
1491 1876
316 906 2107 2501
250 553 1712 1940
88 518 1208 1908
794 1476 2004
1599 1785
666 1522 2094
740 851 1973 2073
152 1075
86 1341 1918 2077 2183
39 2364
79 248 1271 2333
671 1609 2249
508 1122
370 724 1716 1967 2063 2349
1779 1992 2005 2656
1488 2256 2665
1591 1647
836 1597 2207 2373
714 2352 2651 2655
1323 1832
691 1212
1458 1672 1711 2020
886 2634
836 2349 2456 2675
685 1369 1591 2342 2346 2446
618 850
632 1149 2118
188 367
224 2349
912 2054
419 1676 2006 2120
1327 2337
987 1375 2435
454 1029 2041 2190
1825 2006 2606
114 170 502 1137 1942
486 2171
1859 1968 2205
1062 1067 1498 2163 2215
135 1192 2285
336 1634
377 1511 2215 2582
441 667 2366
363 424 995 1131 2414
620 905 2146
594 1451
231 302 786 1171 1260 1897 2507
360 814
1307 2257
751 753 1248 1693
2116 2395
679 959 1844
75 626 1606 1826 2386
424 1862
605 1112 2240
545 1457 2191 2455
275 2054 2478 2597
232 1052 1108 1630
668 1055 1441 1825 1958
1022 1469 1785 2075 2389
745 864
855 1898 2251
1075 2082 2413
726 2261 2521
360 853 1269 1304 1451 1578
550 594
27 271
526 1416 2630
6 40 1222 2195
363 1518 2165 2527
653 886 2141 2353
750 1305 1389 2392 2591
1112 1573 2449
783 844 1925
458 1010 1192 2512
315 2044
147 323 2259 2576
139 179 383 544 1261
801 1396 2229
120 438 1529
650 2103
669 1824
883 1295
586 1704 1742 1871 2468
322 429
299 1276 1685 2580
2175 2523
457 1913 2512 2617 2632
541 980 1894 1978
876 2596
990 1350
183 638 721 2003 2378 2424
189 2264
428 1568 1681 2251
192 1015 1386 2041
1255 1537
1428 1671 2660
1991 2286
157 1322
1038 1151
701 1972
524 544 816
1011 1035 2183 2508
1450 2646
1949 2577
891 2452
1655 2363 2388
267 429 1888
668 2183
976 1031 1865
40 998
806 877 1906 2679
191 2407 2486
334 1941 2652
839 1438 1823
363 1385 2114
182 1065
83 378 1449 1516 2101
450 468 598
1710 1717
219 664 922
48 951
375 399 400 801 1492
424 1140 1286
854 1340
42 863 1384 1535 1672
958 1378 1543 2680
344 848 1495 2035 2162 2291
164 1381 1937
352 1460 1646
591 1228 2181
239 831 1412
198 289 314 1018
67 614 1235 2475
2205 2654
2000 2117
290 833 1493
846 1660 1887 2170 2648
1836 2373
568 1073 1856 1938
20 238 784
45 1437 1536 1625 1638
1761 1786
1686 2207
652 1329
2423 2583
337 2292
362 390 508 2010 2190 2205
23 550 767 933 1578 1862
969 1756
1055 1496 1521 1613 1634
1391 1654 2090
1946 2227 2553
896 1065 1875
425 499 1679
475 601 2090
53 937 1341
125 362 1210
347 899
252 1036
42 224 2175
513 1205
126 813
180 772 1076 2307
1824 2225
566 1569 1868
866 2070
832 2563
309 595 1299
581 1585 1957
877 1454
46 68 283 1037
125 692 974 2052
954 1685 2094
1381 1685
166 432 615 1207 1568
1129 1320 1372 2390
578 605 1313
566 1206 2083 2471
39 49 651 1001 2294
748 2546
366 1732 2419
1396 2030 2447
265 1511 2268
2132 2655
1027 1266 2379
830 877 1303
219 724 915 1646
63 807
708 1239 2470
667 2204
437 946
516 694 1201 2414
1592 2133
1135 1959
770 1550 2207
616 711 2492
1074 1863
1902 2284
133 335 966 999 1876
1250 2391
389 679
257 2115 2631
241 704
1169 1454
238 680 1387 2032 2664
591 2546
55 2150
877 2668
286 2629 2630
142 942
881 1365 1656 2317
1873 1886
1163 1453 1943
1281 1325
186 1004 2576
1472 1474 2495
314 1208 1253 1486 2620
17 1972
458 2565
1040 1737
1138 1203 1930 2183
204 776 992
385 1330 2324
498 951 1257
763 844 1307 1953 1957
520 539 1293 1677 1794
710 766 1342 1532
188 721 1603 1693
681 1086 1101
378 1690
243 2429
241 1407
413 490 590 2550
15 825
450 2645
52 666
352 2511
726 1204 2529
1320 1546 1565
2040 2526
1387 1666
1590 2165
756 2137
348 1720 2280
591 979
643 2404
838 1329
1018 1106 1888 2120
565 1106 1284
1478 2117 2600
421 1080 1380 1928
676 835 1095 1169 1179 1901 2642
1601 2410 2672
985 1462 1792 1875 1884 1940 2467
1797 2067
1227 1888 2355 2584
370 907 1774 2499
609 1868
467 1766 2287
166 2242 2286
1409 2674
799 1794 2514
189 246 796 1602
1356 1495
1522 1993
670 972 1859 2558
379 822 1192
21 1357
823 864 1111 1237
457 1435 1818
344 2018
265 618 2255
174 1874
462 483 956 1499 1599
679 880
679 1175 1494 1542
2434 2508
227 963
52 214 771 1680 2653
1178 1898
263 285 1301 1735
1080 1928
635 1294 2436
415 1766 1934
970 982 1833 1836 1999
2501 2566
1347 1620 1760 2138
689 1628 1940 2432
240 1008 1520
462 1618 1692 1965 2506
1313 1812 2575
1491 1556
125 483 926 1162
101 1481 2158
761 1746
420 822
661 1057 1973 2499
1436 2526 2562
513 1055 1211
61 899 2659
559 710 1922 2162
365 686 1136 1167 1572 1697 1979 2155
1162 1536 2120
142 1593 2666
829 1394 1752
779 1840
1638 1950
1584 2526 2543
165 1794 1960
702 1032 1245 1276 2589
1201 1495 1938 2051
551 1275
927 1269 1458
1788 2021 2161 2457
1213 1854
814 2405
1125 1895
49 1681
1637 1680 1702 1906
316 1364 2040 2414
278 1031
648 2279
251 931 1704
2163 2322
400 1365 1537 1953 2547
72 296 558 2012
741 1991 2277
1466 1984
229 2102
384 1293 2501
2109 2529
76 2034
498 718
1089 1992
392 1219 1887
2190 2452 2676
83 639
557 1196 1303 2347
268 1650 2448
1708 2325 2400
135 749 2363 2656
770 1960
185 1360 1914 2644
1002 1060 2362
49 1652 2212
197 601 1465 1508 1823
1467 1836
694 1507 2214
570 898 1142
1416 2251
358 1459 2658
1616 2424
1001 2010 2400
416 1016 1144 1955 2598 2668
396 1633 2181
1931 2476
909 1281
418 1702 2166
819 1100 1445 2138 2505
945 2651
73 907 946 1080 2585
1238 2498
491 642 900 2411 2523
506 880 1618
1290 1512 1713 2565 2593
820 997 1348 2167
1911 2495
1113 1585
657 1972
792 1658 1679 1869
1490 1858 2152
563 958 1484 1505
699 751 1386 2475
41 2462
994 1294 2224 2515
85 257 1533
1239 1602
170 1204 1850
104 915
1683 2394
357 1439 2286
148 816 1685
177 463 1246 1947 1993
943 1522 1845
894 1138 1695 1728
206 1027 2544
1470 1614 2416 2573
309 926 1044 1302 1323 1477
365 757 895 1412 1797
2018 2635
191 1499
1475 1744 1923 2040
286 1126 1342 1935 2323
378 921 2063
1230 1377 2404
2390 2671
1088 1487
2353 2360
18 2399
1356 1999 2333 2346
99 1044
517 863 1488 2205
21 44 210 803 2556
222 1649 1966 2018 2542
273 1637 2522
462 1421 1689
4 477 569 1168 1932 1941
376 538 2260
479 2569
887 2187
221 666 928
202 617 740 2305
741 2460 2511
444 526 1387
23 1412 1615
509 1288 2551
1687 1694
189 359 1279 1829 1928
1518 1533 2019
310 1376 1616 2059
630 742 2436
662 1512 2212
1589 2074 2423
842 1440 2096 2246
364 574 1931
418 1913 1971 2552
1936 2389
629 1695 1936
547 1855 2064
462 1766
232 2314 2456
182 1656
709 1698 2610
1428 1542 2237 2343
518 2267 2452
308 1664 1710 1806 2451
615 917 1298 1345 2176
919 1084 1179 1733
723 2404
1396 1455 1871 2083
420 738 2488 2618
152 1579 2392
379 1416 1866 1898 2403
64 264
735 1257 1590 1940
885 1685
71 1217 1487
1085 2087
41 886 1563
43 225 1573 1575 2462
783 844 1572 1618 1652 2403
149 2143 2237 2383
69 191
502 677 2463 2474 2556
1241 1492
808 2121
330 2335 2526
586 1517 2366
365 1003
879 1001 1370 2587
1046 1216 1220
1158 1664 1951
138 1441 2057
152 2578
1562 1583 1791 2004
977 1452 2564
578 1086
570 905 945 1495 2010 2183
181 310 1397
626 757 1465
726 1462 2416
540 834
508 1015 1833
163 2580
339 1255 2411 2612
19 25 139 211 2032
663 1544 1716 2519
315 1359 2058
170 453 2360
556 1190
278 1787
995 2391
262 960 1465
561 909 1190 1308 1978
452 1238 1303 2135 2339 2353
987 1040 2511
343 1275 2063 2678
399 679 845 2293 2296
113 255 2479
1809 2410
501 685 1690 2525
1086 2618
488 944 987 1360 2555
1663 2593
23 619 845 898 1970
669 817
74 2093
270 1623 2009 2394
709 1417 2496
489 1968
210 928
1395 1720
1026 1346 2629
552 631
621 1214 1459 1545 1611 2012 2162
31 370 552
215 1817 2338 2600
233 1539 1757
417 553 1007 1491
420 1111 1594 2133
1247 1597 1793 2369
930 1365 2090 2219 2221 2298 2540
808 2677
1349 2002 2348 2382 2510
1214 1640
1562 2193 2350
17 106 667 1358 1913
68 1807 2273
1404 2536 2586
706 756 1664 2114
304 1564 1864
613 1539
1716 2014
379 2079 2672
326 1586 2033 2044 2281 2420
696 973
2109 2258 2516
533 2330
109 608 659 1999 2022 2585
662 2629
316 906 941 1351
511 549 669 1332 1632 2553
737 1712
907 1125 1518 1879
1969 2445
778 1968 2423
1473 2247
778 914 1177 2645
266 293 1009
275 1036 2660
580 1485 1851
1301 1552
1620 2025 2583
57 128 1965 2147 2653
300 674 1335
1375 2021 2487
106 402 518
652 819
1503 1515
1866 2058 2246
1437 1808
141 1077 1676 1902 2003
1290 1676
1189 1281 2249
496 531
1972 2101
79 925 1063 1345
218 814 1026
125 244 1044 2237 2680
867 1425 2441
772 1466 1586 2425
378 2511
1308 2413
553 802 2372
1302 1612 1785
1113 1213 1838 1850
859 2328 2394
364 2214
1030 1573 1948 1966
1780 1822
123 1224
1149 1364
53 636
786 801 1620 2534
1886 2381
583 1938 2482
183 1058 1291 1586 1854 2549
1335 1956 2598
1645 1723 2506
843 1115 2510
594 1117 1346 1490 1567 1829
656 2043
263 1256 1765
446 1943 2532
574 683 1840
574 770 1020 1428 2121 2589
408 2609
2235 2595
465 1340
439 633 781 1113 2154 2255
78 606 2007
101 814 1041 1176 1705
135 885
172 1227 2231 2281
407 2564
1186 1502 1922 2131
492 516 648
464 1297
526 1582 2316
287 2464
774 1425 1460 1596
912 1917
181 932 1756
1295 2080 2126
273 1183
1299 2043 2083
131 1490
123 383
1447 2016 2510
1773 2290
1972 1985
132 1488
1455 2001
207 516 1469 2665 2669
856 2302
740 970 1194 1786
774 871 2489
51 421 1270 2415
524 1196 1952
1026 2066
576 841 2044
601 1049 1137 1484
149 858
1582 1839 2592
1381 1898
209 307 519 716
592 1635
490 619 1211 2012 2321
1142 1375 2379 2405 2524
929 1540
891 1529 1606 1972
143 1405
271 463 798 869
698 949
260 368 891
1093 1567 1573
352 526 1210 1257 1591 1602 2093
91 377 405 1290 1530 1659 2084 2249
990 2197 2261
2346 2355
610 1858 1909
1779 1872 2043 2544
181 1603
525 2460 2543
822 971 2175
767 846 1002 1942 2061
12 149 1441
438 581 1733 1771
1308 1388 1458
819 917 1169 1281 1440
736 1833 2544
692 785 2021 2212 2440
1625 1692 2550
759 1561 1617 2160
1316 1968 2254
1098 1801 2135
448 1119 2489
463 1434 2612
190 580 931 1112
553 763 1825 1975
531 2415
1082 2170
3 331 357 433 605 787 1335 2028 2331 2529 2567 2663
1638 1655 1864
222 350 2658
318 844 2309 2503
556 2245
983 2425 2566
1989 2465
298 1056 2173
418 704 1001 1507 2342
769 1207 1760 2000
310 333
311 1176 2267 2325
441 2462 2559
48 167 678 1622 2037 2097 2477
963 1644 1968 2601
1935 1958 2250
107 1302
591 1091 1568 1822 2159
122 255 809
133 517 521 2469
166 617 1681 1763 1949
1695 2269
811 1719
340 787 2158
1361 1677 2114
16 683 1189
1073 1452 1656
926 1751 1871
976 1070 2150
678 1165 2108
187 608 1910
415 420
421 562 2618
396 1442
1483 2525
334 677 2099
296 773 1373 2546
1000 2198 2453
327 1110 2332
465 489 2130
1342 1388 2362 2544
869 1731
620 863 1458
973 1959
305 1700
675 698 2395
339 1681 2409
1397 1627 1932
419 1791
1008 2631
783 884 2559
486 1791 2567
895 1973
107 373 2583 2622
301 1928 2330
2067 2405
419 1071
1521 2523
856 959
1180 2187
95 383 1666
708 799
1268 2048 2083
850 2162 2376
241 280 455 602 605 1902
201 517 982 1579 1692
37 1132 2400
141 220 1047 1631
236 1189 1376 2636
265 481 939 2057 2552
1394 2383
2471 2509
49 593 894 2465
336 420 1113 1185 1853
2465 2621
633 2382
404 1345 2630
1045 1286
737 901 1287 2087 2199
135 495 704 1453 1670
1364 1770 1905 2407
47 1631
584 1595
572 2610
271 1337 2179 2488
412 856 1015 2138 2412
640 1405 1590
69 769
999 1673 2240
337 1208 1256
529 875 1201 1561 1600 2169
442 1370 1922 2116 2143 2185
167 1689
1558 1999 2253 2458
603 667 1128 1984 2408
781 1739 2562 2680
427 858 986 2209 2220
354 1934 2618
106 939 2468
667 777 2322
81 524 1137 2196
685 1810 2225
671 739 1842 1987
389 702 1806 2548 2554
1265 2562
189 1548
253 271
102 357 424 735 1083 1323 1394
347 438 539 996 1080 1327 2155 2678
206 506 2150 2572
764 807 2396
680 1276 1403 2574
260 2253
588 1564
286 397 1471
683 1203
64 570 915
642 746 1241 1538 2138 2534
461 526 1115 1275
134 541 1244
6 251
1868 2575
598 1985 2121
1216 1446 1769 2470
973 2110 2185
465 1258
237 997 1781 2058 2282
132 727 1706 2077
147 438 836
684 1477 1734 2010 2129
1266 1895 2143
421 2197 2468
1354 1595 2514 2521
1 20 310 359 1170
2328 2440
633 893 1014 1417 1743
539 1396 2235
548 1496
696 1273
1007 1690
1397 2488
232 1545
260 929 2253
1322 2170
233 1550 2114 2624
403 2374
682 1610
4 788 1131 1492
3 1831 2600
1970 2446
1848 1994 2181
1171 1650
1528 2626
547 779 2342
1578 2458
476 1182 2002
16 139 1952
196 654 1230 1383 1621
72 296 891 897
1672 2622
1002 1237 1676 2583
583 669 2380
159 933 1206 2379
102 812 1566
497 1347 1386
1099 1867
37 167 2431
944 1653 1832
1013 1029 1467 1906
2514 2532
406 474 2576
251 1643
325 2016 2244
429 1375 2598
6 1782 1795
1146 1266 1478
240 339 566 1595
494 1304 2233
618 2321 2646
1827 2575
129 389
2511 2517
94 1040 1049 1068 1888
248 290 1067 2167
888 1482 2408
819 945 1751
495 1379 1964
315 1831 2229 2455 2553 2598
2136 2488
1289 1298 1441
1747 1837 1958
735 1368 1488
6 841 948 1007 1613 2569
48 290 712 1012 1031 1796 2590
1077 1240
1201 1216 2285
510 811
563 2041
637 1140 1251 2226 2348
1286 1799
587 950
208 986 1700 2518
24 1349
1959 2056
60 539 916 1171
449 670
1043 1134
60 1596 2463
1437 1634
158 183 601 908 1655
69 1805 1829
138 1312 1389 2646
1096 2396 2518
501 547 649 1993 2502
1056 1585 1930 2614
209 1080 1391 1665
477 1795
731 1834 2540
457 2323
936 1717 1970 2136 2383
48 96 2446
266 1130 1943 2585
1998 2286 2671
1470 2536
426 1052 1127 2233
544 811 2519
1198 1739 2591
960 1328 1580 2300 2605
842 2394
541 1096 2604
908 1800
644 1107
257 917 1497 1787
191 585 2173
503 1393
1515 2584
197 458 1484 1841 1868 1987
402 1080
412 942 1417 1518 2306 2372 2680
65 2537
1339 1558 2005
495 631 663 2130 2173
1371 2045
631 1608 2255 2307
60 2327 2520
555 1726 2135
473 774 1137 1352 2655
1844 2114 2429
1042 2271
1117 1142 2257
993 1148
308 1699
716 971
892 949 2218
446 456 2067 2227
410 1762 2512
436 666 668 1141 2410
1938 2494
172 256 1771 2225
93 1455
685 1374
151 363 517 808 1294 1593 2224
483 1026 1456
477 1323 1602
1274 1308 2167
981 2620
287 1620 2400
102 1469
155 632 697
987 1161 1703 2579
391 1066
851 1663 1871 2391
102 331 2083
416 2094 2198
1126 1856
265 1797
868 1270
781 1092 1301 1986
2171 2594 2597
484 2603
312 366
139 575 828 1383
130 2659
478 1891 2553
183 1964
516 2165 2554
317 1679 2009
129 1348 2054
154 1168
61 2515
1012 1773 2469
101 1146
1293 1805 2619
63 1197 1551 1675 2150
1403 2303
418 935
724 2105
559 1198 1868 2043
499 1085
412 1257 2320
683 739 2389 2452
352 1702
1962 2089
1215 1826
822 2564
518 1491 1615
1418 2159 2365
888 1112 1913 2073 2087 2465
855 2348
146 703 1185 2354
656 913 2268
819 2619
256 2007 2573
72 266
57 1404 1453 1678 1753
513 1231
49 222 1625 1845
339 1601 1833
563 1492
1948 2466
223 445 822
1030 1156 1227
555 1258 1385 1898 2110 2130
657 1023 1298
828 993 1059 1867 1876 2171 2644
1036 1731 2272
10 542 2178 2646
1049 1436
19 1305 1307
1229 1433 1623 2390
159 1519
1052 1461
350 1937
292 1633 2327 2624
830 2416
376 2026
47 785 1246 1455 1811 1846 2444
426 1644 2120 2305
523 1419 1662 1823 2079 2268
545 2182
1569 2129
813 1269 1341
516 1716 1863
1080 2267
1143 1401 1442 1715 1735
788 1699
414 2527
1077 1240 1626 1855
573 1033 1290 2576
243 1087
170 1307
349 398 958 2055 2098 2270
481 674 1461
569 630 2121
1028 1110
174 350
687 1521 2400 2539
511 590 692 752 2265
1112 1962
744 1192 1194
340 1127
1333 1425 2229
124 1243 1379 2585
107 116 311 1430 2458
339 1577 1753 1885 1894
641 2378
1057 2083
808 1091 1213 1590 2455
1062 1383
147 2369
684 739 1506 2222
906 1133
806 953 2517
396 1073 1231 2257
1149 1326 1952 2314
926 2195 2560
86 400 1215 1963 2362 2460
778 1564
312 2267
301 898
252 650
1987 2125
5 589 723 1820
591 1999
364 421 1087 2503
1239 2482
230 1734 2356
1421 1831 1954 2124 2255 2332
90 556 1994
1007 1125 2194
2412 2539
10 2668
476 735 1881 2419
8 777 1212
1009 1651 2675
153 623 670 2384
782 1016 1370
1509 2032 2046 2434
774 970
1676 2171
684 1359 1950
92 197 652 792
1646 1894
813 2460 2646
234 1438
189 841 1724 2106
946 1113 1931
563 1274 2413
529 559 1290
992 1731
1154 2634
1436 1693 2004 2059
822 1835
459 763 1613 1628 1880 2557
181 467 1828
1195 1391 1784
127 323 1517 1623
129 1196 2419
1077 2226
1937 2073
135 291 1197 1993
2441 2464
1190 2396
2125 2503
894 2102
53 907 1546 2377 2389
110 429 1468 1647
202 2548
603 1775 1986
240 1677 1911 2453
580 636 749 1202
1510 1705 1930
1130 1286 1524 1838
248 262 428 722 2341
562 934
881 1591 1949 1987 2063 2443
1369 2162
89 844 874
352 2645
5 179 751 1548 2435 2563
1274 1817
1069 2522
604 1118
732 1767 2227 2294
1322 2391 2582
64 125 828 1706 2312
621 2486
1039 1621
1578 2408
243 379 1778
2063 2527
1075 1690
209 1288
928 1726
927 1227 1665
817 1955 2090
921 1144 1560
952 1578 2558
633 2574
1560 1869
45 485 1853
567 1213 1229 1704
276 653 874 1385 2257
772 1498 2093 2107
830 1683 1802
365 702 1099 2135 2522
132 480 506
1471 2004 2304 2432
8 172 1133 1433 2601
124 1369 1914 2559
877 1189 1859
518 1681
263 273 376 1161 1736 1756 2097
1462 2252 2657
1128 1324
1807 2091
381 662 1660
949 1169 1207 1688 1832
151 815 1274 1538
522 1322
401 1135
551 1930
1756 2299
472 816
121 185 499 2395
1299 1827 1957
502 1004 1569
731 2253
1941 2488
17 311 1703
438 696 1001 1521 1701
457 539 656 899 1039
336 2333
1390 1469
92 294
1501 1573 1875 2457
1627 1998 2379
1224 1790 1805
1552 2246
770 1863 1921 2284
80 962 1106 1425 2309
215 754
1261 1994 2270
1390 1693 2366
1878 2045 2531
634 723 1258
2441 2609
305 955
676 2678
852 1063 1624 1761 2403
821 1168 1531 1891
548 807 2271
308 560 1241 1457 2678
1037 1046
234 1192
1901 2636
781 1519
1050 2666
473 938
1051 2238 2303
162 982
25 751 934
1084 1209 1977 2258
452 1946
1506 2215
1036 1456 2000
201 1858
357 670 2373
1753 2211
225 775
379 820
1517 2317
2194 2459
233 643 2385
511 666
1110 1143 1337 2101
973 1136 2103 2677
188 458 1093 1570
543 1364
530 972 1373 1374 2293 2324
1444 1459 1940
1263 1575 2015
1747 1948 2114
977 1162 1191 1342
1700 2416
250 278 2059
1561 1626
1740 1777
1336 1720 1897 2087
756 1252 2360
1358 2374 2507
582 594 810 1095 1471 2653
643 1344
2145 2394
2131 2499 2510
299 1038 1963 2421
1106 2186
958 1033
695 1594
963 1125 1341 2501
1464 1943
667 1240
838 1382
424 461 2259 2540
855 1865 2032
580 731 1618
650 2205
459 1015
1067 1079 2391 2413
365 376 1627
85 136 1911
2009 2115 2436 2481
399 1511 1807
1923 2140
37 1573
1510 1672 1796 2285
541 1232 1356 2545
203 305 481 605 2385
806 1611
461 1145 2197 2630
241 1896
212 1603 1756 1985
66 594 1214 2297 2628
750 1055 1599
437 442 1377
543 1793 2569
40 2158
2042 2567
401 494 604 1176 2206 2675
170 1426 1449 2177 2606
1768 1942
792 1042 1068 1950 1979
92 331 702 869
288 695 2509
1100 1237 1411 1797 2633
95 1424 2336
451 1834
52 458 549 705 995 1077 1664 1742 2412
999 2078
890 2117
1088 2378
1522 1677
218 1059
1167 2542
378 2631
503 1354 2247 2367
1139 1946
514 2008 2407 2466
41 296 616 1050 1841 2122 2152
266 2582
25 1729 2127 2227
940 1478 1724 2370 2528 2611
160 1983 2637
728 1893
610 1915
151 1267 1680
1248 1358
384 1285
51 110 296 1127
100 227
1732 2101
304 1346 2048
249 1769 2245
49 1552 1745 2680
299 336
124 1295
880 2535
783 1433 1941 2451
2031 2118
275 803 1086 1210
583 2612
164 1555 1563 2311
279 453 609 1267 1395 2546
102 1349 2277
676 1129 1217
579 1938
1334 1461
83 560 952 975
264 298 668 772 785 861 2137
375 393 439 1212 1618
700 757 925 1407 2120
1316 1604 2013 2510
850 1184 2571
626 1016 1736 2345
889 1082 2253
926 1982
2119 2680
25 522 973 1095 1704
537 687 2645
988 1633 1787
1131 2265
220 1299 1634 2109 2655
1678 2135
81 468 1923
333 1096 1189 1668 1766
491 887
585 2606
186 2215 2550
1466 1834
1447 2618 2660
458 817
1307 2232 2524
1472 2378 2679
1373 1623 1664 2253
577 587 1119 1379 2048 2660
1310 1926
446 787
835 1137 1870
238 1398 2172
1126 1435 1558 2470
151 2516
1085 1834
2009 2615
142 1631 2392
477 891 1856 2225 2639
1739 1919
577 2559
2017 2649
606 2652
859 1417 1536 2627
904 1943 2073
2234 2628
96 1031 1680 1762
525 2549
141 370 793 830
309 1246 1896
514 1304 1858 2053
111 385 542
152 207 764 2539
307 1964 2181
443 493
670 717 1098 1619 1951
1779 1908
22 1239 2309
469 1731
1417 1705 1984
360 726 2387
144 217 641
1909 2068 2341 2371
955 1188 2286 2378
806 1127 2192
463 2551
566 953 1083
1459 2429
1016 1086 1250 1554 1692 1878
328 1855 2293 2663
214 2165 2631
553 711 2336
1259 1580
475 1111 1584 2009 2396
767 1638 2327
1152 2490
237 2154 2567
2149 2653
2189 2600
403 1347 1383 1634 2120
39 1036 1318 1666
292 2215
1790 1878
406 1399 1799
39 547 971 1193 2606
401 1908 1964 2628
566 1215 1258 1395
1110 2640
921 1425 2268 2371
936 2485
302 661 703 1516 1894
389 638
466 665
416 2087
1205 1672 2051 2464
40 269 652 1108 1938
699 2249
1381 2402
283 902 1215 1552
282 1079
26 394
1348 1710
839 1730 2137 2172
1298 1925
139 412
453 933
1222 2425
66 322 421 2333
837 2139
352 1854 2235
18 567 1367 1517 1564 1608 2410
488 756 1270 1892 2212
1215 1973
712 1413 2664
277 2131
1464 2182 2441
670 905
134 1486 1809 2494 2512
274 1785
1290 2412
1913 2364
105 721 1121 1807
2295 2633
843 1673 1833
138 371 1966 2478
731 2220 2234 2286
83 484 617 1993 2422
538 549 922 1140 1906
171 521 548
1801 1879 2294
2492 2641
621 2515
90 1254
1212 1957 2427
1548 1608
179 674 1276
407 1208
1065 1206
235 463
262 1479
887 1056 1060 1254 2235
392 732 1130 1382 2415
1793 1876
602 1354
645 1238 1507 2596
143 500 581
659 949 1023 1912
1023 2058 2477
1183 1234 1613 1861 2424
338 1387 2486 2656
259 1512
88 1126 1498
1007 1657 2084 2133 2228
216 1945
1251 1302
260 1524 2084
233 427
2306 2555
15 1152
643 874 961 1247 2212
283 1161 1883
246 2211
1373 2141 2674
142 2649
1570 2237
636 989 1320
527 2057
2529 2547
1285 1407 2132 2177 2437
1389 1731
1578 2242
14 60 92 1586 1764
651 1339 1596
970 2548
695 742 2049 2123
1459 1826 2197
193 530
110 194
520 1055 1538
1470 1660
1812 2548 2618
2065 2529
763 913 1932 2617
260 1878 2324
1620 1932
1304 1992 2544
1465 2209 2288
2043 2250
256 951 1161
581 1154 1172 1319
339 1216 2227
332 373 601 1036 1284 1337 2275
219 1729
277 478 2633
1529 1663 1735
619 979 1345 1916 2119 2482
253 1596
88 543 657 1758
1184 1556
384 2505
1057 1791 2298
1722 2462
993 1780 1852
480 1004 1207 2464
1301 1742 2089
651 1455 1688
888 1392 2459
283 1025 1891
174 1223
1856 2141
337 2572
210 2459
1484 2072 2084 2632
565 1375
45 215 1319 1732
558 1220
1042 1755
585 952
427 1259
139 722 1461
145 1701 1895 2382
944 2026 2463
1028 1948 2573
108 981
19 783 1749
824 886 1462
702 934 1394 2491
713 1873
792 798 1727
600 1413 1641 1657 1755 2390
669 921
939 2113
1240 1245 1504
846 1016 1764
594 1476
203 1281
456 665 1734 2592
609 916
240 1607 1870
1162 1207
964 1512 1663 1789
1367 1455
505 2198
13 627 1337
50 1569 2351 2361
881 2322
752 1605 2587
389 1130 2469
1067 1569 1635
1520 2133 2635
302 914 980
310 2663
606 1864
749 1117 1396 1461 1779
781 993 1960
45 1237
1896 2320
463 2278
1125 2343 2619
1717 1856 1923 2422
485 536 1224 1381 2653
1390 2297
477 561 1066
106 587
1467 1469 1793
866 1622
997 1813
982 1100
3 1093
818 1388 2476
1683 2299
709 1331 2210
45 478 1487 2021 2544
92 531
762 1764 2589
1625 2316 2418
82 1621 2482 2609
211 607 850 1859
787 1273 1799 2331
8 430 659 2317
757 1369
1903 1958
446 524 818 1334
857 921
1218 1797
250 535 1971 2517
1760 1804 1906 2288
1259 1637
1441 2525
444 685 1184
2011 2036 2102 2125
17 845 1102
1102 2420
415 1782 2176
448 925 1251
56 1196 1628
623 1459
80 914 1673 1903 2316
96 1735 2521
322 2284
758 877 1933 2338
318 1880
221 261 362 2603
727 1275 1316 1890
568 760 2107 2601
1383 1791
1317 2106
1182 1946
787 1668 2152 2230
95 979 1428 2419
1574 1643 2441
1029 1531 2211
260 1094
6 1122 2632
1008 1288
985 1769 2589 2596 2636
1164 1719
657 1083 1357 1848 1915 2550
79 162 1261
889 1144
211 392
292 1466 1800 2446
2205 2518
351 482 721 830 1883
1206 2400
587 2146 2198
282 1449 1712 2651
204 720 2110
1524 1529
2420 2630
1162 1354
681 1481
268 989 1510 1916 2241 2309 2678
811 2658
1904 1933 2415
989 1219
1703 2094 2098 2248 2456
473 855 995 1829 2567
456 898 1823
492 765
811 1775 2288
407 1990
266 1208 2587
29 882 2159
1743 1758 1996 2476
514 574 1695
446 655 1642 1847
2072 2376
913 1246 1626 2188 2391
521 1602
1342 1821
377 587 1900 1986
866 1768
1076 1251 1826
1683 2364 2471 2524 2545
2416 2509
206 386 1259 2043
325 728
1193 2465
21 1329
176 314 1043 2349
1348 2516
514 1825
1203 2674
1294 1699 2157
1625 1998 2234
432 849 1041 1463 2295
543 2345
188 465 2540 2588 2660
1519 1943
877 2669
416 590 1358 2424
799 1750
278 2231
417 1858
1286 1545 2290
129 835 1251 1987
1335 2662
788 2110
1075 1755 2549
698 1047 2167
2358 2582
1239 2586
41 478 662 1846
955 1473
81 394 520 922 1378 2258
547 703 1409 1785
1509 2096 2611
77 677 1187 1398
1287 1539
1065 1673
222 449 2617
1431 1552
2195 2504
1197 1292
247 673 739
1665 2671
1023 1291
61 2079
2175 2272
214 2097
26 2668
118 850 1952
1152 2360 2572
851 1477 2476
1384 1708
352 1621 1840
814 2216
1093 2597
612 1249 1933 2212
1065 1386 1874 2431
141 537 622 947 1375 2527 2547
657 662 2411
1524 1773 2041 2370
1414 1428 1453 1589 1802
40 83 2379
1295 1306 2374
819 1024 2661
911 1111 1190
884 2199
388 1638 2549
422 1619
603 1272 1977 2067
437 1617
806 2425 2614
866 1212 1903
1423 1873 2028
267 1462 2558
259 2213
890 2327
275 2527
1137 1480 1853
212 559
1228 2272
521 633 1699 1727
904 1107 1162 1996 2302
933 1012
339 708 1194 1764
402 683 1181
1796 2540
961 1347 2113
1978 2467
385 2183 2215
617 1063 1626 2617
252 1489 2157
1148 1578 1672 1997
552 840 2229
478 2526
323 447 816 1802
212 1457
890 1105 2353
1568 1583
13 2346
1092 1314 1826 2599
1257 2434
723 1341 1625 2055
728 1241 2154
543 1602
106 408 775 887 1048
665 2124
19 1018 1732
69 164
1827 2108
1637 2004
517 714 1475 2122
197 2194
67 629 1262 2647
933 986 2593
184 518 655
436 437 1901
539 1417
1162 2288
155 1071 1342 1344
705 2294
277 1409 1827 2267 2439
1016 1876
82 138 1234 1453
965 1761 2211 2652
1153 2621
420 705 1733
369 2124
1040 1232
636 713 2090 2568
429 2500
783 1745 1864
1386 2107 2309
340 2653
757 2372
61 997 2030 2416
756 1258 2288 2401
191 471 1112 2082 2249
377 557 914 1327 1947
840 1142 1997
949 1345
444 594 1785 1918
13 1130 2145
1004 2097 2284 2346
238 2631
553 749 792 1389 2505
283 2586
1277 2677
172 541 710
137 628 2423
159 1406 1558
594 1181 2401
457 1112
694 1034
460 637
151 482 1473 1979
443 563 2327
1607 1763
1511 1627
1460 2089
541 1072 1671
280 1821 1976
33 470
138 912 2452
1013 2283 2391
458 1071
478 968
1554 1700 2318
1573 2051 2568
75 1438
975 1601 1686 2219
1259 2214 2303
101 1079 1336
825 1409 1846 1947 2467
605 714 940 1192
2271 2297 2438
17 2670
828 1197 1383 1620 1769 1937
1216 1744
972 2269
1572 1683 2661
1702 1786
109 1146 1214
559 2053
719 2681
490 835 1399 1768
63 479 2011
716 1313
932 1957
1544 1699 1883
579 1708 2502
1119 1135 1171 1951
828 1533
1164 1624 1634
1785 1999
1428 2590
1279 2388 2558 2612 2665
171 841 920 2046
949 2056
1386 2389
286 1556
906 2320 2680
496 813 2320
379 942 1823 2206 2576
1949 2593
1496 2585
1525 1769
1221 1777 2549
202 283 288 1752 1900 2560
326 1829
694 2595
251 1042 1401 1689 1999 2519
152 198 351 1575 1900
2049 2135
232 1533 1793 2228
221 2073 2080
569 1460
1660 1953 2301
377 1246
280 591 2055 2525
486 586 1003 1419 1444
951 966 1183 1229 2475
134 401 890 1537
1900 2083
210 1574 2497
461 2638
191 1248
1798 2182
216 2069
208 283 693 817 1300 2082
1130 1307
716 1358 1428
685 1177 2014
302 856 1738 1886
233 2373
41 532 1256
989 1278
885 2505
760 1142 1562 1835
902 1380 1796
43 981 1537 1653
366 564
344 696
1346 2364
152 689 1298
280 485 1247
551 1723
1524 1662 1828
689 2069 2274
574 753 997 1251
231 1158 1196
83 1015
694 1966 2380
1568 1655 1986
831 884 1916 2142 2479
356 1444
655 1380 1736 2507
473 477 1108 2082
767 1380
1781 2308
944 2665
363 1100 2082 2503
618 2123
15 1023 1708 2085
273 2032 2230 2243
291 545 1394 2477
312 1165 1942
721 731 2155 2162
1028 1835
2000 2344 2677
121 1895
1203 1616 2252
675 1488 2594
1785 2056 2145
2171 2365
774 1484 1834 2396
38 506 983 1346
1950 2624
152 353 2358
1358 2143
793 1572
201 687 1543
913 970 2243 2436 2476
159 1041 2516
617 1060 1328 1778
125 2536
1807 2246
326 1071
25 384 828 1213 1728 2311
199 705 1181 2517
213 2225
186 806 1354 2520
453 1444 1552 1749 2365 2463 2603
19 77 1567 1916 2097
367 389
412 511 1457
18 2350 2639
180 236 2197
1611 1613 2326
8 219 1421 1664 1849 2078 2563
471 979 1662 1791
762 1208 1815 2381
1119 1763 1872
1711 2305 2377
614 1238 1483 1933 2325 2367 2625
542 1155 1370
639 724 1407
2045 2265
280 2156
634 2395
1052 1704
318 1252 1841 1873 2568 2594 2609
153 1171 2431
675 1874
413 1887 2156
511 1074 1216 1245
586 791 1751
615 1214
318 1445
917 1251
1615 2118 2390
511 623 741 1964
316 699 899 2637
821 984
4 2425
914 1319 2508
667 695
1127 1673
438 681 1438 1575
943 1113 1796
35 1783
1069 1428
777 1834
824 1107
1463 1840
336 517
123 1018 1467
75 631 842 1081 1708
2042 2592
1539 2353
496 2373
726 996 1481 1840
1195 1503 2425
796 891 1042 1446 2111 2434
13 979
222 1991
841 1064 1943
447 1659
1172 1427
1946 2606
1896 2329
645 1744
44 317 1452 2199
282 2422
332 1835
693 2375
132 2256
1101 1905 2207
348 2627
178 1240 1343 1372 2452
1914 2394
637 975 1220 2297
153 2038 2288 2436 2672
309 874 1620
1076 1731 2251 2386
1573 2364
696 2322 2601
444 2112 2404
689 1867
614 960 2016 2068 2519
732 912
24 59 2376 2635
11 675 1320 1770
1013 1179
625 993 1880 2527
821 884 1695
147 633 2333
1986 2481 2646
750 1312 2122 2181
75 302
825 941 1021 1827
1241 1284 1562
32 252
1520 2363 2366
117 2554
1419 1668
1491 2105
545 1827
1180 2105 2374
109 413 626 713
861 2249
141 453 937 1307 1368 2558
31 316 1046 2472 2658
397 1669
53 345
2314 2643
320 387 846 2616
422 1247
343 645 996
2133 2211 2520
1471 1763 2432
755 762 1511
1379 1720
300 870 1380 1607 2374 2423 2531 2583
1527 2207 2532 2573
515 1057
720 1471 2313 2677
1151 1310 1630 1779
1042 2209 2400
578 1482 2021
620 883
576 2237 2638
2145 2159
292 336
142 1979
579 2499
200 1644
99 509 2064
308 836 1061 1406 1647
388 1801 1871
494 1561 2004
308 345
1213 1583 1584 1978
620 851 2439
676 879 967
370 878 1451 1712
670 891 1529
1548 1971
40 2555
191 1305
498 1085
1212 1274 1334 1923
1263 1713
1451 1519 2651
44 1019 1181 2267 2636
318 841 970 1819 2665
922 1516 1755
75 1936 2571
1003 1512 1671 2536
607 1286 1771
647 690 1391 2449
262 547 654 2611
1402 1477 2042 2383
424 1336 1496 2092
258 894 1922
1113 2375
726 2669
696 851
490 1198 1678 1888 2252
628 1375 1605 1906 1918 1956 2579
549 602 624 709 1145 1766 1885
126 332 703 1644 1939
2371 2442
1465 1643 2228
551 810 1716 2164 2179 2574
2196 2421
579 751 1444
1979 2673
5 352 2466
31 497 1157 1734
1630 2262 2475
1706 1807
1082 2524
67 459 725 2151
373 1674 2470
256 539 1077
450 1559 1751
182 824 1053 1709 1959
325 2091 2481
816 2605
1570 2274
60 1030 1265
239 1633 1805
383 1477 2668
231 749 929 936 1083 2133 2410 2423 2540
563 886 983 1280 1930
229 408
432 2471
1335 2030 2316
318 1874 2355
557 2277 2370 2412
1468 1879
1143 1733 2501
167 1003 1322
1237 2373
260 2062 2356 2505
878 1759 1934
1688 2325 2568
264 288 2283
1036 1911 2200
893 2051
167 273 333 658 1916 2166
1000 1322 1647 2583
843 1313 2119 2493
60 1060 1421 2369
1545 2635
1582 1705
1394 1696
196 1093 2163 2650
92 212
1495 1723
1556 2254
1309 1657
1545 1930
713 1668
48 63 2214
1208 1314
1680 2675
1376 2429
1360 2065 2085 2171
931 1686 2141 2530
1797 2583
243 450 1679 2313
766 1327 1370
93 683
1140 1959
262 859 1084 1848 2548 2576
118 140 2057
10 2017 2272
1092 1655 2218 2537
1159 1181
17 88 569 845 1424 1961 2009 2244
187 646
136 958
630 1883
522 2321
1638 1771
1936 1992
125 616 1399
883 1018 2561
248 905 2115 2405
1011 1158 1475 2201
101 441 445 557 1761
1421 2640
214 932 1063
209 1261
109 1997 2341
270 655 748
29 2433
1704 1982 2317 2629
333 476 1406 1867
103 492
203 894 1355
248 296 609
539 1858 2655
873 1200 2000 2411
366 1140 2284
1141 1598 1855 2519
538 2138
645 874 996 1350
373 1955
130 400 1334 2490 2584
1960 2122
1787 2379 2567
605 988 2391 2627
51 966 981 2526
264 1438 2023 2282 2601
147 2340
633 1144 1300
494 1462
409 424 1610 2144
624 787 1777
1419 2101 2180 2410
570 1437
527 538
382 2471
1481 2406
266 1939
104 180 2007
429 797
560 1331 2467 2526 2548
363 612 2368
1093 1470 2128
1164 1707
1331 1345 1785 2099 2606
991 2012
271 1567 2536
1445 1988
146 492 1358
105 283 976 1063 1549 1601 1628
128 1215 1370
1097 1182 1445 2103
591 1029 1105 1722 1849
394 1676 2394
1297 1387 2559
2275 2382
886 1908
175 1911 2539
417 870 1988 2350
1228 1716
1415 2242 2474
326 2270
934 1761
615 1650 2255
1818 2332 2567
1510 2492
1734 2515
459 1938 2166 2526 2639
206 2185
439 1490 2032
228 1516 1528 2562
35 744
1041 2560
298 822 1835 2199 2258
562 703 1543
548 578 1294 2534
1726 2359
749 2485
92 1916 2377
700 2430
1365 2289
711 1553 1874 2072 2271 2343
259 562 1008 1043 1760 1995 2281
380 1137
562 1002
468 1795 2009 2361
350 1412 2591
690 997 1790
763 1482
1591 1900
156 2028
2392 2503
331 397 1970
1382 2184 2246 2332 2504
533 1141 2145
686 2015
1008 1583 1799 1855 2078
837 1385 2034 2285
18 273 413 1690 1770 2651
418 2142
624 1000 1220 1278
958 2415 2624
840 1396
653 1047 1297 2295
205 2495
1076 2449
1116 1947
187 1015 1652 1796
548 1282
693 2593
1889 2290 2429
710 1237 1276 1958 2372
662 2463
295 1205 1761 2255 2269
340 2071
2022 2579
1170 2454
298 514 671 876 1452 2586
884 1642
569 1788 2084
287 318
1466 2605
192 1471 2179
54 1118 1365 1606 1617 2387
497 2210
45 263 735 1171
625 900
1741 2561
525 918 1088
1018 2572
1723 1988 2072
844 2471
351 1314 2380
466 1044
823 1942
325 2582
1767 2152
382 840 2260
1207 2393
521 1364
256 1821
68 427 815 1489 1729
765 835 1285 1557 2246
555 2224 2374
59 2416
10 353 1559 2457 2551 2585
713 896 1833 1970
40 2389 2499
284 346 922 1265 1421 1974 2030
862 1595
76 840
2220 2519
975 1307 2516
1212 1895
769 1540
508 1141 1161 1245 2493
1411 2513
286 882 2261
950 1845
418 662 1087
1853 2411
460 1397 1601
1466 1485
574 2544
1714 1986 2553
933 994
422 1012 1407
479 1225
703 2345
1061 1389 2042
486 1264 1536
478 2005
365 1718 1851
1904 2024
1284 2283 2582
1736 2215
1009 1344 1859
1074 2383
35 2601
186 2069
529 886 1580
1754 2504
297 846
1961 2268
1171 2405
1055 2230
603 827
1256 2105 2493
303 405 2206
2240 2274
677 781 2002
194 356 1329 1586 1758 2473
11 215 2536
684 1369
557 1646
353 1020 2148
106 1847 2229
123 976
946 1253
995 1229 1361
174 1564
457 565
559 660
206 278 1891
1568 2469
137 1801 1961 2323
508 1413 2264 2463
465 1560
74 211 1042
1108 1838 2057
2469 2523 2563
541 751
1159 2142
362 638 753 2405
223 2254
358 579 631 989
326 2468
728 2195 2567 2581
587 988 1161 2087
1135 2175
512 1368 1673 2179 2257
989 1702
413 1052 1747
388 865 1334
103 2324
124 499
552 711 1233
773 819 1717
374 687 2293
6 135 1458 2251
969 1123
201 1774 2181 2380
333 2242
1078 2505
1121 2454
757 1655
1527 1613 2315
143 1845 2499
505 649 1642
112 581 1859 2293
365 1327
185 1259 1843
31 1690 2210 2319
715 2364
1646 2042
1344 2629
2 503 1133 1971
1636 2524
643 1911
832 979 2225 2432 2449 2565
739 2057
597 2602
1458 2617
531 1321 1581 2333
509 788 1974 2322
525 1324 1905
107 1387 2471
1033 1256
46 261 2470
551 1235 1261 2549
868 1908
53 263 601 723 1520 2120
451 1220 1514 2075
388 1531 1752 2668
1419 1708 2123
1821 1970 2639
1174 1467 2249
152 264 1662 1846
628 1590 2519 2562
506 1128
44 931 1887
316 385 680 2052 2343
225 835 984 1164 2190 2363
198 825 1083
23 364 2468
439 1848 1941 2264 2575
916 1644
756 2018
1055 1602 1713 1997
699 1670
1840 2171 2588
592 1592
104 448 658
1795 2562
2155 2162 2655
119 2579
284 2149
515 1197 1854
113 520 699 1177 1350
37 1335
621 2309
15 294 646 1581 1689
558 842
1637 1690
380 1438
44 971 1206
906 1180 1930 2529 2644 2674
944 2320 2403
362 602 1701
550 713 996 2015
1158 1318
164 389 1029 1259 1791
777 1432
280 378 1411 1863
1734 2128
879 970 2277
221 919 983
942 2121 2197
494 2242
339 1747 1812 2664
61 1076 1456
1132 1556
705 1085
566 826
660 1922
607 621
94 1204
52 1205 1845 1874
504 1455 1836 2372
252 1875
1971 2458
1523 1702 2381
61 2008 2081 2245
1074 1284 1357 2190
169 1110 1535 1604 2376
830 913 2641
1607 2224
1530 1531
814 926 954 1629 2559
1535 1656 2555
187 2194
479 863 1978 2311 2366
12 628
1123 2295 2395
752 1891 2646
1077 1404 1812 2462
1161 1517 1647 2112 2365 2646
1219 2412
478 737 1966
371 446 923 2421
385 777 1188 1397 1722
561 2140
646 1542 2129
326 887 1131 1491 1679
334 533 1617 2100 2173
1095 1300 1976
94 102 310
1715 2625
321 847 1594
300 2149 2193
1442 1956 2680
559 1982
143 693 800 1724
1210 1374
657 1223 2234
1850 2175
248 982
575 1043
816 1463 2137
1461 2389 2507
1677 2443
20 513 1525 2278 2669
431 951 1524 1777 2300 2552
1531 1749 1909
1514 1779 1847 2043 2112
849 2611
1465 2383 2473
215 1623
208 226 1287 1730 1942 2564 2651
1420 2041 2253 2452
1034 1735 2382
2044 2377
104 905 2572
312 401 722
1123 1213
996 1624 2118
817 1251 2319
154 2065
340 2246
723 1692 1993
1858 2485
915 1344
831 1803 1872 2516
993 1650 1736
133 1425 2417
217 846 1487 2041 2165
603 1111 1545 1717 1753
410 1008
775 1048
528 1309 1808 2448
1363 2374
455 579 1061
55 479 911
288 476 1804
362 539
402 2065 2513
757 1483 2198
72 136 1370
1453 2597
408 552 2499 2504
293 544 2597
109 195 1456 1469 1511 1896 2553
975 1135 1957
1087 2161 2275
201 348
259 884
843 1085 1557 1732
168 533 668 1932 2531
387 906 2300
557 867 1548 2382
72 2603
872 1846
2277 2382
449 1330 2324
40 167
64 568 1483
1597 2316
72 456 552 1259
1122 1427 1846 2256
1537 1647
354 445 836 2645
1786 2304
711 1412 2218
4 781 786
1550 2135
292 498 813
1238 1258 1313
894 2413 2504
1296 2597
1477 1553 2204
1809 2564
174 2323 2535
531 560 1398 2419
1106 1875
95 932 1729
710 1916
1037 1105 1269 2306
424 1291 1526 2317
638 710 1105 1293
309 549 1348
2155 2331 2554
306 602 867 1860
471 1224 1383
10 443 961 991 2588
1487 2386 2525
104 603
447 1146
195 2254
1581 1994
677 925 1217
487 521 882 2149 2261
71 2306 2314
1948 2537
1637 1810
1120 2224
688 970 1277 2082
1160 1170 1693 1886 2072
1644 1887 2050 2428
335 1535
2 440 2173
776 1860
1377 1683 1833 1949
395 906 2602
1167 1457
697 866 1088 2397
2080 2520 2588
1013 1143 2142
571 1227 1758 1814 2081
1353 1698 2520
583 708 1453 1457 1478 1789
1007 1484 2506
296 780 785 1278 2432
139 363 639
905 1982
987 1249 1659
331 397 607
875 1445
416 679 2254
12 912 2370
917 928
108 1390 1698 2312
882 2312
2004 2436
1500 2114
1299 2489
1712 1826
497 1764 2212 2279 2400
1179 1491 1539
1235 2575
428 445 888 1116 2510
839 1220 2030
983 1855
298 2378
461 1421 1720
1732 1768
709 939 2161 2257
388 978 2220
490 1141
141 2003
1322 2185
187 2344
499 1812 1815
1337 1384
2376 2680
1075 1381
525 1700 2369 2394 2527 2544
170 1847 1985 2397 2436
483 752 1014 1481 1639
403 1336
382 392
18 1707 2082
81 1955 2240
1626 1694
183 2032 2090
210 1994
774 2118
372 801 943 2084 2228
1464 2090 2195
614 2500
2084 2450
149 840
34 918 1086 2642
952 2060
621 1154
553 1952 2408
63 1233 2313
576 1191
708 2426
912 1702
36 2152
316 429 2244 2271
529 1939
246 1112 1346
83 1517
461 1793
644 954
314 501 1331 2139
385 821 2185 2345
198 2464
3 2245 2459
301 2490 2590
132 423 702
638 1159 1823 1952
636 1630 2423
1571 2587
477 1858 2628
2165 2524
878 2649
60 323 371 952 1043 1315 1343 2106 2463
964 1888 2023 2258
315 396 512 578 1082
521 1840 2159
147 386 424 1018 1263
949 1464 1511
109 743
736 1009 1373 1943
1012 2496
452 502 671 2014
1503 1681 1937 2380
370 1217
336 1323
119 1354 1880
170 2298
797 2311
934 1309 1505 2274
1225 1699
626 1057 1366 2134
80 1606
304 1900 2644
525 1535 2447
1312 1574
280 640 1427
1178 2106
813 1156
566 747 1404
877 1198 2192
561 790 902 1119 1518 1866 2207
668 1824 1943 2059
81 275 1909
448 1005 1559 1814 2592
687 1000 2439
95 665 1313
1690 1822
630 1338 2549
1273 2248 2499
185 486 523 744 834
269 367
789 2264
432 441 620 801 828 2266
1270 1694 1992 2015 2244 2511
1288 1796
834 862 1302
2431 2675
109 235 893 894 1053 2050
1369 1979 2229
692 1070 1445 1993
332 1237
183 376 2079 2548
2 1609
730 928
510 992 1518
72 1714 2089 2640
61 1399 1779
1856 2473
1467 2245
939 1865
143 2572
1338 1494
912 987 1582
756 1409 1682
161 599
1725 1973 2209
1223 1748
1473 1656 1964 2003 2153
24 1001 1937 2021 2537 2584
1937 2355
2122 2144
118 250 674 1468 2553
953 1407
1684 1972 2080 2125
505 568 905 1197 2651
1167 2460
655 1343
44 459 570
671 1592
518 2024 2584
96 1554 2267
3 893 2320
1181 1777
442 890 1000 2211 2320 2627
309 1332 1733 1799 2545
129 205
778 1683
1696 2413
1368 1589 1861 2101 2142 2173
251 842 1722 1742
30 922
445 846 1970 2263
374 2483 2591
529 1357
103 1425 2234
153 1679
773 1278 2677
401 811
581 923
437 957 2233
97 408 2435 2467 2470
444 967 1725
492 1434 1448
15 442 1459 2342
872 1740
412 716 908 2011 2542
149 282 1110 1802
195 522 1262 2587
1223 1856
51 1257 1594
11 761
77 1761
963 1947 2059
187 1062 1532
505 570 2043 2660
863 1494 1497
538 1567 1584 1824 1941
1207 1861
219 2584
132 229 755 1044 1144 2255
373 897 1309 1541 1822
250 324 951 1127 1851 2147
305 728 1484 1705 1806
22 564 2068
1755 2549 2564
159 257 1797
2376 2490
251 900 2019
752 1712 1825 1985 2652
1514 1696 2278
357 1868
417 1898 2110
497 2341 2477
399 2391
453 473 1205 1582 2579
113 167 565
110 471 822
40 1515 1941
1135 2674
95 149 928 1087
772 1315
107 493 495 617 954 1168 1505
917 1867
1201 2247
159 1561 1637 1913 1921
98 1714
488 1114 1384
1281 1766 1768 2427
1466 2300
1449 2009
66 1693
42 367 1539 2603
492 1793 2485 2584
378 1162 2297
968 1331 1354 1478 1611 2039 2235 2247
280 351 1000 2150 2606
215 561 659 947 1188 2008 2028
2261 2386
513 1902
89 1982 2558
505 1082 1728 1736
265 2120
461 659 1662 1671 2138
196 2294 2508
1629 1788 1946
2146 2363
901 1692 2415
1727 2378
143 225 682 2612
1008 1981
214 1304
1326 2328
623 664 2219 2450
453 495 535 1965
516 1786 1941 2602
1408 2002 2167
683 723 1663 2303 2313 2550
1066 1457 1747
376 1146 1379 2269
793 855 999 2256
90 338 1090 1160 1467
530 557 1781 2128
612 2141 2444
341 1464
1908 2608
13 2604
1885 2532
337 1936
96 422
1325 1576 2558
417 421
393 812
119 1903 1921
146 1796 1818 2258 2419
135 2554
596 1237 1362 1473 2555
903 1385 1734 1874 2426 2600
526 837
1019 2045 2561
518 2493
427 2453 2458 2529
1752 2079
1022 1249
813 1853
828 1232 2447
277 908 1308 1582 2185 2193 2487
673 966 1365 2398
393 976 1135 1430 1510 1561 1971
1331 1716 2305 2354 2511 2660
1205 2503 2515
395 844 1799
179 1643
656 2327 2349
920 1846 1982 2650
493 1700
159 963 1344 1444
426 933 942 960 1602 1988
1093 2410
2575 2656
1086 1444
279 2016 2460
10 245 375 694 991 1568
1307 1618 1932
133 1382 1728
561 1907
562 797 1615 1781
1111 1459 1834
93 315 963 1087 1131
927 1165
1143 1388 2080 2227
855 1679 2143
361 888 1932 2047
1054 2586
1260 2051 2156
93 1893 2664
377 1431
27 2630 2646
761 2403 2533 2604
565 1060 1405 2220
1512 2425
814 1876 2185 2322
2325 2645
1533 2338
221 1384
839 1539 1840
2269 2524
1065 1392
61 628
251 1603 2079
286 563 959 1132 1720 2312 2439
18 1508 2585
335 1807
955 1737 2324
7 347 366 1745 1822
83 531 569 620 945 1095
980 1031 1723
675 960
1313 2653
51 119 2082
883 2566
377 516 855 976 2154 2218
945 2108
687 950 1588 1724 2327
552 2370
1179 2146 2510
243 1094 2286
735 1570 1891 2187 2590
10 554 1758
1247 1635 2564
64 465 1356
1374 2444
439 863
511 1455 2358
38 928 1114 1503
1061 2247
834 1659 1667
1561 2668 2669
907 1335
939 1367 1750
687 836 1118
219 823 2467
592 772 1346 2154 2258
236 511 607
279 1561 1723 2123
128 1967
1210 2016
813 2086 2512
107 999 1469 1618 2239
230 726 1335 1502
189 1179
107 904 2161 2319
1349 1605 2448 2641
856 967 1567 1938 2019 2636
700 2031
4 1168 2150
969 1370
375 654 777 1502
375 1083 1395 1726
776 2523 2658
231 726 912 1557 2504
632 1426
746 1007 1682
633 849
782 804 1265 2209
988 1070
1896 2658
100 1805
971 1601 2124 2448
336 1079 1694 1908
503 789 1244
297 579 1382 1465 2321 2521
2105 2157
197 895 1553
263 1793
635 1617
846 1113 2661
530 2102 2509
920 2007
1013 1288 2204
384 1884 2313
244 2313
541 788
674 2323
2130 2655
64 635 1377
2019 2109
60 788 1472 1848
315 621 774 1718 2202
277 2240
198 1959
179 980 1189 1642 1894 2627
345 1185 1821 2288
695 1478
664 2110
1748 2130
263 1245 1933
1471 1751 1818
2044 2048 2389
1147 1536 1750
1197 2181 2380
1424 1593 2345
1317 1666
41 287 543 1760
540 1334 2249
1023 1250 1865 2136
497 1404 1458 1969 2050
83 945
325 906 991
655 1362 1884 2278
90 1344 2293
938 1951 1999
778 2198
767 2613
1564 2668
909 1409
796 2109
31 1040 2476
1788 2379
69 1673
1196 1310
23 796 1075 1950 2420
193 912 966 1210
123 2168
1003 1287
319 371
1767 2506
1608 1964
2072 2200 2276
832 1575 2223
243 985
2488 2682
502 762 1972 2553
1096 1662
989 2210
778 1876 2372
824 1913
732 2386
630 866 1143
559 980 1465 2158
2056 2364
469 479 728 1424 1856
612 723 2053
1184 1568 1739 2159
84 1227
398 804 1589 2154 2405
215 1291 2463
496 751 1597 1759
95 1210
260 2028
93 2536
880 1634 2274
1632 2236 2353
1049 2038
208 567 637 950 1198
1463 1583 2146 2627
314 1834 2198
503 685 1235
219 289
347 1903
1107 2246
525 2319
84 763 1070 2508
114 236 331 658 1081
883 1540
1214 2320
1818 2091
57 1766
874 1947
462 1311
1305 1590
1456 1988
622 785 1547
233 995 1965
433 1859
671 1266
1319 1900 2223 2269
1455 1691
278 901 1057 1853
478 1286 2421
422 538 2209
178 498 960 1114 1800
252 2125
439 1825
628 1245 1764 2149
150 960 1453
637 1436 2072 2112
1298 1554 2023
665 1772 2652
337 602
655 2313
527 1276 1537 1826
1556 2427
931 1040 1285
606 614 2055
110 347 978 2637
312 704
37 312 354 728 770 1571 2518
904 924 1055
311 392 1610
953 1392 1604
286 556 952 1962
10 181 887 918
366 1285 1438
988 1580 2007 2640
15 436 2095
167 2297
492 905 1073 1175 1932
129 355 1009 2501
1037 2538
12 905
1667 1742 1918
748 832
1010 1830
386 1173 2443
205 1490 1822 2350
1378 1799 2315
1446 2386
130 279 549 2602
127 1822
1036 1206 1245
98 612 1808
1652 1937
682 836 2029
315 650 740 1050 1204 1665
1140 1616 1787
332 1052
2224 2547
440 1766 2322
115 203 1026
230 1725 2467
1257 2517
155 448 658 2194
861 1076
360 1243
1416 2015 2545
770 1664
329 622 1660
276 1441 1444 2339
282 1380
26 1567 2397
1867 2174 2386
963 1004
427 602
546 752 1952 2012
1730 1952 2007 2179
973 1695 1807
987 1972 2653
1066 1101 1637 2234
121 1389
180 1695 2343
1030 1104 1850 2264
701 830 1278 1806
1237 2317
1065 1965
1535 1578 1933 2189 2218
840 910 1861
1815 2255
52 90 1648
546 2432 2523
520 580 900 1269
490 946 1829
921 1729
503 1068 2208
183 1429 2468 2586
452 735 1856 2635
764 1896 2598
1939 2501
143 1599 2319
141 162 1495
580 1290 1723 2137
1732 1947
163 1047 1449 2499
1012 2556 2652
1278 1619 1722
292 2212
885 2299
550 1371 1792 2014 2482
461 1004 1088 1327 1683 2516
1101 1813
328 376 1507
38 189 498 2574
690 1729 1911
841 913
778 2146 2219
375 2357 2458
569 649 1367 1644 2568
876 1303 1441 1866
897 2582
490 1510 2536
148 652 1569 1657
47 2371
902 1027 1872
67 510 1275
1437 1744 2328
1331 1587 2003
4 830 844
121 251
783 789 1422 1769 1795 2361 2660
432 860
337 2267
441 580 1047 1443 2014 2034 2054
37 1190 1330
85 1040 1283 2077 2226
323 568 2063
64 1407 2624
278 290 1038 2152 2652
512 2562
1416 1650 2037
148 1715 2126
102 1709
2057 2511
441 575 914 1290
710 2052 2128 2547
580 956
96 1946 2663
638 1956
995 1188
1579 2248
267 295 836
1382 1492 2401
688 1046 1716 1783
1177 1726
13 1421
248 441
1740 1992 2252 2608
787 1043 1398
1080 2047
432 2386
450 2366
59 316 595 708 1143 1725
1015 2031 2366 2541
1847 1951
210 795 1054
611 1161 1490 1511 1558
150 2109
826 1527
645 2229
967 1161
636 988
203 754
1629 1668 2154 2267
639 851 1446 1995
17 516 2473 2493 2652
249 2204
549 1977 2588
392 1275
941 1812 1981 2398
482 1253 1672
439 665 2053
1227 1419
435 678
279 399 2316 2500 2514
123 592 1540 1881
13 65 1980 2461
671 2532
1360 1691 1755 2206
451 710 2672
884 1126
530 1238 1446 1558 1791 1962
603 919 2324
67 421
849 1016 2133 2495
151 162 526 2002
70 614 1062 1367
2161 2326
1815 2570
250 452 2624
1072 1160
61 1278
67 1562 2057 2381
286 347 1704 1867
242 916 1678 1693 2669
841 1537 2029 2444
317 2243
1927 2395
420 1284 2337
138 548 1512 1900 2222
813 1389 1848 2007 2456
218 1110
1177 2623
1299 1465 1752 2136
103 705 1717
346 505 2482
1612 1634 1805
1660 1968 2424
520 1791 2041
252 2142 2365
2542 2577
757 1081 1389 2415
666 2484
151 205 828 1253 2114
1238 2197
591 609 1039 1539 2392
1203 1631 2068 2469 2645
509 812 2549 2563
181 1189 2613
446 2431
979 2468
1148 1402 1483 1841
239 829 1035 2510
294 371 1535
272 1052 1376 1976 2350
740 818
574 1419
1244 1559
1299 1761 2341
747 845 1124
343 385 632 658 2597
126 1621 2104
839 1652 2173 2264
459 882
1397 1747
2215 2635
236 1031 1517 1895
974 1934 2671
817 1568
1399 1660 2145 2483
238 1260 1379 2462 2509
8 497 1128 1609
574 1851 1933 1997
406 666 1265
1206 1476
49 2366
353 520
1205 2590
172 188 233 823 1141 1578 2251 2625
1981 1989 2474
177 280 618 2505
210 352 502 571 1872
428 2254 2419
558 900 1885
1443 2042
49 1118 1546 1914 2412
58 2487
595 1101
1829 2555
456 768 1047 1223 1428
381 1099
1431 1888
39 215
658 1390 1463 1788 2401
538 644
1657 1768
2444 2460
135 297 1071 2122 2546
444 1345
393 554 1224 2678
941 954
1155 1566 2321
1663 2611
15 2360
856 2146
735 1345
707 757 1144 2542
452 1063 1394 1884 2462
8 835 950 2192
1569 1899
590 1008 1171 2167 2276
158 1906 2626 2659
1750 2130 2600
1236 2638
191 456
752 1976
519 871 1089 2346
1383 1519 1618 2093
139 2235 2414
335 2092 2416
80 1880 1900 2590
1381 1987 2369
458 624 1064
621 1197
507 1542
642 2310 2385 2444
178 1913
1102 2050
1661 1834
1417 2045
965 2466
1341 1497 1989 2128
426 476 898 1412 2181
1724 1878 2619 2628
894 1608
349 1169 1288 2520
39 342
238 739 2028
787 1536 2162
1896 2023 2179
713 1269 1601 1613 2112 2192
425 1822 2019
659 708
28 129 1262 1524
655 1400
630 679 1772
620 2511
1279 1285 1828
122 344 2121
191 934 1510 1768
1119 1313 1368
2292 2332
206 1749
1743 1953
139 977 1278 1494 1733 1843
695 2223
1599 1635 1775
259 705 2509
214 971 2228 2284
1142 2046
113 581
62 1204 1312 2277
57 892 1695
689 2069
427 788
1301 1458 1589
1445 1613 2565
536 1816 2002
271 1194 1377 1892 2340
1164 1551 2109
104 2207
494 1072
345 388 716 1689 1768
1854 1924
133 578 1735
475 665 733 870 1433 2211 2235
400 496 1421
751 1753
1829 2253 2655
465 2143
561 1513 1971 1982
407 1023
56 2682
47 371 558 1205 2288
731 969 1727
1076 2306 2558 2619
1993 2576
1140 2414
641 774 1260
961 2348
1331 1364 1582
346 459 1030 2253 2366
454 1589
1025 1818 1987 2021 2622
36 1128 1267 2123 2532
155 504 1259 2412 2544 2557
782 1250
1192 1623
218 936 1351 1412 2629
134 276 498 569
251 544
952 1121 1544
660 1334 1558
407 1218
832 1783 1864
323 1287 1552
1563 2630
1110 1275 1344 2583
445 479 988
277 2201 2257
234 1769 2038 2063
24 677 1618 2245
1818 2497
63 287 458
28 1337
705 935 1663 1799 2618
399 1522
1148 1895 2228
78 114 927 1054
1580 1627 2422
230 2203
1328 2196 2220
705 1187 1242 2436
48 547
534 1391
532 1040 1129 1988 2397
302 849 1877
136 2353
640 1224 1358
94 702 866
1406 2543
279 1767
188 236 263 842 1790
1003 2108
1893 1904 2567
1334 1864 2126
415 643 730 949 1723
537 1433
615 2444
1590 1934
659 1246 1269 1511
981 1956
487 2342
1127 1274 1544 2565
1950 2282 2678
2132 2523 2627
810 986 1356 1685
214 767 1323
781 1017
434 1704
960 1916
322 345 1038 1141 2328 2451
986 2321
756 1316 1753
196 601 1311 1583 2190 2560
57 1628
2207 2541
520 525 2350
248 966 1807
1973 2635
67 265
240 824 1762 2488
1525 1635 1770 2559
345 489
604 1062 1276 1601 1854
1596 2620
555 1426
763 2401
555 1756 2016 2637
132 1858 2485
460 1109
1067 2537 2559
1591 1601
204 2332 2385
278 868 1165
1304 2016
1944 2608
885 1887 2007 2191 2240
416 476
371 1813 1872 2333
722 1984
1752 1793 2261
1132 1426 2405
362 2488
863 1232 1762 2583
598 1362 2343
892 2193
495 585 1367 2600
134 275 2188
1158 1407 2122
468 562 770 1686 1889
266 1387
2406 2668
708 1025 2480
533 1955
581 1435 2284 2543
205 894 934 1411
2076 2231 2378
407 1952
457 558 1678 1987 2526
1496 1702
92 724
503 1314 2545
688 742
535 1354
1515 1891 2161
1226 1285 1629
602 742
415 1068 1818
56 1494
1545 1700 2634
1756 2460
281 354 1374 1668
2083 2217
874 1420
1875 1914 2151
612 883 1310 2251
304 743 1810 1859 2297
1165 1261 1488 1816
781 2014
1434 1603 1629
605 1951 2225
938 1122 1849 2370 2616
865 1040
408 2667
110 355
1395 2271
701 1845 2571
239 2244
628 1503
1564 1656
432 616
41 2191 2589
128 1799 2633
63 1560 1630
25 1928
568 1726
171 1769
1128 2422
360 1060 1647 1976
1201 1584
883 1152 1269
18 204 345 1774
960 1006 1029
302 788
68 818 1260 1689 2242
1756 2228
1608 1764 2086 2268
219 671 1456 1777 2072 2539 2677
591 2265
1130 1427 2158 2410
2493 2671
1528 2365
85 133 292 481 1458 2520
1625 2077
1364 1950 2032
716 922 1100 2519
1162 1898
349 1940 2236 2477
1187 1505 2313
3 629 2009
499 1028 2490 2620
1823 2027
413 923 2003 2030
578 2016
210 1499
512 548
9 1380 1419
923 1595
812 1495 1882 2017
233 1392 2327 2449 2669
322 1281 1539 1638
1003 1473 1663 1722
54 346
309 465 1113 1470 2607
925 1187
291 1623
1566 2413
582 904 1991
103 1178 2408 2413
739 2150
437 1214
1000 1065 1124 2250 2552
1883 2617
2181 2324
542 726 1150 1566
334 2381
1204 1559
741 1745 1953
879 1314 1556 2234
1850 1914 2546 2666
2102 2445
308 1060 1611
656 941 1314 1469 2677
1341 1942 2137 2618 2677
117 2159 2250 2542
42 73 1065 1973 2392
1937 2542
456 993 1336 1776 2137
1183 1727 2153
903 1544
692 1166 1922
198 381 1534 2275
823 1637 1964
734 937 1751 2305 2633
1037 1381 1721
480 2427
38 313 1310 1781 2594
213 2579
749 1410 1999 2283
693 1787
211 1244 2141
1991 2158 2521
226 680 903 1970
970 1327
452 1103 1726 2171 2361
792 873 1168 2459
1390 1986
69 517
2246 2570
1616 2152
308 1607 1757
4 807 1819 1929 2434
645 1976 2003 2147
2503 2556
435 1716
308 330 2337
779 1183 1204 1692 1909
1642 1927 2232
102 1322
282 669 1532 1744 1821
1232 2655
1657 1671 2456
7 975 1950 2600
1477 2078 2088 2459 2506
2392 2529
1983 2106 2141 2312
832 1845 1979 2067
1199 2666
12 704 1551
814 868 1912
958 1151
296 1090 1932
628 672 1141
913 1509 2644
669 2201
724 1535 2294 2388
267 676 944 1432
971 1053
1209 1374 2030 2545
411 2401
60 937 1043 1806
1139 2345 2368
1207 2501
289 1965 2454
294 488 2332
1010 1093 1560 1903 2051
1075 1112 1596 2515
53 1490
64 1632
1202 2055 2459 2461
594 1024 1459 1687 2175
1392 2017 2220
551 2191 2201
129 492
890 2479
1015 2540
1 783 859 1825 2639
703 786 2114 2424
901 1471 1962
310 2242 2334
634 1692
1227 1647 1875
1009 1231 2224
44 1928
643 1857 2014
699 926 1827
250 1685
250 538
349 715 1343 1554 1619
965 1563 2130
855 1454 2601
2063 2067 2467
1056 1367 1467 1572
616 884 1390
297 1874 1894 2244
1676 2225
615 1004 1232
1165 1881
314 632 896
54 104 1584 2645
822 2123 2431
87 1125 2387
485 495
197 1564
428 1483 1689 2141 2324
401 1654
39 265 1638 2281
379 2541
95 369 2381
589 952 1391 1908
407 2418
121 1812
127 741 1348
1694 2330
2148 2566
1920 2194
2024 2274
223 1685 1708
1024 2612
1088 1203 1399 2419
