4441 6576
2208 4261
1205 1506 2320 3574
1680 2100 2164 2167 2636 3479
612 1469
1745 2723 3048 3118
107 1449 2727 4147
95 574 3166
544 3713 4254
639 2675 4014
738 1149 1648
870 1294 1378
470 4372
3548 3727
656 1525 1972
1187 3576
2282 3287 3630 4255
1036 2412
6 3057
293 648 1322 1394 2503
373 3689 4387
244 1412 1589 2033
64 1298 2420 3161 3498 3756 4371
479 1999
1784 2910 3383
181 3719
1325 1860 2508
961 1978
958 3606 3626
1920 2910 2973
701 1890 2343 4012
1545 1827 2065 4424
3056 3856
2943 3433 3481 3806
1065 1577 2322
1088 1988 2928 3083 3102
629 2018 2809 2860 4147
2009 2077 4052
1121 1140 1989 3185 3257 3408
248 855 1706 2025 2120 3451
2634 4062
1137 1549 2569
1288 3075
283 639 1503 2631 3463
268 907 2701 2853 3373
948 1820 4251
192 2530
106 2871
2408 2981 3947
2089 4322
1893 1901 3420
523 984 1356
1019 2333 2712
2345 2863 2911 2929 3611
1320 2357
496 985 1771 3253
1508 4334
1285 2448 4215
55 4038
499 1267 1900 3161
1971 2283 3042
645 1772 4206
2053 2093
678 1477
48 3119
17 844 1417 2252 2944
289 3028
236 697 800 1055 4171
1649 2486 4129
1808 2646
6 1581
2443 3652 3985 4157
1002 1135
903 2537 3493
754 1425 2938 3875
3891 4149
44 3221 3666
2120 2518 4053
102 256 401 1261 1582 3293 3346
833 1854 2796 3462 3863
3550 4317 4378
811 1341 3179
1739 1909
2022 3938
2535 3125 3952
1891 2809 2988
494 1626 3416 3765
24 196 335 1399 1589 2127
2252 3678
1591 1958
752 2510 3563
18 548 1851 3909 4015
2259 2377 3834
388 573 2441
2246 3419
751 1117 3576
1151 1805 3841
2108 3225 3612 3688
927 3989
3468 4420
496 3954 4105
2275 2327 2570
504 876 1786 1894 2283 2621 4133
787 836 1999 3379
449 2767 3502
171 1151
1459 1956 2232 2598
2609 4256
968 1705
387 3735
213 1024 2729 3877
1160 1256 1973
3195 4255
306 506 2967 3851
509 1159 1568 4041
782 2054 2189
630 2736
352 1958 3286
1389 2352
228 288 2254 3296
1341 2428
1225 1618 2272 2357 2639
369 1626 1679 3196 3337 3389 3903
250 1586 3350
404 1566 2418 3813
623 1694 3613 3630 3977
883 1199
279 1323
2012 3140 4079
5 3449
515 960
1222 3704
1171 1885 3288
2249 2427
2897 2957
1905 2882
2060 2460 2654 2682
2892 3798
1559 2281 3433
1140 1302 1880 2904 3792
888 4097
173 2125 2352
248 3446 4122
627 1002 3215
73 741
2338 2662 4346
2996 4247
1718 1830 3382
849 1385 2394 2431 3143
127 911 1353 3221
2748 3202
891 2081
1887 2532 2910
533 1784 1825 3514
48 3642
141 4400
195 2924
515 1508
383 432 832 3665 4031
479 2926 4108
2078 3275
91 95 108 239 998 2126 3086
500 2853 3037 3171
249 2162 3567 3901 4057 4099 4224
340 4102
881 1005 1285 1688 2664 4008
355 3074
123 1164 1770 2984 3824 4247
400 4082 4122
291 2494
1649 2189 2632
2992 3358
151 466 2457 3537
361 382 1409 1551
189 924 2433
729 1295
1226 2478
156 407 1998 2136 3361
1337 2225
153 1917 3890
569 1635 1683 2185 3158
231 3049 4052
689 1790 3543 3768
2086 2266 3673 4245 4293 4415
107 2508
1037 2438 3160
1161 1798
446 2072 4047
947 3052
116 2749
1248 2121 2132 2746 2915 3524
3220 3859
1306 2437 2985 3395
1398 2596 3073
716 1854 2315
157 1125 1163 1597 2170
3022 3600
520 1934
1859 2071
883 1229 4071
3560 4068
424 3393
449 853 2546 3515
2746 3503 4033
1910 1997 3796
429 2502
806 1667 2582 3137
743 990 2687 2841 2851 3845 4428
526 598 3432
1267 2130 3226 3773
219 491
1835 2304 3863
2937 4268
3147 3414
1604 1913
323 1026
2807 4031
2716 3001 3951
2881 3861
82 773 805 1738 4267
1622 1960
3237 3994
1807 2471
707 1895 3179 4374
3265 4291
1069 1085 1229 3136
1532 2637
1016 1686 2437
2775 4332
1731 3387 3470
626 3999 4396
469 2717 2850 3748
700 1434 1708 3583 4076
1253 2149 3288
804 2271 3665
2183 3322
1556 2111 2723
230 424
1937 3799 4089
1023 3555 4092
508 514 894 2779
2206 3046 3405 3663
807 2177 2611
1438 2922 3143 3644
1559 2230 3967
2166 2171 3084 3114 3197 3393 4159
480 499
3650 4121
2535 2588
1038 1140
1254 1266 4111
882 1840 3011
635 1347 2002
146 353 877
583 705 2318
1214 3713
729 3405 3885 3902 4148
1296 2787
137 296 1524 3884
45 576 2987
2390 2982 4398 4441
404 3255
453 2448 3327
434 3467
150 2750 4330
2375 2763
1254 1955 3140 3994 4414
1935 2733 4140
909 1716 1865 3528 4157
2440 3556 4358
626 2252 3231 3508
3002 3588 4332
2737 2771
2786 3610
605 1204 3729
860 1301
1908 3631 3988
202 1468
824 2559 2597 2609 3704
3440 3876
1774 2620 3541 4258
1091 2288
1704 1743
167 818 2441 2488
1740 2552 2706 2775 2851
563 1292 3333
842 3335 3499
337 616 1318 2030 3525 3651
1080 3926
885 2002
226 699 1377
270 3129 4280
539 1775
351 1761
415 2288 3797
2787 3029 4204
2127 2155 3429 3815
463 831
223 289
187 1540 3161
2435 3484
531 2426 3815
424 2521 3741
268 3461 4222
1657 3468 4032
738 1479 2080
72 4087 4275
548 853 1576
1069 2593 3902
237 1215 2829 3617
2364 3990
2139 3201
146 3016
237 3769 3807
1180 3672
1259 3173 4257
119 2096 2580 4233
557 1664
513 1120
524 4288
811 2378 2961 3552
310 3361 4426
3111 3508
2359 2457
2358 3633
2130 4184
400 795
449 2358
1380 1509 4019
2138 3064 4408
847 4321
304 2154 3434 3501
1073 4194 4201
846 3838
1407 2438 3931 4048
2525 3358 3780
1883 3541 3808
843 1035
3277 3658
262 414 561 2213 2776 3638
2552 2884 4434
1025 1449 2132 2374 3947 3992 4010
352 3912 3976
870 3632
844 1347 2069
285 1134 3276
2216 3977
1661 2756 4350
1339 2632
603 1191 3588 3615
2614 3927 3991
2263 2820
1735 3495 3724 4044
1971 3940 3993
2038 2912 3978
2291 2951
126 4083
101 2838
1713 1909
595 1976 4384
2488 3541
681 1338 1434 3945
1058 1939 2219
628 4102 4132
866 3139
1307 3862
1854 4009
1561 2824 3891 4070
1485 1866
3793 4103
87 2833
417 3054
440 2851 3056
2231 2482
1333 1485 1687 3861
1769 2662 3335 4264
1421 2760
1113 3556
251 520
246 3458
1483 3405
2601 4149
2133 2648 2969 3371 3780
1370 3263 4306
458 1254 1901 3088
473 1060 1829 1999 2126 3183 3525
2388 3388 4328
2146 3613
53 1202
2098 2791 2846 3475 3885 4229
1063 1758
148 2077 2593
1819 2639
1644 2966 3714 4276
495 1979 2550 3027 3382 4018
1533 2287 4053
1094 2653
54 1135
3329 4025
698 967 4146
817 1879 2475 2978 3073
1564 3311
1075 3178
2938 3204
491 523 582 2960
2382 2749 3509
436 3503
1080 1511 2717 2884 3754 4270
442 2136 3082 3205 3899
262 348 582 2996 3150 3672
1356 3087
3667 4295
1209 1322 3030
3184 3722
1384 1810 4134
1561 2859
80 231 2328 3150 3844
1053 4270
442 1598
2256 2527
2321 4283 4292
1966 2040 3206 3827 3953
3455 4072
305 4220
1362 4201
194 2266 2322 3252
332 3628
2141 4396
775 2450 2861
2147 2418 2737 4204
176 3130
1854 2287 3038 3234 3572 4023
828 2607 3806
3140 3586
586 1912
779 836 2018 2842 3781
1442 2170 3211 3309 3358
2175 2542 3419
3178 4090 4104
572 1685
52 1320 1573
3577 3979 4413
1366 1921 1950
459 2449
2217 3782
268 2056 2584 2838
1097 2416
1178 2065 2806
760 1398 3378 3625
457 1659 4277
1355 3477
2563 3794
768 1323 3720
884 3491 4170
134 1157 1437 2695 3742 3892 4341
674 1093
1946 2661
91 1209 4176
292 3967
2580 3957
2212 3267
780 1204 2504
3164 4289
1159 1560 3057
2590 3335 4161 4259 4343
441 3344 4113
916 1097 1165 1453 2333
768 2215 3149 3544 4268
2848 4401
794 4306
2064 3036 4300 4307
1738 2411 2566 4174
356 3572
362 1737 2040
221 4390
912 1454 3028 4077
561 563
2983 3338
3263 4288
3245 3427
2856 3112 4008
375 881 890 1372 3139
245 625
1613 1775 2395 2517 3554 3787
531 542
2991 4211
585 2080 3879 4199
878 2308 2933 4358
1311 2275
336 340
22 355 875 1566
256 973 1957
465 1483
2225 2602 3628 4169
211 2356
414 2648 3297
622 2688 3641 4411
49 386 969
504 1073 3087 3400 3714
2701 2846
3393 3951
321 3931
814 1797 3974
2516 3016 3249 3528
1183 3090 3388 4341
160 1206 2216 3265
1062 3554
360 895 2878
1363 2830
179 3634
1665 4176
1643 2301 3551 3576 3855 3986
14 1742 2406 2499
2161 4221
1792 2863 2933
1170 1205 2246
83 738 948 1437 2175 3235
35 642 2857
525 536 4170
1351 1754 3637 3919
354 369 1036 4097
167 544 3401
537 1390
161 817
149 1825 2094 3256 3260 4036
201 3000 4191
174 1473 1778 2758
1536 2699 2834 4247
760 1120 1447
234 2965
1011 1654
2928 3145
941 1674 3263
773 1063
1434 3703
54 127 641 914 2751
1753 2140
1867 2315 2539 2714 3535
1142 1801 3857
137 3737
618 1988 2576 3952
237 4293
37 517 933 1560
3049 3368
1290 1809
680 1259 2413 2561 2894 4161
670 3802
825 4195
1048 3682 4328
425 1694 3404
441 1083
3249 3606
1449 1852 2780
2075 2411 3436
134 1534 2284
1612 1623 3045
720 1885 3980
1108 1120 1255 2817 3058 4100
1424 2193 2671 3195 3222 4156 4263
989 1679 2898 4187
1097 1127 2121 2154 2973
1233 2037
726 1505 4104
770 2538 3546
1433 2433
903 2589 4389
670 1551 1668 1689
1995 2071 3021 3809
358 584 3450 3811
1650 2138 2492
3005 3591
642 2804
1153 1547 2898 3370 3741
1495 1879
1939 2880
920 1408 1669 2281
13 460 958 4203
923 3228 3700
2578 3586
2374 3641 3774
19 621 970 3849 3991 4068 4316 4413
674 2031 2075 4013
3016 3110
1304 4188
254 361 2113 2391 2554
1594 3851
79 1172 4404
296 1764 2257 2418
261 1900 2542 3950
1451 1708
481 547 2218
252 1171 2504 2505
160 1232 3277
621 2449
746 2650
764 3703
1264 2484 4081
2402 3159 3997
527 2205 2679
631 2658
2077 3789
277 1738 2004 3158
2015 2118 2818 3815
934 1248
1379 4122
1596 4030
1155 1764 2589
228 545 987 3377 4031
2051 2388
768 1904 2100 2881
1475 3001 3953 4342
118 2302 4033
2476 3989
2911 4021
2776 4099
825 2956 4390
697 1316 1886 2778 2991 3128 3524 3540 3638
2666 3056 4018
2787 2870 3273
3875 4213 4391
40 2303 3722 3935 4161
1705 2840 3698
2262 2421 4177
3319 3762
374 811 2869 2884 3565
119 196 3600
1352 2669 4426
1171 1849 3197 4012
109 824 3043 3203
2181 2615 4022
470 489 1164 2571
3186 3421
734 1105 3627
2197 2824
3243 3512
79 889 1930 3786
77 3258
1520 2050 4121
480 4135
870 1224
549 2220
1592 2660
691 3384
2839 3382 4218
821 2596
127 983 1722 2515 3022
639 4083
729 2176 3204
21 2067 2387
1906 1912 2427
246 2142 2802
831 1125 2525 3474
882 1670
483 1315 2323 4280
908 2054
1046 1799 2945
1734 2058 4305
308 345 2555
1277 1367 1496 2824
2539 3667
1573 2017 2311 2528
4242 4382
1565 1880
2148 2870 2921
323 2786
989 2718 3965 4308
1075 1607 2223
305 4331
3018 3154
205 239 352 1318 1942 2429 4191
1083 1846 1975 2298
1807 2855 3944
349 1547 1627 3146 3425
1867 2361 4180
652 1115 3298
282 4430
482 2943 3220
561 4324
650 736 2191 3676
701 2866 3437
1765 3372
2888 3271
72 1446 1945
2409 4214
1706 2110 2583 2734 4248
1701 3081
1750 3338 4305
2694 4252
1046 3642
1032 1443 2580 3985
405 1024 1089 3633
1649 4251
814 2378 2709 3974
330 3351 3586 3764 4253
518 1175 2818
801 3102 4360
569 2733
1433 2064
1694 4113
669 1193 2441 2610 4234
172 1210 1590 2540
1572 2102 2455
1871 4094
1465 1611 4097
1060 1256 2754
1424 3020 3347 4290
571 1399 2447 3090
1424 3748
539 751 1039 3975 4202
291 1419 3416
907 1829 2518
270 394 3951
1518 2873 4226
4414 4422
23 2774
2720 3687
442 3607 4287
769 1470 2000
452 785 2471
1107 2879 3224 3864
310 1227 3302 3721
308 1639 2349 2362 2430 4170
1996 2140 2163
2152 2807 2885 3024 3863
599 1274 1566
305 332 1796 2642 2765
169 2103 2684
1656 1782 3128 3539
104 1931 4094
190 259 2579 2941 2955 3203
1030 2848
976 2480 2482 2778
144 3593
813 2039 2228 3538
1529 1824 3763
469 1532 3150 3694
715 3334
1513 1895 2024 4411
3697 4317
615 796
648 3644 4050
217 872 1540 1790 2196
1790 3588 4149
525 598 2590 4342
131 1266 1526
116 866 1456 2629
3426 4406
932 3312
2481 2703 4125
485 1273 2404 2488 2827
1098 3603 3979 4338
2592 3692
1178 1744 2085
651 1598
1147 1723 3613
813 907 3399
12 4356
2601 3155
833 1955
2118 2792 3892 4185 4252
2188 3114
2075 3496
1590 2486
551 828 2332 2639 2722
155 2854
1269 1350 3075
6 892
2908 4217 4346
336 1758 3291 3379
785 2162 3791 4056
932 3935
126 479 1034 4404
2227 2743 4441
831 881 3471 3728
2837 3597
1285 1694 1800 2562 2856 3544
1345 2483 3342
2154 2633
1989 2379 2504
910 2158 2702
2598 3577
581 3037 3657
617 2873 3719
1801 1968
283 1331 2619 3829
2146 2305 3786
1135 1396
1827 2326 3666
1757 3146
1511 4158
118 1107 1204 4143 4186
1001 1996 2206 3444 3710
153 1263 2295 4429
57 3972
2023 3676
1267 3609
2457 2844
618 3005
245 709 3785 4282 4323
1858 2982 3949
784 833
242 1747
438 3177
794 3844
1671 1717 4136
646 1559 3297
1042 1755 3382 3588 3636 4122
1125 3698
1972 2217
734 1101 1592
297 1453 2077
799 1052 1559
1551 3405 4146 4250
1678 2044 3809
1336 2969
64 3625
3091 4188
1705 1931 2604
647 2671
3407 3628 3892
1 2995
964 1075 2976 3566 3883
109 152 368 2097
2211 3601 3766
508 3132
528 569 2782 2905 3111 3205
363 1087 4428
958 1263 2636 2767
1229 3139
3231 3332 3789
508 3088
2376 2781
3982 4044
2061 4106
1356 1510 2746
1534 4182
828 1975 4143
208 2910 4138
4018 4357
36 1704 2698
1786 2063 3675 3959
3597 4002
1263 2638
2041 2581 2627 2939
1837 2559
1305 1815 3864
4323 4390
926 4183 4202
517 1040 1777 2775 3985
752 2992
392 424 1077 1994 4004
1618 1752 2462 2940 4231
2415 3109
1251 3413
216 1483 2531
382 3715
772 2907 4398
1751 2091 2185 2228
445 1982 3246
212 3671
644 793 2614
1407 2583
6 1963 1992
1635 1671 4176 4270
2581 3479
2232 4243
292 689 1267 3691 4178
308 3166 3817
729 1117
2087 2931 3975 4000
13 721 1542 2331 3847
506 1418 1739 2276 4191 4428
959 2610 3439
1049 1217 3953 4007 4253
309 3145
537 615 1461 1806 3597 4156
356 3264 3294 3954
259 2506 2825
734 2289
540 962
2840 3159
710 1931 3283 3889
1473 1877 2224 3505 3582
544 3329
222 1127 2812
1444 2584
3312 3740
430 2360
293 3199 4329
399 1084 1692 2509 3550
155 431 1343
93 1493 2952 3754
154 1943 2205 3680 4061
1882 1978 3732
247 439 1514 2311
2673 2913 3634
103 288 527 1819 2684 3025
547 684 1687 4013
662 2083 2603
1550 2872
2073 2320
422 1492 2710 3400
866 1001 2071 3976
74 2627
274 1561 2481 2904 4324
2461 4254
304 3871
1624 2343
851 888 2366 3603
1514 4159
1357 3162 3336 4041
3358 4037
1596 2154
2209 3011
867 1544 2082 2490
3173 3609
2464 3003
969 2067 2236 2813 3065
1088 3644 3807
224 2621 2872 3791
1971 2632 3280 3783
906 1945 2688
529 659
2006 3521
841 1661
3084 3683
2807 4344
1389 1911 2243 2292
329 629 1468
598 1944
1596 3371
1267 2276 2955
432 1057
884 1303 1983 2589 3041 3765 3925
99 2522
761 1787 2310 4315
1860 2040 3069
148 428
1333 3742
3229 3722
3269 3636 3928
2247 2459 3973
2132 2240 3318
2056 3078 3972
808 1996 2051
1508 2974
1864 2050 2525
142 2590
1892 1903 3146
29 3726
603 948 1416 2132
3639 4325
179 1019 1636
435 993 1584 2350 3982
1264 2581
120 1206 1931 3390 3472 3598 3654
1115 2417 3914
3372 3555 3926 4412
401 1011 1769 2105 3601
402 562 2070 2208
1807 2733 3775
408 630 721 3899
179 1948 3837
841 1786 3393 3399
1821 3433
2065 2172 2221 3672 4004 4224
1781 3001
1339 2236 4339 4436
2739 2905
1995 3820 4034
1068 2388
1974 2172 2250 2617
1705 2595
764 1706 2628 2868 3184
1419 3063 3675
2652 4072
1627 2100 2310 2774 3942
404 1469
1075 2373 2501
715 3344
285 1423 2475 3638 4162
1617 2326
1509 2180 2185
159 857
283 1779 3869
1417 4169
3761 4123 4308
2889 4009
1943 3606
884 1218 2263 3094 4292
9 1153 1847 2735
37 3154
366 3562
123 1135 2072
3477 4040
382 1855 4202
773 2209 3778
1114 1465 1644 2311
118 2633 4309
354 864 3909
824 1208 1808 2128 3570
568 1365 2539
287 1610 1768 1806 2359
3043 3295
313 901 1329
208 410 4345
2824 3044 4059
1115 3914 3967 4324
2710 2828
1018 3355 3512
615 2899 3981
1965 2998 4142
747 3595 4353 4409
907 1343 2086 3773
1979 2827 3985
237 3339
1452 3320
734 832 2688
1144 2676
1390 2666
815 1015
532 3738
3218 3449 3525
1969 2488
876 989 2306 2851 4057
2430 2573
1570 2936 2998 3614
728 977 1439 3411
776 2096 2138 3411 3606
661 2196 2599 3750 4059
1665 1893
114 2020
866 3819 4148
1447 1934
2776 4333
1917 3100
87 427 3888
498 1772 3204
869 3820 4372
1465 2354
727 737 1472 2742
1992 2827
1262 2518 3542
1356 1359 1392
2849 3991
557 2008 2447 2828
595 1483 1624
478 805
963 3995
1795 2284
336 1852 2729
1839 2892
115 1795
2116 3230
1079 1200 2359 2370 2513
404 1056 2994 3450
591 1896 4031
1415 1463 1464 2899
236 265 2810 3838
811 929 2001 2307 2427 3174
1808 1964
1229 2592
556 3011 3402 3659 4420
435 3428
352 2746
129 3675
2572 3221
1302 3350
1340 2264 3133
152 2057 2286
3442 3446 3519
4120 4217
3649 4000
788 1698 2541
377 1429 3375 3789
260 363 2317 3749
280 531 861 2916
1447 3614 4074
1176 2044 2813 3874
2508 2635 3108 4075
1396 2040 2299 2368
548 550 1915 4192
579 1018 2197
1988 2439 2440 2685 3244 3709
108 867 1027 3554
1965 3552
378 1144 1210 1916 3504
245 3012 3501 3621
106 353 785 1698 3097 3206 3910
766 2858
713 1582 3037 3852
1300 2787
1791 3500
1310 2865
346 1547 3586
446 2247 4154 4303
589 1084
1493 2640
522 3313
3635 3688 4330
1296 2206 3483
1997 2328 4270
3031 3480 3878
185 976 1181
2370 2759 2773
1251 2609 4187
2429 2819
931 1809 3758 3989
142 3735 4302
614 1423
1662 1706 1803 2080
1175 3542 4009
410 568 1321 1951 2055 2502 3742
1779 3547 4031 4241 4243 4255
764 2004 2604
1921 2357 3065 3424 4399
383 1955 3674 3776
408 812 2498 3172
1225 1614 1969 2316 2396
188 276 4433
2015 3161
650 1197 2042 2075 2120
1192 1630 3261
455 1390 1974 3591
951 2434 3073
380 2561
134 1365
465 4398
261 931 2526 2589 4069 4188
2427 2537 4229
1650 2016 3040 3045 3176 4049
8 261 3670
555 2058
3137 4403
2474 3520
2512 3058 3392 3798 4089
1886 2214 3453 3470
1025 3071
1680 3725
116 1570 2288
130 1457 2406 3086 3296
294 824 966 1299 3416
450 1246
1081 2432 3583 4086
2494 3923
605 794 1817 2692 3789 3859
725 1133 1451
919 3057
3751 3931
1623 2662
75 2464
1193 3140
366 2582 3019
767 1080 2475 2709
38 465 1881 2602 3214 3313 3450
796 1027 1894 2932 3037
45 95 737 2297
932 999 3615
883 1572 2155
1751 2604 3907
1046 4224
2755 4246 4379
462 1234 1723 3517
2359 3570
2076 2247 3342 3503 4165
1000 1129
301 2539
283 796 3972
692 1964 4220 4345
738 2722
837 1564 4195
1089 2757
913 3732
2345 2784 3929
553 2146
1247 1517 1863
2277 2661
1212 1468 1883
527 2921
1590 3487
483 2105 3383
1752 1961 3469
1392 1538 1773 2087 3823
777 1885
1561 2243 3241
1902 4325
1316 3685 4333
1506 4249 4312
1117 2134 2885 3592 3973
838 2328 4184
105 1516 2861 3460
554 2317
305 3202 4136
43 1732 2570 3643
1195 1329 1377 3752
855 861 1816 2800 2860
211 401 1998 4404
211 1186 3643
1643 1695 2486 3591
1459 2720
37 1840 3678 3806
1657 2985 3988
62 339 1104 2327 3785 4280
121 1442 2058
1055 2488
477 661
455 1994
99 2607
3489 3684
1987 2370 2595 4056
215 716 3765 4319
2902 3737
523 2397
1434 1946 2552 2752 4336
182 1794 3848
1424 2076 2393 3913
492 1138 1753 2056 2701 2865
619 2173 3737
2889 4035
384 1862 2131
644 755
599 1153 3714 4433
1676 3652 3726
1348 2431
929 2985
785 1770 2616
633 1062 1979 2198 3975
1942 3721 4100
172 1378 2625
468 777 1278
226 671 2150 4416
1039 2597 2798 3443
3077 4093
1447 3455 3463
832 4066
1394 1422 2668 3252 3614 3994
116 3446 4078 4082
810 3949 3965
1105 1722
675 3306 3838
222 3600 3974
2332 3890
3290 3560 4288
1541 2583
1863 4118
309 986 3246 3737
3458 4062
1931 2352
2820 3538
2462 3673
324 3053
1360 2598 3517
1659 1812
2127 2181
405 1783
730 2275
3427 4235
1745 3653 3743
3110 3677
871 1159 1245 2955 4053
1511 2129 4392
3805 4296 4325
1902 4168
919 1152 1397 1927 2841
882 3498 3705
1112 1313
469 548
1384 1782
838 4303
1328 3799
380 4029 4259 4328
2165 2361 3612
327 366 503 1056 3781 3873
2129 4378
244 1176 3548
24 1430 2595
755 3439
80 3896
498 786
3638 4191
849 1374 1400 3826
2437 2485 3074 3725
391 1141 3098 4074
155 2790
562 1388 3229
893 1631 2709 2848 4409
3049 3231 4033 4189
1037 2004 3532
320 1010 3397 4387
356 3132
580 992 1941 1946 2212 3546
1721 2325 4092
13 119 634 820
976 1846
2251 3475 3482 3770 4108
1125 1437 2315 3239 3952 4433
537 780 986 1414 1834 3458
176 1197 1482
103 3807
1501 1725 1997 2576 3049 3135 3159 3999 4019
1570 2915 3361
1885 2433 3809
936 2289
402 1960 3782
1831 4413
45 515 705 2054 2714 2868 3446
786 4138
169 3163 4018
1452 2220 4392
881 1316 1366 4032
64 2984 4312
3468 3723 3785
2046 2824 2950 3695 4262
190 2771
1579 3294 4413
155 764 964 4130
1410 3891
373 2587
2881 3305 4061 4190
138 4231
1499 2941 4055
1388 3224 4061
753 2930 3405 3903
211 673 1523 1647 4016
1159 4042
187 934 3378
53 1114 3100 3585 3633 3783
279 1523 1600 2019 2707 3388 3589
1342 4058 4421
1462 1527 1682 2002 3328 4276
1277 2640 3276 4009
2062 2098
899 2485
629 2895 3288
9 1687 4267
3270 3438 3821
1037 2317
1181 1758 3358 4083
457 2145
1400 2283 3495
2542 4332
3892 4143
197 2087 4205
599 1018 2241
695 1817 2300 3429
794 2164 3620
3362 3438
1224 4015
177 1731 2833 2894 2994 4096
1717 2221
3558 4108
461 657 3305 3661
542 1021 1188 2221
67 983 1115 2502
2653 2732 2885
1893 3357 3370 3522
2524 3357
1861 2025 2079 2310 3171 3645
2227 3821
376 848 4043
1527 4166
741 1055 2770 2868 3817
3144 3716
394 3723 4169
1059 3098 3987
2332 2739
227 1142 2121
2728 3854
3002 3591
158 1409 2095 2391 3597 4128 4326
1233 2360 2449 2559 2704 3139 3589 4399
983 986 1786 3773 4355
88 3126
1879 2405 3565
689 3486
430 1255 2435 3506 3766
2586 4285
470 1824
2863 3730
30 254
1636 2292
3158 3351 3581 4355
173 2055 2525 4148
575 1527
743 1147
554 863 1175 4380
179 359 445 2097
3185 4071
4211 4314
1023 3579
1937 2215 2678 2729
1625 3853 4329
1008 1444
1994 2949
2439 3385
427 681 1141
1778 2324
182 2238
704 1395 3765
246 248 769 1550 3618
2686 2947 3819 4008
28 109 2174 2962 3245
1792 1967 2124 2411 2511 2870
959 4386
776 1516 2331 3484 3737 3773
2565 3678
136 493 1868 4107
322 327 1810
2456 3446 4076
1944 3240
245 1807 2520 3257 4056 4295
802 2660 3272 3966 4339 4441
1173 1698 4192
1860 2245 2258 2370
773 2412 2422
644 2034 2402
326 1421 1599 1721 2733 3624
1773 4172
1528 1909 2420 3946
2477 3206
1137 1188 1661 2412 2584 2652 3646 3762
1508 1795
225 745 964 1442 1723 2422
589 1091 1904 4165
73 135 1322
1602 2911
1535 4222
37 619 1531
3262 3960 4393
977 3739
1026 4116
1531 4146
915 3479
155 1220 1331 3560 3576
473 1436
1145 1762
3734 3966
656 3247
2246 3063 4243
1018 1387 3013 4248
223 628 2159
49 97 802 2445 3053 3767
569 1284 1894 3430 3709
416 891 1082 1718 1969 2684 3607
18 1290 4190
651 1854 3926
839 3172
872 1555 2289
434 1782
2027 3194
3030 3866
115 1993
152 2712 3423 3606 4190
1809 3271 3808
1805 3800
3461 4001
2586 3440
190 2563
263 1592 1974 2164 2743
205 832 1041 1761
375 3838 3843 4277
2325 2870 3335
174 618 1958 2856
988 2632 3770
1640 2134
2245 2662 4166
304 2909 3274 3401
132 555 1601 3966
3995 4406
274 908 1734 4256
104 1051 1805
932 2433
3120 3629 4415
2675 3789 4253
620 630 1671
993 2686
336 1771 1829 1952 2542 2622 3506
3531 4017
296 800 1262
2753 4361
805 1990 2746 4009
1644 3004
3821 4253
44 2647
1365 2127 3534 3935
748 1348 2717
117 1727
4074 4159
1151 3342
2115 2170
2998 3734 3870 4046
616 1248 2189 4250
1651 3780
778 3780
333 2638 4301
42 54 4389
1451 2412 3555
175 1147 1810 3171
2582 3422
2760 3456 3658
2004 2225 2483 2803
2294 2949 4406
771 910 4068
1213 3827 4269
1106 1418 3592 4193
4417 4431
227 949 4202
1565 2164
1677 3221 4364
803 1898 2875
1166 1677 2084 3123 4390
1038 2758
1401 2229 2790
2191 2449 3316 3416
996 2730 4315
2306 2976
518 2572 3482 3856
1388 2737 2800 3767
1743 2993 3063 3391
1200 1233 1584 2218
1511 2594
1232 2144 3274
660 2637 2976
3915 4187
19 3879 4303
789 1920 3063
2704 3267
575 924
750 3996
426 2058
218 3011
937 1128 1911 2462 3603
2496 2707 2992 3939
201 2703
969 1469 1780 3082
634 3894
1018 1601
1316 1671 3835
700 1261 1560 2899 3617
2049 2087 2143
386 2279 3475
1693 3578
935 1681 3826
519 1914 2326
1148 1177
2526 2989 3636
1157 1409
1196 2401 2860 3239 4052
284 437
1842 3335 4323
2614 4328
3 99
1371 3234
292 605 3740 4187
1572 2867
1034 1121 2364 3721
3099 3111
317 965
557 925 1281 3458
993 1194 4304
2153 2271 4117
819 1803
293 3791 4420
152 760
1234 3861 4145
2139 3102 3134
2580 3863
2140 3595 3691
158 413 2398 2495
2017 2683
2686 3999
192 574 1308 3021 3384
388 2426 3540
2413 2461 2807 3835
891 4256
28 529 530 1572 1586
1658 3021
2805 3143
141 1460 2151 2838 3104
1153 2917
375 1340 3736
402 721 1145 1234 1924
773 1311
1062 3910
1002 2063 2523 4233
506 1504
1673 2088 3489
136 2320 3763
261 2368 2428
1049 1717 1807 3442 4316
286 734 785 1770 2356 2467
1386 3109 4039
44 843 3748
851 1279
66 630
753 1424 3901 4298
652 865 3094
810 1409
401 1353 1466
2225 2534
1821 2468 3719 4325
280 424
71 1464
14 342
2071 2791
1757 2856
248 1990 2975
860 1726
2382 2475 3878
862 903 3501
3189 3742 4234 4407
1705 3211
102 1495 2733 3223
2099 2727
1225 4156 4190
1387 3888
2784 3513 4276
261 2029
771 899 2481 2957 4058
1174 2548
3116 3885 4117
1288 1959 2329 2500
1049 4052
3005 3484
612 1275 1664 2274
1343 1352 3281
1471 4103
1149 1196 2364 4085
2093 3746
2047 3369 3459
1279 4146
320 2752 3513
772 1813 2205 2602
1162 1231 2195
3012 3803
931 1203 2772
205 409 1339
1111 1658 3645
1735 1775
580 711 1753 3914
1147 1252 1352 2240
17 386 1522 3303 3406 3925 4146
2643 2925 3096
2233 3589 4043
397 1098
60 517 4395
273 4263
480 1358
2410 4424
7 2983 3981 4099
1929 3606
145 1484 1693 1922 2270 4373
4187 4362
2342 2859
29 4121
500 1750 3663 3756
1679 1736
3268 3643
811 2588 3552
1268 3381
274 460 2940 4203
697 1408 4344
454 3822
336 606 2052 2839 3478
653 2787 3570
524 626 984 2709 4174
533 2585 2749
2354 3417
1041 1997 3717
1282 2226 3092
320 2792
30 239 1407 1526
603 2432
1339 1662
735 1368 1689 2277
1095 1763
89 2685
2220 2749
552 1059 1261
3644 3730
75 1306 2134 4078
888 4230
805 1820
3827 4002
1395 2371 3664
2251 2882 3056 3149
680 1239 2643 3435
941 1509 1571 1771 4163
372 2599 4022 4313
1435 3588
92 1651 1892 2824 3349 3724
144 1046
3177 3242
283 646 2673 3325 3909
1666 2203 3639
4115 4131 4186
161 2861
3608 3935
1371 2854 2927
541 1721
1606 3883 4091
198 727 3163
35 3605
58 277 939 2267 4275
2356 3334
549 3256
1945 3086
248 1791
1471 1642 2331
643 3930
1340 2418 4298
2003 3752
1694 3713
1137 4010
171 1204 4152
1028 1080 1646 1687
1718 1824 2228 2927 2945
3512 3928
1536 1821 3810
105 1517 1979 2252 3915
179 331 1468 4170
655 1495 2168
595 2084
158 867 1336 3893 4379
662 1681 4024
420 3383 3548
149 785 1352 1791 4010
1331 2855 3856 4416
1542 1948
25 749
2917 3097 4233
1076 1495 3079
547 3152
1361 1948 3817
282 3328
803 1249 1503 1621 3243
817 895 3440 3753
359 1364 4230
1809 3387
1110 2225 3145
2634 4181
1222 1356 2384 2515 3466 3966
1548 2118 3442
621 3724
755 1895 4192
739 916 1504 2177
1378 3641
2664 3515 4038 4377
2667 4230
1931 2429
524 1101
1532 1543 1598 2260 4031
1413 2286
138 149 727 1672 2066 2630 3669
1056 2644 3011
689 1037 1937 3694
2140 3024
2110 2411
1523 1807 2492
2590 2699
460 1121 1890
201 460 1298 1323 4214
418 464 1994 4122
859 1333 2105 2669 3269
1625 1905 1921 3688
134 402 1395
1889 2375
1683 4397
2768 3021
1770 2212 2884
524 2861 3796
1731 3305
2719 3059
2764 3184 4149
2458 3313
205 2335 2827 3611
360 1060 1432
2508 4037
737 1187 3942
3559 3905
172 1023 1079 2525
546 3582 3822
358 1127 1874 3949
842 2991 3714
1013 2267
2007 2888 3598
2001 3943
3237 3471
2021 2597
1089 1871
923 1084 2048 2659 3493
1557 1884 2701 3280 3498
279 2097 3634
3390 4012
2771 3404 4287 4308
2754 2855 3829 4418
1110 1447
2772 2959 3021
2114 2718 4312
344 2066
63 814
957 3444
1204 2023
414 996 3668
205 996
2285 3563 3907 4327
3036 4023 4081
140 538 4349
991 2837 4433
3242 3940 3965
996 1999 2000 4004
738 1178 1648 2142 2394
388 2027 2294 3981 4181 4393
1030 1323
452 3208
713 1276
741 1522
1029 1031 1503
55 807 1091 1313 1654 2028 3641
511 1054
168 726 1688
3510 4363
1000 1851 3496 3902
797 1621 1896 2490 3376
1147 2519
724 3207 4095
278 1573 1821 3381
169 1460 1581 3674
520 1245
443 1076 2563
1874 2025 2548
117 1817
33 1365 3590 3598 4324
907 2883 4079
1164 1279
292 852 2570 3960 4163 4425
321 2524 2722 2877 4406
224 2452 3503 3591
1016 4193
59 1105 1959 2016 2931 3541
1409 1520 3523 4293
121 329 433
833 1899
741 2089 3933
722 927 2987 3178 3814 4139
1092 3903
1855 2334 3029
2888 2909
749 1677 3472
432 710 1887
893 3432 4017
1350 2189 3568
2138 4013
1442 2967
1744 1843
227 3704
239 2134
448 2614 4223
1880 2915 4127
2836 3602
2941 3545
592 2175 2584 2693 4034
1772 1975 4135
2427 3164
2973 3910
814 1325 1600 1680 1867
413 2620
1375 1844
470 1487 1741 2392
1797 2421 2618 4199
286 3309 3513
352 1031 3692
34 659 4413
655 895 1499 3996
802 915 1151
200 2636
250 1616 2351
2 3854
191 2314 2320 3187
217 1551 2826 4198
1163 1753 3783 4265
1643 2750 3734
695 1162 3092 3130 3134
539 3123 4426
631 2163
1110 1689 3376
209 2017 2052 3587 3618 4238
1416 2608
1943 2754 3723 4003
2904 3112 3270
764 998
1405 1460 3108
1123 3735
138 2549 2774 4353
1205 2704 3510
2936 4042 4095
941 1266 2359
1661 3767
1330 1847 2159 2633 3081 3171
3122 3705 4230
261 2724 3550
454 748 3203
2614 2870 3966
1201 3752
553 711 2164
695 3538
1364 1860 3249
457 3587
263 380 2493 2584
1143 2372 3486
2302 3142 3261
874 2093
392 1111 2061 3506 4103
195 1110 2456
3 1762
2840 3176
695 998 2053
864 1797 2243 4244
1845 3735 4425
6 425 2230 4033
672 2261 3517
1564 1808 2526 2798
2022 3992
2531 3815
3103 3823
893 2191 3059
118 697 2712 3576
291 1112 2456
49 596 999 2907 3147 4391
2122 3125
1308 3864
1099 3116
1300 2795 3713 3865
347 1294 4014
1065 3393 3997
807 3746
779 878 1791 1846
1275 3402 3650
2308 3494
2270 2876
406 2217 3745
1139 2313 3781
185 486 753
243 1895 3188 3484
592 2476
1589 3198 3749
426 2021 3938
393 2861 4215
952 2235
136 1396 2337 2377
1252 4423
790 3443 4247
810 1632 3319 3806
1337 2122
867 1337 3284 4352
2422 2729
608 726 1056 2193 4191
127 626 1337 3012
35 1473 3628
2512 3901 4357
2946 3290 4279 4329 4356
1098 1860 3099 3455
864 3339
2589 2657 3953
10 2407
550 989 2441 2488 3702
913 3369
2077 2947 3200 4421
417 3229
642 1078 1488 1685 2559
3060 4025
1790 3225 3929
1279 3410 3982 4055
1661 2536
284 1985 3840
1046 1984 2560 3311
1292 4131
824 1629 2277 3620
1698 2848 2987 3362 3630
628 1386 2126 3068 3416 4228
1594 4291
3940 4332
8 216 300 3669
79 2014 3180
40 1987 3688
906 1133 1148
456 1972
2608 3916
881 3377
64 551 630 1201 1643
2154 2270
226 1466 1489 3436
3629 3943
120 188 2434 3235 3950
1355 2570 3348
952 2053 3502 4338
691 2279 3597 4029
138 3377
1480 4287
548 3602
1128 1901
2295 2326 2738
2636 4042
1367 4121
946 1522 1650 1742 4238
222 1695
665 700 894 4004
1626 2500 2611
183 1286 3503
2129 3195 4284
588 1483 3056
339 3775 4279
1494 1848 3447
2023 2771 3700
2612 3507 3813
1119 3517 4376
1032 2894
767 1820 4045
92 2754
885 1780 2411 4092
499 2899 3238 4295
310 3963 4078
2118 3020
356 4081
431 574 2083 2851 3006
3491 3925 4416
374 1181 1773 2094 2737 2870 3346
149 1854 2583
806 923 2274
1181 2876
2669 4330
92 2784 3845
1296 4215
1313 1520 1691
178 1063
1897 3033 3724 4068 4139
2939 4223
17 2621
262 418
1752 3201
1880 2454
307 1214 1503 1526
1133 2372
123 438 1166
254 1584
629 3655
302 2120 2501
1213 1819 2908 3721
1786 2135 3943
935 1462 1881 3443
708 976 1290 1946 2383 3340 4355
241 2843
101 179 1002
2944 3379
977 1465
1602 3387
169 200 327 768 2293
4055 4250
105 3219
862 2637 2718 2898 3150
2637 3817
1700 4123
328 814 1819 3142
907 1932 2135 3691
742 4274 4365
246 3090 3584
401 2272 3794 3949 4405
129 2301 3024
1005 2182
2312 3064 3806
2302 2457 2530
223 434 2370 4373
597 1655 3472 4382
2876 3037 4379
1144 1373 1761 3434 4052 4362
154 691 2154 4310
2604 3172 3213
369 2734 3262 3454
132 447 3018
2230 3975
1727 3719
661 1459
1217 2492 2715
1234 1529 3774
1955 3932 4036 4284
1484 3416
2809 3682
68 4287
670 2545 3399
461 2308 2742 3572 3773
581 1784 4193
1103 2256 2853
1413 1418 2768
1943 3092
1336 2582
17 2820
1851 2738 3310 4068
2082 3336 4406
1204 1322 4079
2275 2290 2570 3942
731 1134 1551 2358
1398 3291 4260
351 1421 1528 3100 4110
1694 4428
249 885 2035
3255 3509 3708
493 3491
1881 2777 3609
240 1476 1657
79 581 632 1736 2092 4390
2398 3333
2036 3801
2326 3024
1224 1778 3062
2848 4212
867 1300 2166 2388 2864 4193
2621 2927
3618 4315
367 748 2592
676 2889
149 3474 3792
697 1689 3648
2044 2399
204 3591 3601
355 3037 3561
756 982
1517 2987 3430
501 3460
1925 2595 4402
2213 2224
1567 2227
2164 2181 2327 2367
679 3712
3004 3752 4098 4213
1560 1728 1768 3902 4333 4404
2778 2895
50 486 929 2534 3476
77 1257 3212 3473
473 1484 2506 2840 2905 3426 3885
399 2996
637 1832 2676
370 2927 4047
1484 1879 1910
278 896 4131
589 2411 3058
243 750 2059 2717
241 4402
1717 2354
1297 2154 4209
1422 2881
1983 4313
1757 2646 3197 3480 4022
2339 3803
847 2926
984 2260 3705
47 1905 2296 3539 3745 3788 4369
3755 4019
1497 1944 3748
2381 3550 4220
962 2558 3187
2767 3982
2145 2616
2034 3994 4116
512 2321
1372 1851
72 495
1283 2576 2897
1411 1483
3801 4293
770 1276 1627
1489 3201
762 1818 2948 3001
1227 2170
3443 3703 4086
1704 1708 2118 3365
315 2064 3826
335 1434 4097
313 642 2632 2707 2969
2143 3551
1758 3807
1022 2420 3411
1791 2036 3469
49 709 1436 2633
2808 3103 3359
747 1040 3433
800 1972 1979 2954 3125
226 277 2176 3243 3649
1003 1508 1982 2359 2616
2537 3433
420 925 3370
3664 4336
1372 1872 2283 3980
720 2077 2391 2677 4279
70 3424 4335
2193 2707
1006 1876 3494
434 1791 2264 3782 4210
418 1535
1215 2643 3092
681 1635 1994 3590
2662 3087
925 2709
34 1259 4262
1974 2350 2651
109 2640 3087
9 2212 2361 2447 3644 4213
2064 2204 3258
3153 3448
1208 1575 4347
1820 2535 4130
126 232 2933 4328
513 1155 2057 2505 2863 3953 4331
34 4056
721 2056
1976 4043
492 2581
78 300 1890 3748
144 2831 3150 4137
707 1983 2461 3290 3444 4091
3161 3555 3771 4166 4236 4291
79 726 765
1958 2394
987 1626
415 2244 3942
1547 1562 3689
555 2873 3499
2358 2572
1178 2890 4163
989 1202 3353 3436
3278 3740 3780
39 2409
1562 1595 3147
901 2306 3717 4091 4293
415 3732
67 4254
468 2815
1878 2921
601 4322
488 2449 3422
1843 2130 2715
11 1839 2240
38 419 2044 2658
2325 3534 3885
461 2330 3108
494 1382
2493 3181
2174 2633
935 1686 2608 3965 3991 4208
1489 2001
171 2580
214 3678 4325
3133 4217
134 1036
1264 4430
820 1032
323 766 1457 3389
557 2548
831 842 2869 3100
521 2180 3023
277 2423 2957 3120 3596
1901 3878
1460 1466 2984
297 1730
1706 3282
2535 3108
767 2742 3108
1290 3418 3640
1203 3020
2601 3492
360 3082
2165 3872
1973 3897
1030 1219
1077 1175 4192
528 2303 2607 3455 4086
445 777
1094 3672 4336
80 1633 1924 3029 3532
1486 1984 2426 2614 2773
1511 1840 2009 3201 3261
2508 4331
698 1879 3246 3910 4125
1662 3278
466 3082
308 518
1249 2481 2985
2340 3061
881 1369 1946 2611 3904
1323 1361 1823
1166 1575 2386
3391 4425
463 3558 4358
195 2514
81 1279 1506
2292 2460
227 3438
2607 3612
457 745 1063 2700 3336
309 1210 1287 1458
243 316 567 736 839 1017 1216
1069 1752 2501 4171
388 661 1038 1115
1325 1947 2759 3200 3383
1138 3120 3221 4397
1757 2988 3300
1117 2141 3540 3666
18 1070 1951 2268 2659
2671 4384
1602 3925 4194
3225 4386
3161 3622
527 1413 2539
1254 2768 4021
340 1868 2601 3253 4359
508 1154 1420 2656 3175
2456 3324 3376
3193 3998
2162 2994
2145 3265
184 1473 2754 3822
993 1242 1583 2568 2796 3457 3687 4172
323 1516 2016 3764
3776 4128
413 2658 3027 4299
608 2212 2784
219 1316 2022 2643 3149
453 2603 3385
265 3750
2180 2784
1561 3135 4120
2777 3024 3928
494 2705
3616 4100
725 1337 2178 3060 4411
1493 1852 2320 3109
516 1370 2375
83 3033
2012 3837
419 1060 1494 2813 3554
6 405 1558 3989
200 1372 2139
1183 3201 4316
1355 1455
1593 3519 3665
583 3181
100 682 800 1145 2938 3810 4118 4318
1329 2299 2449 2700 2848
1833 4017
748 1868 2243 4225
373 1691 2246 2853 3856 3990
46 2575 2985
77 2164 2915 3752
1738 2081 4310
1656 1999
471 851 1866
618 1537 2017
3381 4042
2598 4133
2703 3347 3898 3903
3686 4363
2465 3671
874 3260 3418
494 892 900 3744
807 1418
564 2989
69 3495 4123
2239 3783
1116 1570
1501 2154 2354 4183
2216 3197
409 486 769 1698 2062 2684 2978 4358 4404
429 3495
1948 3422 4184
781 2214 2475
798 1338
1450 1827 2409 2616
230 1852 2887
480 1285
315 1459 1552 1709 3688
1164 2542 3479
320 411
760 1546 3528
130 1090
1590 1808 2824
913 1372 3345
687 3338
563 4133
1223 4278
2315 3005
505 2372 2648 3812 4109
341 1827 3198
580 1520
1107 1357 1535 4215
500 540 692 3316 3733 4223
838 950 1185 1604 2858 3009 3664
353 4025
947 2726
506 1384
3060 3513 4406
2360 3097
336 1103 1739 2301 2433 3102 3559 3988
1411 1778 1845
1693 2303
148 2120 2452
639 2562 3100
263 1061 2690
987 2742 3346
761 1572 3911 4162
2497 2847
567 1208
37 81 2072 3131 3392
620 3020
2059 2224 2246 2626
1025 2577
2466 4279
2895 3013
384 2890
3077 3555
3058 4299
210 1014 1088 1961 4025
721 1097 1894
247 1759 3488 3739 3798
650 2981
56 74 1373
2851 2978 3961
471 2612 2634
1813 2390 2465 4015
790 1936 4135 4337
17 931 1986 3271 4306
195 197 1998 2182
894 2679 3797
136 912 2457
384 483 1785 3810
435 2494 2933
820 1085 3779
865 1241 2205 3540 3819
1408 2446
1457 2445 3587 4057
234 3676
608 3243 3399
845 4275 4376
250 910 1458 3528 3695
1813 3849
3202 4356
3207 3949 4415
1851 2562
1644 3173
524 3290 4186
685 1994 2078 2994
407 942 3200
18 135 629
888 2202 3338
1669 2792 3731 4139
1149 3609
1107 2037 3852
656 2444 3571
1712 2935 4206
492 1674 2124
3943 3955
8 741 2767 2814 3525
3168 4344
330 4261
1319 3970
468 1114
310 1124 4108
2678 4040
392 3498
119 174 501 1459 3320
3593 4366
1715 3418
777 2043
820 1492
1561 2912 4048
375 1130 3656
58 198 2292
735 3787
555 2696 2761 3228 4297
3114 3359
1110 2670
164 3042
1799 2671
316 1387 1389 1449
337 1722 4089
1501 2120 2839
1085 2117 3469 4126
2366 2743 3183
523 1105 1498
444 469 825
2462 3132 4185
589 1243
538 593 1895 2314
607 4268
213 276 1982
471 2866
1579 2390
1834 3377
2074 2706
1144 1243 2571
1141 1706 3509
598 2648
1911 2135 3316 4338
2275 3365
114 1308
472 655 1874 3012 3281
236 4346 4423
577 2678 2773
2835 3655
844 912 1206 3221
1370 1701
2091 2840 3204
516 1706 3907 4215
1448 2560 3556
3979 4006
112 1392 3304
2319 4163
1722 2060 2463 2649 4394
55 2443 4216
993 1517
1400 3523 3651 4023
2598 3068
461 2502 2874
93 3192 4331
1402 3860
1026 1637 4394
957 1311 4424
884 1476 1874
346 1205 4242
882 3000 3699
149 2232
326 477 2458
167 3262 3535
1568 3044
84 562
1227 2796 3643
92 2434 2518
69 1041 1364 3578 3924
1837 4409
817 1718 4275
2202 4214
165 290 1348
2183 2447
3113 3213
51 1311 3683 4130
1943 3929
771 1533 1559 2170 3896 4251
2002 3926
501 667 1993 4163
2094 2124 3198 3810
1609 2950
2185 2871
454 2458 3313
970 1529 1702 2701
98 1623
36 1542 1941 3171
18 863 2661 3170
2174 2491
777 786 2250 2512
472 724
60 757 789 2944
1777 2484 2826 4186
1060 1407
889 3528
314 2877
695 750 2302
143 661
893 3294 4027
373 1602
348 2417
3447 4144 4430
662 1813
2237 3821 3920
358 2169 2354
1710 2502 4240
1210 2637 3624
197 4325
436 3744 3758 4084
1663 3443
3218 3238 4278
555 1803 3023
1628 2719 3822
263 2300 2914 3762
1045 3389
562 821 4013
1728 1887 3999
1786 2036
19 705 936
49 967 3623 3754 3858 4176
1327 2894
293 997
1033 2136 3984 4316
1873 3785 4378
176 350 605 1849
3556 4309
364 1054 2400 2848
1284 1761
1096 1410 2095 2129
2422 3310
17 461 864 3703
834 1455
594 3086 3792
2046 2617
2046 3355 3514 3972
499 2965 3150 4193
782 1471
1135 2726 2756
1268 1309 3375 3791
983 3740
145 1431 3787
1329 3778
599 1951 2357
763 1545 2141
128 2295 3496
401 968 1240
144 705 3248 3852 3873
2103 3776
686 1234
2293 3755
942 2200 2571
983 1198 3379 3769
993 2299 2613 4095
2864 3470 3885
533 2104 3328 4078
661 1266 1789 3449 3743
287 678 1739 3532
425 2098 3840
298 2624
1614 2049 4215
2286 3628
197 455 1027 1377 2209 2781 2801 3320
1092 2107 2726
685 2747 3114
916 3237
181 2660 3704
392 1401 3584
1993 2061 2493
553 1856 3160 4128
79 117
1582 1645 2915
1666 3333
2280 2311 2571
2380 2549 2905
851 1105 1675
1699 3415
574 1336 2247
588 1482 1716 2484 3499 3983
451 697
3365 3584
752 3926
117 1227 2307
779 1049 2242 3554
1490 1855
2215 3369
523 1385
421 3823
51 189 1764 1832 3645 4017
475 1455 4275
2581 3169
4171 4308
2056 2439 3642
2652 3502 4410
1782 2142 3634 4429
2628 2718 3955 4322
1480 2267
1843 1970 2025 2353
3420 3613
1874 4142
2496 2657
2033 4117 4406
1441 3276 3940
282 688 1224
696 2028
568 3824
467 2316 2721 4353
459 498 1172 1472
2422 4115
666 683 2243 3920
1275 3166 3329
2954 3031 4413
1020 1254 2574 2677 3602 4165
1121 1789 3265 3506 3687
1557 2205 3077
1572 1597 3945
353 4246
1037 1222 4379
931 3907
82 2342 2574 2728
224 1265 3686 4263
1076 1929 2817 3208 3582
2031 2428 4319
1081 1895 2409
961 1631 3041
2046 2417 2956 3256 3306 4287
459 3853
337 2106 2564 2857
617 1769
394 757 2002
3255 3349
1527 2396
1406 2080 4204
299 648 1246 2564
585 856 3185 4420
3958 4067
920 2603
1164 1885 2952
1678 2573 3624 3925
2864 3502
3530 4017 4432
598 2459
2576 3071
2384 3959
369 1811 2211
168 1197 1915 1943 3538
771 1290 3081 3938
1098 2015
267 1243 4111
474 3890
1014 2006
307 2938
267 2706
1679 2347 3759
376 719 3899 4157
1361 1683 4226
3284 3289
169 187 2306 3098
539 1849 2272 3978
2435 3898 4355
3381 3982
669 774 2485 3031
1519 1635 2529
390 467 1661 2502 3740
3082 4312
2039 4329
2025 2440 2737
2133 2896 3599 3612
132 1333
2447 2490
563 619 1773
719 2882
1632 4259
1056 3741
90 3456 4213
701 2021 3861
78 1408 2176
1593 1768 2858
3061 3463 3832
1909 2209 4150
3719 4441
666 3252
141 503 1557 2811 2826
1198 1757 3770
736 2970 2976 3214 4022 4054
806 1062 1779 2653
1014 2009 3024 4330
3823 4056
862 2338 2781
1028 2927 3457 4335
136 370 3150
1751 3195 3828
103 615 840 2005
302 816 3406 3554
220 813 2344 2427 3311
3517 4023
1913 2739 3166 4245
1184 3480
3814 4343
2555 3870
806 1550 1672 2461 3538 3917
77 3624 3849
66 912 1131 2383 3001 4097
2722 2893
1286 1527 1835 2264 3180 3288 3441
1231 4436
819 1512
1852 2632
726 1290
1484 2798
911 1783 3171
2098 3139 4262
55 813 1736 3093
986 1524 3344 4291
1904 2152 3466
39 938
229 1900 2652 4196
376 3965
740 2001 2634 4301
1250 3951 4368
2221 2944 4415
546 2349 2841 3562
366 1039 1999 2378 2381
924 2108 2128 4279
1135 1243 2303 3693
3565 3942 4328
227 916 4423
3306 4335
553 1056 2342 4096 4311
2290 2390 2659
1587 3358
1746 3246
260 3000
3439 3873 4331
624 625 795 2444 3344 3995
1349 2908
1163 2899 3378
862 2653
2316 2377 4199
221 1419 2743 3202 3311 3519 3927 4416
528 4259
214 1531 2871 3240 3381 3474
1338 3666
1832 3491
521 3173 3663
393 1911
1588 2168
2801 3189
2831 3663
2049 2791 3739 4092
264 2349 4171
3609 3876
1294 3530
486 2597 3742
596 2448
3890 4202
1555 3079
2193 2734 3231
1316 1483 2892
243 3004 3127
2859 2993 4031 4240
1503 2600
356 3217
1491 2648
876 1999
148 666 2910 4379
1720 1762
213 2595
1038 3447 4003
234 902
788 1038 2743
1676 2382
2066 3067 3639
2233 4286
14 37 882 2820
1987 2458 3345 3982 4263 4338
786 851 3835 3953
1159 1994 3085
86 3086 3870
1542 1921 3295 3806
208 1923 2236 3786
1510 2421 2614
764 2470
3549 3948
595 1183 2549 3352
1997 2567
1218 2045 3717 4059
297 1977 3325 4134
2953 3318
1423 2065 3362
1327 1362 2536
178 383 3443 4309
557 989 2291 2704
338 426 2080 2599 3232
596 1206 1356 2648
300 513 2090
628 671 764 1437 1439
1030 1063 3352 3806 4323
986 1722 1870 2529 3137
1802 3391 3511 4293
740 1528 2241
369 3361 3599
2292 3003
1524 1677 3878
989 2479 3858
2186 3272 3740 4113
2142 2757
2035 2352 4426
92 1543 2700 3451
361 2408 3693
2088 3353 3981 4359
468 538 2305 3361
1166 1996 2337 4282
1098 1368 2180 4178
762 1832 2692 3236 4014
1907 3320
4417 4440
1968 3380 4065
97 569 1356 1659 3223
267 536 1961
1244 4108
1370 2689 3677 3856
1147 3555 4038
1618 2869 3868
611 1090 2806 3031
2028 3035
1232 3314
270 297 1756 4055
3477 3537 4375
2411 3263 3794
734 1625 3022
960 3823 4151
983 2999
53 621 889
1534 3763 3983
63 3792
1814 3665
539 1532 2444 3817 4170 4192 4389
1100 1791 4216
435 2323 2782 3671
2586 3593
1448 2325 4103
624 1742 2083 2185
442 831 2734 3112 3791
1749 2092 3369 3886
3479 3676 4158
390 966 2580
12 1541 2310 3790
163 238 2437
2459 2815 3465
348 780 866 1105 1838 2077
3395 3935
1005 1319 2017 3372 4412
72 965 2151
1610 1842 2784 2825
441 467 617 1228 2249 2635 3253
451 2967 3891 3953
2020 2646 3997
144 2184 2305
528 4363
3800 3822
2184 2683 3129 4064
1029 2091 2436
2197 3110 3359
676 893 1005 4276
607 1193 2690 2714 2822 2907
1632 1966 2133 3414
2053 3785
283 1522
479 1258 4371
1237 1329 3668
55 2033
784 3318
701 848 3033
2381 2615
2105 2156
1563 2336 2976 3830
913 1111 1988
368 1116 3582
736 1431
242 1722 3220 3373 3625 4194
255 1016 1018 1862 3421
1684 3016
55 1464 4415
734 2704 4004 4113
181 4186
960 1089 3238
750 1902
239 2829 3037
1614 2994 4335
1837 2638 2805
2497 4190
2669 3642
610 1049 3903 4343
146 455
600 1361 3629 3794
1437 1811 2869 3378
36 1711 1717 1760
777 2230 3732
1468 2486 2551
1037 1192 3083 4157
110 3320 3624
1055 4234
1024 2438
1550 2836
1340 2863
2937 3276 3599
705 1033 2731
2454 3476 4312
623 2611
903 1011 2216 4023
1422 1802 2214
1066 1093 2794
776 3500 4102
2983 3699
1372 4184
2761 2855
1862 3950
2944 4169
1107 1357 1954 3693
3321 3552
599 3335
113 727 1286
2857 4159
1488 2727 3166
104 3983 4154
1856 2588 3289 3308 3682
117 2607
1846 2912
1095 4174
640 1949 3076 3292
390 1465 3173 3285 4135
9 2652
2630 3396 4356
823 1134 2081 4234
3955 4321
376 2034 3272
212 1720 3311 4130 4379
220 615 984 3897
1318 1799 3716 4102
1589 1848 2373 2518 2916
1693 4062
1049 2958
767 4288
1134 2264 2946 3019 3612
1092 2374
1258 4378
466 2932 3975 4248
837 3395
711 903 1259 2393 3514
848 2214 2902 3445
3970 4081
1027 2095
655 1386 3108
519 2338
2328 2864 2984
2004 3016 4419
3 1493 3143 3246 3392 4304
2217 2257 4064
2979 3085
270 1393 2686 3570
1262 2070 3067
962 1289
91 244 1621 4039 4241 4353
1112 4019
442 2209 2642
1199 3082
80 2440 2893 4250
1105 3123
1291 2033 3019 3132
3096 3471 3489
63 2057 3617 3992
535 836 1238 1817 2999 4046
386 3256
1142 4094
3597 4369
2810 4199
1965 1983 2116
1487 1647 1808 2286
644 3300
11 847 4111 4135
3574 3663
392 534 4277
83 304
181 414 1342 1597 2758
405 2533 3291 3798
1330 3124 3213
1695 2473 3170
1759 3925
2545 3214
1097 1712 3773
2050 2063
4234 4302
2315 3276
3194 3588 3658 4347
1552 2429 3164
1135 2450 3513
4203 4309 4394
1581 3781
1594 1982 3322 3702
32 3620
209 880
1436 1473 2020 2714 3276
2218 3167 3291
2147 2634
293 1728 3088 3188
2165 3339 3488 3704 4111 4423
2506 3124 4212
59 1604 4296
3433 3969 4239
1476 1750
661 1972
1391 2917 3500 3831
4270 4336
1464 2436 2853 3753
1495 1965
1012 1149 1209 2635 3201
1366 3747
26 1262 1369 1550 3878
2481 3022 4003
3821 4251
1342 2414
810 948
1183 1263 2215 2753 3118 4028
1532 2669
858 2534
1211 3370 4113
1194 1752
96 2030 4187
3460 3903
136 439 1361 2581
1220 1339
1379 2825 4092
833 1071 1374 1528 2575
302 619 1045 2106 2487 3278
91 128 3278 3470
104 190 2920
864 3425
1185 1288 1324 2243 4262
626 1505 3363
1815 2684 4432
1399 1658
2200 2679
228 359 1411 1937
826 2335 2451 3723 4268
2907 3001 3743 4409
231 1784 2100 3941
3164 4018
2106 4061
1060 4330 4382
159 1171
1753 2378 3182
2419 2675 3633
947 2714
133 962
1997 3163 4174
392 1216
182 2594
1400 3211 4304
579 4246 4271
1861 2535 3020 3766 4248
2791 3324 3384
807 1195 1755
224 1093
160 2959 4392
21 1933
3057 3259
1623 2721 3048
398 1666 3959
198 637 1614 2918
546 564 1794 2715
136 1505 1999 3179
400 1242 1422
947 3494
2182 3338
33 543 683 2140 4289
166 1903 2009
2324 2944 4359
1337 1339 1367 2966 3736
282 1633
280 1750
1553 2073 4345
946 3112
836 2652 4416
1527 1969 4344
1458 1569
1357 3018 3471
2475 4172
1728 2976
73 1773 1858 1866
1980 4260
701 3469 3612 4038
144 2419
625 1562 2492 3497 3546
1534 2068 3304
3258 3374 3810
1289 1522 1843
2904 3114 3836
3667 3921
2261 3645
224 623 1510
1396 1877 3081 3242
766 2731 3396
3200 3606
1586 1596 4044
209 1715 1833 2151
483 2249 3325
594 620 4415
232 1620 2200 3906 4101
1165 3012 3645 4350
2133 2192 2938 3284
3954 4367
250 1715 2124
456 2058 4343
45 458 1358 2273
3086 4187
1817 2693 3478
1128 2906 3428 3565 4388
23 2337 4191
558 3917
2082 2140 2401 2671 2700
567 2034 2080
1268 1500 1740 2812 3415
652 3779
482 1794 2442
1170 1925 4001 4319
1433 1522
577 2324
1474 1507 3473
2597 3725 4063
1511 3031 4356
4216 4259
318 2861
195 386 950
452 3575 3708 4301 4397
1180 2244 2591
2365 2388
284 3886 4436
328 2969
2036 3148 4040
805 1871
1080 2154 2268 2420
1437 2109 3514 3724
150 310 1337 2968 4194
836 3559
254 2398 2846 3252
612 992 1436 2721 3460 3957
1387 3089
274 2738 3653
958 2714 3402
2452 2508 2856 3546 4428
864 2830
458 2233
2642 3332
2540 3779 4098
356 2967 3857
1604 2274
1824 4243
1562 2898 3469 4029
1251 2693
384 4299
58 4113
226 1714 2893 3091 3420
897 1372 1604 2456
911 2224 4358
2193 3523
2010 2992 3025
916 3110
135 2452 3859 4011
207 2273 2336 3195 4151
244 1656 2559
1073 2064 2226 2335
1471 1821
2155 2461 2475 3658
594 833 1000 2403
883 1077 2124 3657 3887
647 1356 3241
1343 3775
593 2739 4046 4189
164 3561 4090 4100 4290
1508 3478
2012 2731
3297 3848 4105
1903 2119 3798
3536 3926
2273 2551
697 1248 2408
2098 3891
1149 1920 2274 3916
241 1612 2199 2538 2614 4342
1210 2528 2675
1026 1176 2596
3738 4431
174 1388 2966
327 434 2989
638 3467
236 374 2065 2465 2572
3231 4228
1369 3132
2477 4339
638 1153 2732 2931 3145
908 1090 1229 1339 2137
1279 4423
1937 2817
928 1570 1915 4081
42 357 2783
793 2602 2684
1215 2071
1598 2766 3040 3934
206 2075 2926
1673 1728
184 1388 2894 3139
408 1471
2306 2611
2364 3921
165 3744
402 3160
615 3446
228 2974 3846
2809 4070
17 1890 1906
2496 2877
425 2647 3002 3011 3575
874 3559
1834 3173
3456 3727
1133 4081
720 1971 1986 2554 2693
1388 2885 3631
2235 3556
1601 2135 2813
878 2845 3358 3965
68 1713 3166
435 1523 2325 2695
114 1252 3454
475 3392
129 2241 3433 4109 4132
1319 1837 3897
160 2252
235 1432 1456 2649 2840 3494
108 3716 4282
388 3793
481 924 2628
257 286 3701
1380 2410 2482
1200 3995 4194
1721 1739
824 1314
527 951
303 4197
2420 2774 3757
2029 3028 3130
1345 1672 1685 3449
639 810 3151 3229 4000
361 827 1139
1823 1948 2403 2757 4201
1519 1723
752 3565
3203 3206 4271
1653 3751
1998 3343 3478
1293 3058
1205 1462
1777 1955 4383
3058 4002
421 697 3446
1091 1614 2590
1367 1775
2885 3989 4266
888 3824
473 1453 3610
618 2464 2711
2241 4185
62 2859 3112 4320
1704 2753
217 1217 2884
323 2314 3385 4044
1001 2138 3752 3993
931 2117 3426 3992
1077 3183
2661 2753
990 2763
1556 2631
14 989 1601 2596 4208
671 3567
134 156
961 1617 3512
555 1719 3104 3411
335 779
639 3021
295 2297
11 195 589 1896
2422 3255
3220 3715 3853
325 2192 3092
1795 1945 3653
2631 3850
51 734 1148 1752 2000 3544
387 1072 1091 2254
315 1357 2549 3283
305 1373 4355
798 1530 2065
71 237 2810 3341 3541 3951 4299
98 1380 3001 3884
693 2760 3343 4396
1836 1848
325 3724
1143 3214 3295
789 4353
944 1409 3505 3966
1681 2906 3881 4190
959 1197 1894 1944
74 3407
912 2850
475 3145 3434 4095
1338 2129 2845
1164 1590 2177
654 1911
2692 4041
3565 3908
2785 3176
1750 1755
327 3410
208 770 2759
1566 2526 3237 4209
29 2756
1552 1560
1695 3933
1660 2310 3505
1282 1317 2521
2268 3751 4245
211 2045 2100 2873 4267
1045 2276
314 527 1169 2418 3654
2833 3292
2149 4414
1076 1667 2925 2936
646 1219 1540 3545
813 2736 4199
916 1319 1442 2128 3395
4 2315 3577
1326 1672 1819
617 889
2123 2361
520 1234 2093
13 1069 1091 4398
1299 1897 2451 2708
1502 2138 3418
81 296 511
1781 1983 2732 2987 3614
1649 1884 3917
198 2507
436 539
531 855
752 3534
2629 3687
1433 1598 3856
326 890 3354
618 1099 2527 4197
1158 3085
1623 2554
1584 3715
807 2995
1586 2391 2876
676 1126 1225 2876 3390 4389
853 1723 4141
1964 2645 4041
1820 3025 3434 3826
24 2980
1943 4069
2126 2206
346 3290
1320 1327 1555 2462
384 1352
1860 3169
2002 4041
655 1749 2592
320 1903 2618
914 3602
581 1167 2709
647 1961 2421 2441
980 3312
1609 1740 3146
3073 3475
1021 1079 3613
2259 2603 4386
1051 1354 2117 2568
1037 1120 2413 2431 2465 2520 3115
3757 4430
1005 1423 2123 3620
507 2609 3675 4136
355 3121 3417 3427
1611 1649 2609 4003
2098 4440
2430 3703
942 1006 1296 2779
1724 4202
2166 3147
681 1020 2203 3638
2666 3017 4003
1932 4094
407 625 744 948 3189 3381 4149
266 267 4094
1510 2987 3671
1669 3139 3509
578 1455
1155 1557 3132 3178
118 1069
679 922 4118 4404
3544 4284
303 2286
3857 4229
489 1129 2054 3309
1336 1507
619 2046 2618
86 2072 2313
3429 3938
1172 1725
1769 3152
623 1613
938 1685
135 331 396 650 1601
1070 3313
274 3161
1575 2559 2965
942 1649
1139 1847
518 2324
689 3140
239 824 2222 3007 3118 4149
618 1809 2246 3700
1374 4364
916 3308 4322
2461 4027
452 1728 2597 2610 2758
112 376 3154 4121
1614 2698 3760
2629 3714 3848 4348
279 2553 3463 3506
1002 2768
1140 1708 4242
290 338
1365 1723 2605 3441 3628 3996 4295
62 2766
3309 4345
1362 1401
1740 2671
2108 3389 4245
4057 4296
577 2180 3126
1708 4024 4345
2531 2815
446 3881 4262
237 2882
1528 3755
64 3108 3753 4078
35 367
884 997 3840
437 1198 1890 2409 3476 4127
63 1014 1428 4043
794 2897
748 3403 4431
379 2038 3304
3456 4207
1478 1848 2515
3249 3469 3499
3133 3518
1362 1811 2036 2748 3506
357 3768 3808
1137 2272
1016 1040 1178 2664 3652 3777 3810
2667 3384 4414
348 1497
1541 1801
1472 3802
206 475 2662 2734
10 1348 4296
1736 1874 2402 2690 2791
1937 3411
246 1796 2387
1206 2457
689 3226 3862
2111 2653 2739 3613 4084
1492 3486
795 1584 2386 3950 4267
1125 2208 2622
2117 2454
34 893 1680
1598 3450
1054 1773 3801 4111
733 1572 3380 3754
205 1761 2421
582 2991
2203 2846
560 1355 1515 2226 2252 4202
795 2256 2443
2085 4297 4409
2106 3159 4418
1713 2076 3161
1325 1598 1823 1825 4013 4193
4230 4358
537 1444
3221 3270
1583 1955 2166 2180 3389 3421
577 2561 2858
1353 3774
14 1069 3270 3288 3905
592 792 1448
652 1967
574 3817
811 1098 1302
811 2191 4236
166 519 1367 3790
3424 4301
1897 1913 2424
2753 3730
1043 2799 3027
1134 1851 2206 2389 3140 4366
511 1104 1940 2534 3084 4418
361 4411
1360 1458 1713
2818 3555
45 1036 1096
161 2608 3820
1334 3189
1142 2687 3192 3690
34 239 817 1097 3575 4032
100 2075 3690
684 1067 1509
2723 3379
2337 3222 4430
713 1256 1606 2266 3148
1369 2429 2918 2985 3775 4040 4197
17 244 705 1291 1381
80 434 1685 3213 3232 3251 4041
841 2670 2827
166 287 1902 1998 2042 4373
684 3102
1889 2496
2268 4105 4143
3674 3724 4253
3936 4258
662 3759 4299
1920 1950 2233 2722 3988 4056
2035 2158 2509 3203
151 3151
3241 3497
1500 2882
855 2262
1055 1804 3387 3613
1160 1499
105 3680 3961
609 1090 1587
882 2372
1929 4112
1551 2747
839 4307
1124 1156 2932
36 1667
207 516 3212 3604
466 1251 4024
661 2114
2850 2966
49 3583
65 788 1569
374 1448 1839
2358 3401 3586
264 2448
18 1304 2183 3811
529 1409 1627
964 3691 4028
929 3417 3762
406 874 4071 4176
1472 2529
673 2769
1697 3858 4102
1662 2993 4345
1040 2381 2460
876 3876
1576 2430
2500 2837
1289 2753
2435 3927
1476 1719
2415 3186
481 2721
91 313 598 920 2267 4257
343 692 867 3400
442 1655 4118
2282 3028 3186
666 1570 3017 3978
963 1227 1631
1337 1866 2197 3140
1180 1912 4061 4331
260 1300 1617
1054 3040 3289
501 788 3224
3840 3972
1617 2846 4039
945 3301 4319
354 1676
132 1317 3369 3517 3864 4170
1327 3500 4240 4328
645 4185
125 2087 2140 4359
768 2829 3277
164 656 1103 3480 3703
2224 3741 4198 4370
684 1849 2408 4162
319 1724 2407 3525 3744
1416 1847 3705 3868
747 1352 2182
130 1536
892 1225 4006
557 1663 1960 2534 3008
210 2124 2325 2349 3233 3271
628 2265
945 1622
304 2257 4099
1342 2207 2966 3367 3918
843 2910
1288 1624 2236 3663
3094 3110 3158
567 1158 1437 3765
2464 3478
10 1319 4040
1924 3761
626 2331
2241 2324
3643 4414
3595 4066
2269 3056
2828 3020
2806 3182
3072 3204 3249 3713
1496 1880 3309
3008 3102 4438
1751 2501
1636 3366
3109 3620 3719 3967
100 1626 1691 3204 3738
1934 2964
114 393 724 3261 4393
498 730 2666 3362 3913
1441 3330
644 947 2226 2461 3539
6 272 4137
1727 1838 2014 3582
639 2201
2204 4378
2538 2674
696 1217 3225
2597 3820
3653 4203
66 2523
1218 2658 3517
874 4191
372 2956
264 291 3304 3719
1354 3192 3377
1504 3293
783 2040
2883 3118
2535 3383
1516 2389 2549 2665 2712
785 4246
142 865 3203 3325 3764
1050 1616 2235 4292
731 849 3230
1998 3867 4365
70 1339
1826 2066 3424
3079 3455
237 1659
3000 3591
1000 2493 2518
2632 3192
602 1200 2118 3314 4382
420 4291
2679 2966
473 2584
338 599 980 1688 1923 2938 3043
3240 3480 3601 3691 3908
2460 3531
1238 2871 3335
1004 3348
859 1625 1960 2165 3097 3229
356 546 625 2624
1773 2771
1641 2634 2781
2223 3322 3803
1138 1790 2521
797 2203 3143 3574
2130 2801
134 1450 2738 3048
268 1062
550 2749
3681 3878
320 675 4395
1988 2145 2988
351 2470
547 692 725
3057 4160
359 3502
1300 1605 1973 2017 4038
1430 2485 2609
1825 2491
401 3206 3471
466 3004 3558
764 1677
384 1253 3071
625 1945 2419
585 1184 2281 3062 3150 3658
1510 3478
2174 3467 3740 4086
267 1293 2214 4192
668 1682 2083 2574 3190 3707
215 2541 3259 4406
1955 2107 3623 4067
211 1482
93 2005
803 933 1181 1839 2416 3705 4204
1766 1996 3634
308 2559
1367 3586 3758
1190 1403 2310 2327 4434
214 585 655 1229 1989
2244 3945 4127
977 3742
1388 1633 2850 3102 3523
1775 3776 4393
139 1923 3819 4391
543 673 750 913 2832
2664 2934
3631 4260
143 1022 2200 2591 3067
3022 4367
1411 1759 3609
265 1370 1507
335 730 1850
1321 2458 2809
709 856
815 2273
1660 3546 3639 4040 4101
77 1026 1116 3878
329 373 3308
366 1423
2492 3208 3739 3835 3951
1513 1904 3543 4298
338 1464 3372
1344 1813
430 554 1426 3428
555 1317 2231 4270
516 1719 3425 3827
1093 2387 2427
744 3110 3672
2244 4409
139 330 1116 1169
10 2115 3158
3724 4118
1623 2755 3118 3274 3805 3888 3979
685 3329 3701 4012
3528 3593 4017
388 1473 1678 2881
705 874 1673 2348 4432
527 2822
843 3063
2191 4121 4192
3063 3385 3826
1360 1974
158 160 960 1059
692 1070 4153
2982 3699
1824 3875 4015
37 681 1559 3976
116 886 1782
386 2696 3458 4264 4276
849 2350 2570 3341 4246
3300 3588
470 3257
62 1031 1142 1706 1978 2348
501 2342 3529
2233 3714 3969
569 1078 1816 2782
626 2302 2330
3815 4217
226 1871 2382 3392
8 1416
296 2339 3574
129 3097 3618
498 2225 2545
1392 2367 3960
369 1151 2059 3422
2044 2686 3011
338 3097 4204 4379
285 2264
1005 1421
341 1436 3262
66 2388 3431 3575
965 1037 1205 2240 4091
1404 1489 4148 4222
2551 3509
1118 3665
146 151 1875
354 2771
1264 3171
1662 3901
591 2564
666 1583
1988 2083 3449
436 1929 2966
2545 4099
223 2868 3302
839 2664
2992 3279 3338
551 738
1431 1699 2807 4368
2427 3238
168 2635
484 1330 2088
45 448 548 2843 3807
3559 4248
629 656 1632 3178 3232 3654
245 2093 3736
3770 4302
506 3697
1205 2646 4177 4352
136 546
500 2902 3578 4075
819 3628
1303 4334
72 1080 2270
619 2147
1322 4049
1153 3259
515 2496
294 369 2343
2778 3069 3079 3701
1000 1793 3583 3923
947 1276 3942 4261
3007 3412 3993 4025
6 1889 2273
539 1254 1932 4345
632 1169 2762 4395
689 1731 3265
459 2656 3296
311 599 2537 4390
2570 3483 3920
543 3667 4088
1404 2639 2838 3516
1881 2297 3855 4135
1361 2068 2087 2097
275 1178 1975 2000 2177 3325
3232 3390
199 300 3500
488 858 1662
646 3823
510 3358
2770 2998
1198 1709 2941 3730
527 1741 2740 2944
1854 3842
1055 1686 2592 3980 4341
1331 1762 2484
1093 3583
328 1506 1514 1620
2716 3734
426 473 1107 3219 4258
515 3731
47 241
3317 3644
3822 4391
1900 2040 3270
1286 3502
1221 1721 2948
488 3304 3503
1533 1777
620 1524 1604 2603 3272
330 1059 3456
1340 2293 2894 4080
93 3595
154 1770 2181 2633 3372 4103
1597 2045 2133 2389
2115 3245 3429
774 2925
380 2984
1752 2249 3551 3873
171 2935 2973 3268 3828
3984 4432
1892 2408
61 1816
2021 3692
156 347 1068 2063 2084 3061
241 309 680 1145 3803
1222 2761
3022 3769
1716 2809
2331 2591 3399
662 1554 2083 2482 3111
150 2697 3784 3813 4081
568 3646 3658
246 1444 2020 2787
119 960
555 1645
655 1550
1241 1879
816 1124 1691 2646
1372 3169
1195 1945 3017
2445 3381
1624 4264
357 1715 3623 4386
403 1224 3098 3278
308 561 867 1840 3640
1704 1867
89 169 882 2687
214 2512
230 271 1018 1839 2635
961 2526
718 3079
2011 2576
770 798 3235
911 2296 3615
821 2373 2846 4009 4057 4412
652 1909
281 3444 4335
3413 3807
1916 1983 3709
2232 3001
795 2677 2709 4211
83 1442
186 1355 3147
1268 2584
642 3742
339 568 2949
45 1436 1754 4255
2071 2823 3130 4013
427 2729 4272
583 3428
285 1885 3928
2623 4129
249 335 2482
1117 1792 1963 3885
91 3931
965 974
2629 2963 3111
2143 2350 2469 2680
2495 2894 3423
2229 3458 3531
3111 3881
2259 2344
2471 2657
975 1953 3551 4060
47 4136
181 3276 3972
3950 4192
371 2921 4302
1040 2783 4064
1053 3391 3555 3772
469 1055 1932 2358
2107 2685 2877 3190 4261
497 1501
129 3362
786 936 4244
2380 3268 3693
111 2478 2860
1794 2107 3576
5 235 251 1230 2016 2217 2665
254 2405 2555
321 1258 4276
1076 3089 3754
717 1528 4290
1754 2718
3296 3514
2675 3924
1923 3973
851 1593 1725 1792 4063
1644 2872
415 783
446 2559 3667
2324 4009
829 1377 2351
2134 3151 3396
655 1658 1834 4284
110 1353 2337 2425 2857 3476 4169 4346 4427
1241 1901 3058 3609 4205
897 3273
293 2074 2893
3277 3488
1850 2438
3042 3923
827 3666
2320 2783 3247 4064 4179
1189 1650 2417 3470 3519 3608
191 1041 1745
580 1604
2326 3288
514 1177
633 3803 3886
2189 3738
1755 2766 3789
431 653 2447
357 753 3523 4338
2360 3471
470 1160 2471 4311 4416
512 3118 3388 3888
1860 2497
2025 2513 3973 4222
104 4024
576 1258
427 2368 3497 3843
472 1019
873 1547
2263 2991 4066 4103
66 2526 2691 3980
135 178 1556 4038 4201
244 4279
1822 2310
844 2051 3131
236 1035 1253 1719
457 606 1099 3709
1228 1246 1427
318 2244 2261 3735 3823
972 2203 3109
659 2086 3744
2535 3099 4387
1920 4268
3145 4143
49 165 1078 1331 2200 2840
2005 2141
3674 4218
341 780 3932
3077 4203
1556 3060 3147
306 331 1038 1304
1270 1867 2694
1198 2256 2531
1385 2239 2458 2764 3371 3444
2081 2115
537 675 2864
3482 3631 3675
359 821 3648
1349 3792 4166
1288 1981 3122
2574 3423 3638 3929
244 965
136 1614
1329 2348 3363 3442
1582 1689
1299 2132 2450 2596 2926
448 456 2792 3117 3313 3949 4137
2200 2368 2803
2023 3489
1626 2465 2620
323 2175 2381 3907 4422
1821 2433 4224
431 4250
703 3523 3572
20 4363
1316 2778 2834
575 898 1414 2788 2829 4255
964 2912
1493 1683 1930 3425
617 2322
1479 3620
2033 2458 2851 3081
350 1523
588 1879 2009 2226 3519 3846
1192 2455 2471 3194 3975
411 849 918 2735 3467 3922
893 1313 2278 3258 3450
448 1139 1691 3093 3318
128 679 1275 3393 4004
402 598 1329
1118 2061
1388 1666
2733 3607
155 3798
2915 3463
963 2469
2829 3886
3781 4012
2782 2896
520 2425
150 1151 2493
1298 1603 2909 3394
2946 3314
1656 2072 3875
1338 3466 3473
1010 1351 2179 2785
105 3052
2064 4075
2487 2643
1198 1559 2226
1952 2079 4024
2651 3573
629 3193 3322
1062 2153
625 2444 4185 4411
1401 3552
905 1130 1491 4251
2020 2476
1164 2427 4366
315 1409 2097 4258
2049 3337
1469 1803 3410
1904 3830
2181 3629
457 2075 2988
2143 3612
849 1910 2520 4217
584 2868 3496
17 82
359 1104 1482 2322
2368 2726
839 1885 4372
275 774 3939 4257
3154 3793 4038 4425
1723 3786 3839
1494 1781 4159 4208
3123 3838
1535 3870
1273 3392
89 1554 2314 2769
3130 3449 3490 4276
2392 2704
2073 3149
1350 3623
142 1813 3209 3277
907 2310
95 647 1354 1570 2552
2895 3905 4196
63 193 915 3898 4186
249 615 1594 2167 2658 3567 4312
799 1835 1985
1232 2228 2733 3744 4092
1507 1882
746 3900
133 3120
1396 1904
3514 3615
129 2356 3423 3442
1046 3497
293 570 805 862 1898 3732
1777 2952 3302
1490 2331
846 3212 3934
1980 2136 3069 3953
1519 3891
2043 2119 2208 2482
434 1090
2794 3283
961 1813 2397 2646 2737
846 3764 3903
2523 3039 3615
59 357 2058 2875 3769
1200 1926 3491 4251
1005 1389 3947
824 1530 4189
2711 2996 3377 4273
2692 4334
550 1533
2881 3529
1839 2236
457 1589 2140
2065 2838 3278 3395 3450
1972 3330 3332
2675 2957
1132 2133
519 817 1655
676 2787 3803
878 3879
1488 1704 2261 2875 4224
2001 3931
2 558 3725 4230
341 2783
1403 1538 2965
581 607 1374
1268 1910 1954
2585 3388
1413 4213
2153 2885
725 2412 3781
1275 2749
421 459 488 4191 4373
435 1877 2893
1025 1557 3314 4115
1185 3409
486 3150
581 3654
671 2267 3399 3746
479 621 2216
602 1483 2956 4319
1312 1719 3501
2681 3387
625 1090 1444 1618 3944 4235
125 2068 2980
156 2909 4392
2355 3380
947 2155 3333
160 2591 2806 3572
762 1540
141 263 500 989 2742 2852 3476
597 1416 1737 2029 3759 4358
601 1523 1586 2139 3303 3349
1215 3637 3775
858 1191 1195 2313 3825
2697 2832
104 289 520 1266
2988 3232
1373 2891 4339
11 3131 3202 3510
1434 1924 2380
191 3088 3333
787 4248
3069 3204
2281 3810 4164
3371 3575
1333 2356 4376
448 3808
1509 2389 2943
499 833 4152 4294
879 1923 2539 4052
1786 1990 2402
156 4013 4163
1835 2833
1114 1231 3363
414 1064 3355 3392 3907
1496 1504 2694
1709 2389 4247
455 1903
820 1487 2338 2501
240 807 4324
1684 3346 3835 4021
1090 3971
1867 2025 3097
2506 2662 4204
1517 2990 4323 4354
2277 2458
3475 4287
517 1012 2556 4233
2812 3540 3946
1495 1780
1102 1627 2541
776 2621
407 2009 3429 4027
421 692
836 2132
423 1592
61 1294 3652
143 294 448 3035
66 187 472 2147 2418 2576 3400
915 3331
933 2108
2143 2278 2759 3185 3575
738 833 3360 4316
262 373 3042 4316
312 3574
580 2037 3342 4435
1877 3079 3182 3586
346 612
3716 4125
389 459 1685 3187 4142
1193 2551 3674
1739 2360
587 750 3152
282 2322 3120 3382 3575
2806 3205 3535
2398 2448 3398 3574
1234 2952 3545
343 1063 3452 4137
3 119 3442 3812
3152 3976 4335
241 1859 2190 4366
567 1664
2577 2671
1371 3928 4392
1544 3062
746 2340 2834 3392 3828
2088 3270 3665 4195
2481 2933
2034 2909 3033
312 1126 1439 3223 4322
3773 3916
548 1635
3061 4090
317 771 1828
409 2937 3656
284 1274 2441
394 1451 1568 2713 2969 3836
1571 2959 4177
282 992 2403 2919 3863
1284 3124 4353
1815 2657
778 1803 3336
39 2815 3047
576 721 2274 2435 3181
998 1053 2381 3248 3416 3477
2616 3695
1749 4232
779 1976 2958 4027
659 2570 2700
796 1645
1462 2984 3241 3277 3816
160 585 1374 2168 4347
411 921 2974 2999
626 1569 3560 3743
2210 3210
1805 4413
315 2612 3447 4156
540 622
1679 2768 3526
124 1937 2271 2771 3467 4022
1319 1650 2585
1660 2029 3239 4208
11 1043 1575 1656 2327 2406
693 744 3039 4149
1194 1492 3511
367 4129
231 2674
721 1873 3591
572 1754 2958
40 1444 3130 3442 3678
1717 2639
1242 3675
34 413 1449 3195
1376 2230
1125 2991 4248
2212 3802
2667 3410
799 1137
87 499 2073
347 2559
1953 1980 3702 3882
2100 2923 4054
2078 2912
394 1930 3563
360 2584 3451 3539
405 415 1677 1802 4050
947 1287 3203
2989 3750
1403 2036 3541
358 2675
293 789 1243 2062 3872
2016 2123 2647 3417
96 1145 2808
339 2180
217 3258 3618
747 1036 3147
1790 1792 2268
182 504
1767 2017 3148
1809 2296 2452
735 994 2271 2381
553 3816 4404
193 1258 1718
63 72 1198 1694 4269
1095 3084
1024 1290 3371
50 1998 3388 4366
1622 2367 3027
481 1966 2832
3399 4221
95 282 4146
1081 2851 3332
2721 3188
953 2284
680 1242
777 1990
1143 1844 4317
1767 2829
3293 4220
769 2870 3852
740 1627 4099
64 3089 3104 3542 4129
387 470
2035 3222
1908 3213 3472 3820
1967 2984
128 2426 2452 3408 4094
1560 2855 2937 3562 3941
1207 1799
33 2275
885 1202
2591 3115
1205 2089 2834 4322
917 1497 1864 2899
1581 2963 4147
346 1633 2881 3841
3146 3268
314 4071
650 1635
411 3680 4243
1078 3544
1279 3471 4221
2137 2361
633 1220 3413 4024
2393 2405 3701
714 3548 3917 4278
1459 1689
200 617 624 3065 3697
920 1543 2810 4245
1176 3615
29 1164 2640 3134 4411
704 3972
1536 1672 2416 2742 3623
1384 3631 3657
80 2025 2751 3434
2138 3518 4121
2237 2372
1302 1887 2138 4201
881 1564 2448 4230
477 783 3532
704 1522 3089
1280 1283
756 1637 1803 2500 4431
739 1308 3021
1071 1501 2733
2440 2618 4022
347 1708 3503 4010 4137
1320 1383 1805 2586
244 571
312 1544 3322
248 2767
424 2470 2693
931 2743
1534 2210 4118
1112 3255
347 536
3263 3875
1031 1101 3643 4407
182 317 1729
318 3229
665 1394 3769
644 1196
481 902 3809
1434 2940 4347
243 528 1989
2374 3023 3535 3929
2284 3312
716 1866 2690
729 2595 4113
2493 4371
531 2585 3534 4227
1603 3791
47 2423 3338 4279
123 347 2712
819 2802 4214
1366 2958 3062 3211 3217
1396 1957
50 242 1311 2957
2540 2705
747 782 968 3971
1462 1831
241 2426 2471
1980 2872 4119
4075 4190
1795 2265
238 462 822 1021 1846 1868 2107
918 1175 1792 3010 3255
3057 3222
161 1767 2126 3806 4142
2008 3321
195 2958
1846 4267
782 1053
255 494 620 836 865
414 3468 4298
2414 3628
3203 3379 4308 4346
2396 2768 3081
650 2844 3202
342 1542 3895
3762 3951
167 4054
3071 3929 4139 4347
1142 1894
212 1200 1674 3822 4072
11 76 150 339 1011 3115
893 1127
262 1674 3470 3617
2283 2558 3839 4212
154 466 3669
66 225 1120 1960 2318
2222 3108 3537 4439
729 1171 2738
2490 3075
227 935 3910
1717 1903 3529
588 695
814 2612
2181 2571
2337 2342 2544 3125 3739
24 487 581 4173
1534 3789 4128
595 1492 2222 2461 3131 3274 3829 4105
1625 2138 4183
243 1296 2240 2918 3580
2295 3657
762 764 994
218 240 665 3281
2358 3088
2754 3255
1050 1593 2758 3404 4075
195 1093
68 1543 2270 2327 4090
48 107 1299 2651
1049 1652 2275 2648
1803 2177 2401
1156 3267
280 2249
523 933 978 2325 4329
270 2596 3655
441 925 1771 2357
1666 1767 2314 2870 3710 3995
824 1343 4311
1833 2018
2400 4147
1285 1783
276 1869 2738
246 2898 4191
1478 3162
118 1139
1644 3153
1248 2897 3570
1860 2759
2903 3471 3649 3938
1197 1523 1618 2099
965 3480 4253 4441
820 2351 2877 3710 4270
959 1363
3979 4404
1041 4277
634 4432
2417 2963
549 3744
244 1813
2815 3488 3823
69 310 1290 3417 3551
1900 2732
711 964 3620
1569 2014 3641
2709 4007
729 2643 3314
1814 2510
1821 4297
1042 3463
193 1674 3543 3733 3987
2231 2534 3308 3883
112 3241 3713 3926
927 979 3832 4002
402 975
960 2228
1047 1063 4382
2091 2292
736 3403
290 433 3223 3417 3581
1423 1716 1816 3024
3113 3824
2814 3662
916 1325 2208 2760 3529
420 1047 1919 2019 2971 3461
163 385
241 727 1882
430 582 1823
1155 3155
469 2783
636 997 3714
596 3319 3402
1654 1657
943 3818
674 962 3104
915 1014
207 468 3482
262 458 3901 4252
1054 3063 3929
1203 2311
92 745 4335
676 3872 4431
3537 3549
8 1030 3524 3717
981 1735 3172
622 1602 1641 2560 4075
564 1085 1175 1974 3894
1433 1462 2299 2871
446 911 3258
402 2295
820 2740
206 1574 3042
690 1493
3270 3958
1922 4365
78 1340
205 1611 3526
660 1939
511 3227
3520 4329
986 1571
296 1096 2931 3103 3524 4244
323 726 1472 3815
827 1468
2211 4389
926 1317 2600 3307
2742 4250
1522 3107
328 3431 4029
1050 1565
414 1449 1896 2881 4256
3090 3499 4149
983 1051 2061 3416 3551
5 303 2696 2754
1975 3938 4051
2114 3474
12 1214 1658 2133 3401 4003
279 2114 3936 4295
21 591 600
502 3284
1467 2535 3587
1095 1626 3926
781 831
3118 4334
60 138 754 2439 3761
1162 2393 2873
1581 2757
1151 4201
601 958 4295
1051 3875
374 602 1219 2008 3266 3325 3792
616 2856 3962 4377
171 2809
284 1450
1421 1709 2600 3793
172 1583 2352 4139
874 1181 1431
1059 2580 3483
2032 3612 3653
1134 1251 2631
1683 2282 3146
8 731 1144
952 1031
2162 2167 2319
240 2884
1641 1741 1775 3205
33 925 3602
1967 4042
3479 3648 3747
1311 4105
194 3293
659 1938 3173
328 2605 3291
2771 4264
1146 3478
91 691 799 3240 4260
1786 1992 2282 3620 3762
999 1005 3218
1323 3198
94 1390 1930 2810 2813
2228 2461 2473
2056 2776
2548 3783 3995 4057
316 465 1543 1881 2084
933 4129
506 2752 3670
60 821 1661 2248
1848 2278
2319 2988
729 761
1879 3545
103 2087 3079
2529 3949
164 1526 1824 2880 3292
2501 3290
3671 4097
109 4288
829 832 3599 3843
776 3418
280 1750 3935
2159 3904
116 990
1942 3912
1379 1718 2107 4324
2832 3678 3900
1374 1719 3070 3447
3568 3636
11 176 1862 2014 3580 4012
2643 4212
2247 2439 2988
317 478 1760 2722
1894 3268
533 3264 4161
2388 2398 2402 2557 3562 4188
2873 3034 3056
2982 4427
1343 1815 3883
612 693 3189
782 908 958 3976
985 2707
3124 3234
1650 3225 3389 3714
565 1708 4282
2338 3637 3722 3761 4361
424 3666
2984 3755
1827 2279
2612 2799 3206 3559
1667 1882
241 1738
83 3524
1373 2160
1043 1166
1147 3499
407 1801 4125 4369
55 169 1336 3473
148 1344 2977
2658 2998
791 4101
883 1458 2239 2325 4205
1024 3005
2075 3235
2320 3586
2269 3801 4057 4356
1119 2275
206 285 604
1915 2470 2488 3356 3358
157 1653 3301
13 2014 3262 3965
537 1103 2653 3165
3378 3605 4327
1703 2150
2928 3666
2775 3387
2649 2695
638 1107 3141
1428 2283 2857 3552 3604
1447 2307 2769 2826 2934
1398 2215 4005
97 1507 3652
302 3125 3485
218 1265 1842 1945 1988 2124 2364 2502 3297 3870
2654 3019 3317 3890
644 1133 2604
687 2260
449 1007 1824 4141
304 1455 2204 3557
1537 2601 2699 3048
941 2900 2965 3510
1943 1996 2992
542 1578
986 1329
95 1127
1982 4280
1512 1975 2525 2601
1686 2202 2548
2131 2729 4099
2008 4020
74 998 3214 3861
2056 2399 2581 2635 3245 3372 3725
650 984 2282
419 2494 3146 3881
584 2014 2147 3469
1161 1259 2755
1258 3157
827 2286 2636
102 1410
1535 3891
396 4025
355 2625 3077
1083 2494 2858 2899
400 549 2876
577 1312 3041 3315 3427
351 1355 4086
224 1971 3597 3691
877 2818 3222
61 1494
336 2108 2208
1746 2676
1466 1816 3154
2494 2523 4350
202 2848
1883 2117
197 3949
254 1845
2509 2698
331 3253 4288
847 848 902 1897 3697 3943
1011 1232 1519
1853 3127 4244 4320
554 888 2751
211 3572
504 1739 2118 3986
36 2297 2782 3722 4290
974 1036 1695 2308 3822
678 2399 2426 2477
1834 2114 3846
1306 2289 2616
109 142 1378 2305
2360 2512
1439 3883
126 2182 2775 3641
1044 1884 3668
1239 1397 2311 2369 4024
4233 4250
756 4256
1510 2122 3187 3453
1941 3795
3475 3627 3964
3659 3663
926 2748
217 1089 1121 1693
236 1730 3678
600 817 1257 2481 2489
84 2247 4165
215 486 1873 3083 3343
884 905 4137
1364 3263
725 3583 3713
272 405 636 3350
1159 2058 3369
1952 2329 2667
1481 2562 2592 2947
1721 2126 3470
963 4146
2570 2859 4163
333 935 1608 2036 4165
1248 2786 3217 4344
22 2354
166 2356 2642 3166
240 2056 3534
1338 1360 1458
1370 1915 3692 3697
1379 2865 3861
1456 3555
2153 3530 3849
1451 3321
396 1794 2687 3832 4347
147 1353 2846 4207
1302 2380
2194 4123 4291
3014 4389
125 1026 1796
3528 3821
1010 2189
353 4170
255 345 715 1204 1563 2996 3692
1920 4287
1668 3716
3221 3476 4082
1296 4101
18 304 1627 2409
3047 3113
3753 3831
1068 1615 1813 4143
497 736 968
404 1601
1138 4015
489 1178 1476 1574
1610 2114
1171 2604 2650
862 1945
45 2665 2885 3848
1053 1914 2678
1091 4408
1179 2947
251 1036 2805 3752
3537 4369
687 2878 3075 3436 3802
1982 2717
492 659
1064 3472
988 3530 3713
1500 3440
180 874 3344
627 1564 3772 3893 3973
865 2069 3040
230 489 1737 3578 4425
1507 2309 4059
673 1225 3077 3788
933 3783
88 135 1427 1731 2640 2973 3730
856 865 2569 2996 4441
3077 3346 4372
2753 2757 3301
984 2224 2875
620 664 1857 1868 4132
3449 3874
1292 1313 1938 3474
1045 1758 2205
122 1665
546 2476 2886 4003
2180 2551 2651 3042 3608
1171 1733 2369
191 1781 1893
436 2327
687 2092 2282 2878
408 4441
2448 2497 3113 3388
981 4252
421 707 3961
1415 3659
1985 2350 2357 2636 3624 3665
679 2038 2530 4104 4150
408 1128 1493 2185
704 3090
1112 2321 3217
243 249 3607 4329
938 4147
1464 2080 2823 2930
261 1186 2506
370 1458 3429 3711
574 1399 2083
1251 3996 4413
889 4095
449 1564
292 326 1588
732 1080 3800 4305 4432
2454 3063
1514 2670 3925
900 4362
186 527 2127 4386
3263 3580 3700
1951 3070 3188 3833 3967
801 1007 2816
1529 3887
4100 4149
165 1362 1503 2449
1461 1823 3115
193 1642 2072 2184 3440 4271
746 3451 3734
449 777 3812
3988 4105
401 1466
1627 2782
700 3122
1045 3674
72 560 2158 2897 3162 3254 3542
468 2288 4122
546 590
42 2429 2470
2575 2766 3485 3599
778 894 2224
20 858 2524 2652
2926 4211
828 1230 3947 4375
3753 4102
959 1385 2749
235 941 3153
461 1077 1149 1512 2864
150 2064 2690 2835
1461 2781 3385 3473 3996
542 1319 1400 1842 3584
2123 2259 4393
1100 2999 3305 3937
219 1213 3251 3348
1780 4089
963 2871
904 3116 3158 3780 3954
1070 2094
150 1367 2270
3495 4073
39 2485 3220
1728 2798 3322
864 2004 2288 3680 4434
1003 1475 2916 3182
276 2319
202 422
468 2256 3492 3915 4092
95 475 1002 1389 1918 1973 3178 4205
381 1206
878 2531
2433 3431 4153
3523 3820
799 4366
1304 3404 3826 4052
231 3397
1740 2667 4343
1299 2243 3262 4301
382 1417 2845 3230
1241 1301 3366
195 3534
796 1778
189 1288 1649
563 1311
1282 2831 4087
566 1264 4292
1928 3070
1262 2992 3420 3608
1330 2629
1713 3264 4131
1374 2394
399 483 1002 2560
186 653 1620 1654 3014
1639 2033
1916 2021 4157
890 2080 3059
442 1658 3299
551 2671 3242
2811 3523
104 851 1077
2071 2468 3893
809 829 2340 2375 2972 3711
1263 2008 3666 4338
980 3305 4054
856 1955
342 818 2990 4353
674 2185 3786
1946 2674 2737 3097 3694
1363 3996
1031 3097
315 1296
3031 3802
884 1940 3544
3153 3943 4001
2449 2631
141 292 1635
581 594 2488
1635 1985 2472
549 1512 2594 2833
1013 1079 2758 4046
104 160
1914 2009
170 2880 3886
141 206 539 3154
3019 4381
1584 1597 2111 3134
1712 4281
1789 2140 2904
2664 3388
736 2040 2209 2408 2475 2958 3478
213 594 600
1476 1541 2361 2484 3350 3826
15 3809
137 3878 4265
42 4170
353 1345
3501 4132
82 2773 2865 3296
506 1318 2188
650 1074 1966
2342 3113
1553 2386
309 971 1395
925 3343
521 2009 3584
286 1154 1340 3544 3553
1899 2785 3371
2508 2762
2355 2531 2581
2229 3428
720 4341
81 2819 4275
1587 3665
1799 3496
1313 2642 2905
1094 1954 2270 2402 3812
182 381 1636 1952
1254 1688 3667
144 3813
446 1910 2635 3344
19 1631 3505 3704
414 460 1397
2142 3905
1896 2255
3845 4285
275 608
495 1026 1638
549 1439 2039 2280 2676
2292 2396 2794 3854
495 753
1511 3529 3545 4087
4223 4250
1208 3513 4224
1796 1820
1529 1947 2602 3056
1123 3786
152 3131
76 365 1753 2952
106 1730 1960
2231 4273
375 2912 3660
117 200 3289
501 3183
3762 3816
891 1428 2496
353 3967
1584 1750
684 686
604 4223 4424
2321 3042 3184 4296
492 1163
1112 2596
1325 4107
625 4175
2093 4397 4437
1045 1220 1585 3273
1267 2799 4225
3429 3575
3025 3822 3925
187 1849 2904 3544
868 1427 1442 3200 4183
2141 3001 4263
838 2086 2296 2515 3409 3976 4383
3302 3569
608 712
219 1494
897 4302
155 979
381 2277
1045 2555 2909 3283
509 1269 1834 2116 2183 3336
2211 2534
2485 3417
676 1460 2469 3540 4254
1908 2941 3658 3782
749 1649 3897
570 683 2773 3025 3225
1049 1380 1884
78 375 1348 1990 2113 2166
871 1540
215 1623 1740 2402 4299
398 1483 1626 3645 3736
1851 2400
461 2409 4140
1330 2162 3519
268 440 514 3184
30 2464
219 1659 2392 3592
3357 3745
75 936 1443 1672
1623 1820 4132
1105 3159 3888
1572 2408 2822 3575
551 1797 2756 3407
3643 4196
458 1932 1998
1950 4435
1575 3104 3678 4073 4386
392 435 579 1430
540 1121 1564 2329 3022
828 835
547 2485
107 453 1262 1404 1408
2611 3243 3484
553 1011
112 1582
2201 2332
490 684 3331
243 310 2645 3829
95 1609
656 684 3922
155 963 2130
239 305 3320 3705
35 2993 3134 4140
3298 3309
585 3224 3561
2957 3418
2184 3030 3209 4352
878 1681 3987
184 2955
285 1631 2204
1736 3484
143 1727 1921
357 788 1541
185 2332 3502 4325
129 285 665 930 4352
1501 1689 3880 3921
2364 3399
864 1544 2270 3153 4292
179 294 2643
193 1694
2191 2431
262 1139 1480
181 1196 1718
2259 2323 3804
80 176 779 2012 3414
1428 3519
2972 3979
454 3901
1478 2361
911 934
1872 4103
122 1518
210 1299
972 3762 3910 4295
2385 3478 3692
758 1885 2714 3949
3763 4043
1967 2171
1985 2126
696 3667
1053 1506
530 847 2078
99 515 2153 3198 3319
1815 3984
2079 3962
729 2759
1086 1904 2754 3829 3905
805 4147
419 1268 2692
184 255 1305
3289 3691
315 2380 2872 3826 3993
781 1848 3807
415 2686 3584
73 885 1704 2513 3410
3267 3986
258 2082
411 940 1335 2528 3671
265 667
700 796 2117 2495 3977
499 2601
675 1497 2145
732 1199 2515 4049
1167 4119
440 2284 2767 4219
110 1319 2445 2657
565 582 4278
1344 1941
902 1394 3279
1125 2838
2455 2863 3577
111 391 2959 3213
2391 3705
1357 1973 2573
299 3709
813 1516 3183
1741 2218
216 623 1520
606 723 1619 3063 3243
851 4358
2436 3446
2928 2956 3491
2873 3628
2233 2397 4016 4259
1924 3417 3807
1533 2552
194 1225 2316 2860 4169
1590 1871
1448 1763 2760 2880 3963
473 569 1544 2709 4215
164 3278
184 1832 3447
1970 3104
1822 2152 3624
231 421 1745 2984 4166
2430 2457 3066
1309 3546
1515 1586 3243 3641
1930 2484 2935 4204 4275
1481 2050
2775 4081 4220
1802 4084
60 3851 4238 4377
2464 4209
123 455
1407 2296
242 743 1895
2638 3964
323 3344
2204 3233
1243 2157 2541
1745 2912 3643 3786 4152
2157 2339
65 347 1132 1603 3796
74 1068 1816 3895
357 1243 1282 2768
329 1268 2394 3142
2855 3568 3650
1149 1890 4336
1119 1332 1840
165 704 1716
1920 2444 2810
1429 2429 2543 3104
466 2938
3967 4053
567 1730 1749 2840 3088
1593 3798
242 1545 2610
1331 3402 3843
2739 3091
1386 1687 2687
713 735
268 735 1443 2041
1000 2256 2986 4391
910 977 2341
3500 3734
1208 1257
964 1704 2870 3726
750 1667 3159 4045 4205 4234
387 776 1113 1545 2770 3012
75 794 2873
3156 3337
2826 4303
2268 3698
1496 3489
395 771 1686 2260 3048 3589
1267 1460 1634
42 666 2751
222 2118
1004 2611 3052 4114
1266 1880
968 4125
2021 3756
192 336 2889 4015
348 2509 3763
1979 2218
484 3216
2393 3090 3980 4376
2255 3839
80 1603 1713 2091 4103
692 3436
376 2288 4301
1968 2033 2252
598 3161 3870
1334 2224 3331 3713 4412
1471 4232
1541 2547 2655 2678 3338
5 1338 2798 3692
586 1835 2398 4067
253 978
538 2356 3121 3741
2560 3256
283 670 2123 4220
132 2692 3943 4115
859 1174 4197
411 499 503
36 1887 2799
931 2349 4044
292 2429 3982
430 2167
1099 2592 3073 3702 4423
1265 2023 2369
1047 2021 2050
366 592 3344
2386 4066 4394
1472 3184 3359 4240
838 1308 2689
583 664 2712
584 3145 4258 4264
559 887 1472 1685 3653
2065 2573 2652
216 2725 3332 3709
388 3110 3991
1122 3344
2256 3185
1136 1873 2549 2667
3535 4005
961 1645 2777 3184 3811 3927
1888 3017 3199 3224 3733
459 873
1797 2177 2515
160 4159
798 1518 3672
196 768 1455 3179
1036 2878
773 2077
736 1266
2062 2900 4147
1843 2889 3926 4165 4184
1568 3106 3868
185 990
293 2756 3385
378 3217 3511 3581
1559 1760
1106 2382
404 2484 4353
735 2315 2596 3154
1401 2956 4370
2186 3732 3797
1985 3482 3782
1437 2676 4161
194 947 1872 3851 4183
678 1084 3401
1682 3576 3825
589 2087
704 2105
2974 3487
2208 3625
437 3929
1297 3324 4187
1097 3706 3876 3968 4194
153 3325
980 1697 1754
446 4047
75 4350 4431
33 869
498 874 903 1308 1561 3058
2123 3483
607 1789 3532
1072 3613
213 946 2606
1493 2978
228 1894
1745 2231
1789 3037 4195
831 847 2158 3250
108 1021 1318 2090 2602 3767
56 3369
1796 1913 3339 3471 4205
2950 4033 4073
1658 1725
3325 3387 3915
355 2311
603 1890 4255
724 2392
562 2916
1069 3472 4007
425 2765 3141 4341
687 1342
1997 4024
3075 4182 4257
1565 2686 3371
865 1275 1680 3197
352 2969
2054 2939 3321 3372
469 1145 3354
258 3401
771 3216
663 2155 3307 4281
1219 1333
2617 2657 2783
181 366 2460 3205
1938 2422 3533
73 1166 3273 3895
3180 4302
711 2081 2638 2967 3103
3 4322
586 1721 2284 3792
2037 3260
384 395 1489 1795 2207
2146 3257
1790 1830 3225 3265 3304 3346
2426 3214 3641
1254 1687 3134
260 1283
1327 4159
1808 3725
592 1175 1840
312 410 3407
1755 1818 2289
1558 4129 4176
2631 4107 4395
335 2731
63 1231 2991
784 1387 2992
3743 4306
1867 3035
2145 3045
259 1935
2123 2809 3310 4401
1902 3728
2563 4124
1024 4259 4351
227 807 2035 2378
1479 1923
2004 3409
580 700 1843 2465
1340 3299 3879
490 3762
853 937 2159
151 1871 4013 4032
269 3228 4048
1932 4239
512 1431
1859 4261
1180 1676 2356
1478 2897 3510 3534 3928
392 1767
203 1248 2735
5 920 2497 2528 3892
2863 4416
4172 4297
394 1881
1272 2071 4340
465 1819 1997 4177
928 1789 3211 3674
37 727 2852
1057 1317 1323 1785 1996 2431 3335
1149 1707 4135
2537 2987 4037
9 2796
1378 2672 3169 3721
207 2476
28 419
1412 3657 4037
92 1625
602 1617
925 1196 2433
2134 3386
1524 2374
436 498 2624 2981 3541
496 678 1930
31 2779 3826 3930
266 3252
1416 1435
210 2375
122 2753
118 1255 2367 3942
613 1403 3283 3984
617 1097 2229
174 239 1299 1808 4215
469 472 1592 3630
1514 3184 3765
1272 2287
465 1676 4197
2868 3848
10 345 3381 3598 3898
2 698 1248
1155 3071 3401
717 3274
2061 2450 2545 4366
103 257 2117
90 1065 1792 2493 2644 3556
1007 1424 2797
1009 1749 2227
2076 4385
102 126 223 1211
53 2258 3084
1179 1523 2305 3674
746 1255 2990 3133 4330
460 1717 3173
253 2188 2282 2762 4386
2470 2838 3198 3208
907 1562 1581 3459 4090
910 2187 2729 3728
412 2842 3561
721 759
1365 2715
504 551 1651 2441
1379 2684
1137 3004 4134
2152 4152
126 913
741 3536 3899
504 1877
2283 2389 2921 4102
81 1302
841 1975 2496 3116
809 3158 3309 3904
2735 4330
678 3724
2380 3232
794 1553 2875 3552 4354
654 1159 3329
2862 2927 3739
2698 3264
1363 2134 2631 3743
483 3660
496 1040
455 687 1047 3578
3364 3814 4355
945 1331 1571 1921
570 1030 1230 1657 2237 2546 3080 4103
2689 3019 3075 3594 3751
2690 3190 3293
1308 2328
1268 1902
88 2877 3004
1917 3709
884 1672 2060 3048 4088
318 3051 3095
355 2507
1327 2524
64 98 148 3283 3564
468 1248 3532 4397
1932 3007
152 420
2840 3348 4391
1302 1795
870 1809
726 872 1723 4387
547 3797
769 1740 1909 4192 4352
3160 4416
184 382 2959 3700
1175 3827 4137
3098 3493
1568 3400
120 711 2129 4289
1500 1585 2887
803 1079 2452 2643 4063
3187 3904
1709 2373
783 1915 2667
53 2316 4136
3110 3253
3123 3428 4423
969 2276 4082
1139 2937
88 3077 3086
903 1401 3217
255 3048 3159
577 721 2653
1194 1826
1583 3483
1034 1063 1130 1759 1781
441 4005
2020 3748
149 1070 2743 3171
996 3793 4241
401 2678
1043 2942
628 1881 2208 2751 4271
81 1124 1827 1951 2176
449 2110
1371 2355 3688
421 426 560 910 1054 3011 3239 3721 4430
420 4345
374 576 1583 2083 3139 4365
399 649 830 1445 1921 2591 4338
1007 1672 2000 2588 3109 3329 4014
1167 4293
16 1622 3908 4116
2129 2551
145 1396 1565
370 1548 3938
933 4264
3888 4238
1880 2006 2351 3151
381 463 1500 1507 1610 2346 4346
1383 4088
1915 2898
586 3351
954 2435 3183 4233
171 394 936 1284 1971 4284
1900 2028 2204
803 1547
154 3407
536 1943
3144 4054 4178
1962 2677 2874 3592
586 2765 3653 4135
4 2122
1092 1625 1916 2111
1028 2194 2662
6 2220
65 3848
599 1708 3962
811 2018 3463
162 924 1433 1898
675 3565
822 1417 2495 3505
1644 1796
3187 3348
1310 2867 4224
2368 2532 3337 4343
1753 3200 3290 3973
1771 3932
2410 4060
1349 3250 4175
1908 3936
252 1386 2081 2225
881 2216 2438
102 1103
1087 4397
1011 1352 3017
641 3783 4196 4298
369 1000 2712
911 990
550 1500 2380 3815
3204 4266
261 1880 3473
8 895 3811
681 2115 2420 3819
240 3145
793 1130 1279 2801
1540 4267
1196 2311 4261
1196 1404 1987 2234
869 1792 3246
438 2406 3679
870 1654 2031 2364
1946 2296
1416 2435
991 2500 2831 3675 4026
430 1163 2014 4157
1365 2562
537 1021
3036 3679
1275 1542
283 1520 2535 2675 3700 3791
847 1974 2785 3997
319 1992 3287
176 2317 2832
477 2225 3253
5 2871 3075
169 1292 1460
772 1724 1796 2781
1637 1994 3561
3910 4161
3512 4258
121 1404 2825 4185
1530 1552
732 738 1235 2905
998 1060 2826 2995
1059 1413
826 2382
615 1439
466 2755 2820 3613
3532 3684
1489 2584
138 2139 2320 3120
695 1811 3011
472 1732 1754 3647
1123 3517 3673
328 1935
426 3359
1249 1309 3026 3563
1351 4316
99 1051 1326 2095
1929 2084 3109
549 825 1094 1301 1594 1731 2562
1934 2167 2229
2042 2166 3013
190 926 3223
1658 3751
550 767 2278 2328 3081
1093 2888 3474
2212 4228
501 705 965
1934 3486
79 2354
242 3973
170 2524 2549 2590 3561
396 1860 4125
578 2564 2878 3556 4089
2349 3864
237 482 2068 2722
91 151
1034 3590 4062
3300 3733
453 3086
1115 2576 2636 3036
2589 4183 4206
60 365 2551 3159
3046 3449 4389
317 432 3245
2804 4007
2452 2746 4415
1045 1960 3537
104 152 288 1847
48 271 956
467 1097 2755
658 3631
1115 1552
313 1516 4053 4391
3205 4000
1430 2804
1895 2121
677 1510 2002 2587 3218 3861
793 2756
825 1277 1380 3755 3813 4241 4303
445 767
1556 3109
129 967
1562 2971 3281 4038
2606 3222 3353
2150 2380 3040
1303 2546 2757 3323 3887
1539 3482 4197
1896 2689 3671
2436 2834
1267 2541 4237
2700 4000
1668 2132 2432
1610 3463
3169 4052
601 2492 2898
2391 3599
776 1890 3032
892 1634
1229 1374 2050
974 3071
2732 2897
2261 2289 3687 4195
2704 4036
1790 2646 2713
1677 3867
662 3275 4217
1298 2066
3185 3960
3027 3086 3092
639 2214 3702 3772
1544 2892 3727
320 383 2644
186 2357 2493 3419
1361 2284 2289 3754
2319 2958
1805 2284 3957
612 1955 2424
45 84 2076 3308
1469 3699
1880 2824 3763 4244
2211 3723
176 1218 4259
694 1480 4230
1257 3921
1304 2215 2389 2441
269 4187
3466 4238
63 1806 3320
1352 1937 3066 3275 3400 4373
1440 3582 4111
1855 4272
929 985 1037 1740 3581
1758 4243
394 3332 4105
521 1403
302 2115
1176 1201 1348 3322
1166 1676 2974 3371 3998
217 2745 3723 4216
983 1451 1497
516 3226
1514 1624
995 2820
1805 2421 2744 3103 4122
1109 1743 2372 4291
438 2943
2633 2747 3650 4152
2911 3842
785 1428
1341 1741 1964 2479
695 1557 3041 3530 3638 4037
621 912 1900 3491
366 586
602 702 2445 3469
614 1566 2006 2803 3143
1782 2554
2086 2247 3877 4129
737 2476 3405
1439 4161
3056 3422
2204 3424
395 450 802 2775 4045
2101 2896
1309 2718 2976
2282 2956
2113 2354 2571 4111
137 3317
1430 3550
373 749 1416
82 1174 2952
1685 3474
2451 3203
1052 1725 2494 2644
1575 1763 3143
64 1329
400 1570 3087
1755 4174
2092 2635 3007
87 2740 3305
1233 1471 1776
445 603 4420
2049 3075 3294 3895
2576 3202
1385 1517 1690 1788 3880
2355 4428
1977 3007 4379
646 3716 4236
978 3444 3803
475 1390 1545 2606
1065 1458 2957
547 1276 3199
1168 2018 2853 3009
3895 4070
1116 3362
2301 3548 3849
1613 1816 2515 2918 3307
233 2620 3318
540 1466 2094 2363 2810 4117
120 3270
2135 2651 3214 4220
996 1335
262 704 1233 2880 3061
211 388 1216 1299 2631 4102
382 1111 4408
2272 2368 3440
885 1402 2477 2754 3046 4005
1479 1695
1052 1569
1302 1378 2613 2955
96 2844
2281 4167
1124 2618 2976 3863
196 668 3053
658 3260
1466 2367 2370 3639 4121 4163
768 4015 4152
537 726 2574
357 1287 1348 1672 2436 3170 3906 3995
1004 1260 2062
78 2683 3976 4425
284 3143
1778 3348
458 3361
497 777 1875
10 623 2785 2999
937 994 3329 4000 4285
2400 2810
2678 3657
341 2554
1920 4169
77 2831
1782 4151
3620 4257
182 406 4366
1205 1460 3121 3176 3944
4125 4322
1006 3776
264 2872
1411 2787 3402
415 2592 3700 3788 4083
1323 1998 3404 3582
803 1901
1436 2026 2280 4206
480 4175
930 4418
973 1666 2736
1108 3449
1134 2120 2467 2479 3699
1500 1724
519 2375 2464 3133
476 971 1707
460 2121 2880 3717 3888 4005
1996 3962
760 820 920
656 1994 3226 4194
1901 2129
455 794 3269
35 1648 2835
427 2214
456 1735
2901 3359 4063
560 767 825
359 4428
713 969 1105
453 3307
679 827 1195 2073 2972 4412
335 3122
1009 1678 1885
3379 4177
3138 3499 3765
3271 3300
816 1724 3782 4312
1165 1310 2373 2439 3066
2723 3210 3400 3484
37 246 1556 2701
2373 2459
42 1602 2587
3035 3951
1276 2053 3283 3337
579 1702 1835
2082 2854
87 3577
2191 2295 4395
106 2525
2644 3612
378 2472
1975 3747
689 3116 3764 3975
313 4042 4362
1252 1380 1445 2415
367 1450 3037
1878 3721
1634 4299
859 2161 3389 3582
511 2630 3757
813 1189
1718 1966
457 1685 2191 3205
1469 4390
117 3742
407 1965
1004 3253
510 3785
279 288 1396 1697 2637 2999 3630 3647
1419 1569 2553
1401 1691 4269
226 326 3116
1317 1765
3138 3897
159 4371
284 1721 4291
120 1401 3488 3559
102 3916
3174 4201
2760 3668 3695
307 506 4229 4324
1082 2178
2598 3577
1053 3427
1896 2941
3441 4082
1413 1693 2109
1988 2233
3048 3106
1027 2927 3209
856 2484
516 1129 2330 2620 2691 3201 3256 3297
385 579 2590 3542 4140
2820 3898
1676 3814
2519 2546 3824 4147
162 761
441 2272 2548 4179
483 2175
1697 2971
1842 2417 3091 3904
1482 1751 2586
81 1961 2132 2737 3734
332 540 3561
2009 3890
902 3200 3978
1701 2767 4299
1326 3696
2143 4144 4228
2621 4089
179 448
334 2991
405 959 1264 2102
2327 2943 3464 3550
2174 3020
468 942
2521 4022 4155
3288 3974
5 4091
1410 2358 3690
627 902
127 1304 2002 2649 4000
2105 3130
2988 3456 3544
924 1038 1848 2445 3928
512 3381 3576 3922
843 1722
1657 4402
563 3118 4228
1780 1902
1318 1852 2068 3691
776 1165 3014 3390
2838 3831 4047
2067 3753
848 4383
829 2912
1035 2590 4053
1531 3682
1679 1926 2634 4077
1313 2165 3737
1587 1725 3015
1131 3873
2938 4409
261 2018 2028
658 1298 3498
409 1646
510 1398 1455 1562 2152
378 2676 3226 4348
2447 3125
217 3550 4131 4398 4426
1547 3912 4084
1077 3134 3197
3294 4303
2950 4378 4386
1261 2225 2417 4255
926 1001 1576 3771 4350
2031 4441
1815 1993 4232
2487 4346
1715 1962
366 963
929 1117
4099 4415
156 3701
78 2321
1724 2416 3458
452 1353 2141
488 2394
676 2913
1601 3931 3965
266 2969
720 1318 2618
1829 2151 3791
86 478
1236 1660
1540 2902 4137
3122 3721
409 3993 4098
170 1304
2247 3894 4295
3675 3755
2155 4128
453 691 1760 3583 3755
1304 3983
1121 3655 4115
1606 2372
3548 3931
2229 2857 4190 4382
519 4238
603 1206 3691 4040
327 1002 3067 4296
1709 3809 4177
2399 3873
831 1172 2657
1535 2094
2645 3274
413 2684 3164 4272
1202 1378 1573 2802 2940
731 913 2647
1150 3101
1242 1346 1592 3075
933 1720 2282 3689
1895 3871
1075 3164
962 2000
2001 2554 4258
2845 3070
83 1208 1802 2878 4211 4356
1428 1696 2604
1534 2216 2547
1930 3264 3635
857 1983 3637
2211 2303 3543 3579
1947 4358
762 1404 2999 3782 3829
519 3695
310 577 3725
587 3907
1141 1809 3992
509 736 992
206 3746 4261
18 773 3309 4156
1870 4057 4431
129 440 1815 4170
4204 4232
870 923
878 2621 3537 4386
2573 2703
659 1965
479 4072
251 3140
2275 2755
536 1271 3802
628 1079
2757 4421
185 1781 1910 2671 2861 3000
1499 1713 2040
643 2974 3671
2108 2693 3538 4258
2037 3227
636 1078 2370
1124 1789 1958 2398 2872 3897
1442 1735 2629
1662 3179 3820
565 2714
1209 1676
1475 2589 2801
495 1717
1092 1447
982 2503
869 2824
216 666 1000 2613 2686 3956
2659 3183
644 2899 4398
50 4044
985 2948
126 953 2459
560 655 3177
128 3931
612 634 3879
2712 3630
2895 4054
1309 1364 2281
451 678
460 1070 1355 3639 3945
2343 2514 3405
1155 4169
4178 4256
94 1661 1854 1959 2462 3160
216 3431
2506 4316
821 4185
2728 4047
1580 2828
393 408 1351 3318
2482 2946
377 424 930 2164
162 1501 1614 2337 4049
606 910 2909
88 1371 2925 4008
407 448 4246
3500 3988
55 1138 2234 2741
458 508 1155 2050 3753
955 4043
1004 2699
2888 4065 4333
1373 3742
61 1458 3564
2919 4151
1697 3776
1409 1953 3348
681 1318 2360
1382 1735 3551
3608 3611
1680 1737 4211
3124 3718
1386 1424 1444
494 2988 3306 3584 3650
1810 3737 4217
524 1475 1511
490 3240 3530
1667 2265
689 1067 3824
598 2379 4288
1290 1590
100 512 3667
3 2968
274 1108 1217 2937 4122
2095 3311 3739
396 2004 2287
400 479 1299 3318 3392
644 2095 3654
103 2253 2738
2272 3577
66 312 387 481 626 2425
183 646 1688 2805 4157
2607 4010
1241 1745 2218 2430 3071 4303
2268 2959 3434
1217 1708 3201
247 1464 1510 1751
137 2641 4353
341 968 4171
1841 2575 3458
976 3496
391 604 2044
630 1162
537 1757 3522
44 2729 3191
341 893 2218 2731 2890 3714 3989 4255
910 1020 1438 1877 4329
2813 2925 4234
49 850 4188
1056 1597 2874
63 223
1129 1839
884 3599
518 1887
1666 2036 3586
3050 4035
2622 3058 3601 4364
523 1455
2246 3501
2075 2342 4104
452 1886
1990 4213
623 4363
711 2220 3475
347 2013 3681
3059 3924
3405 3577
555 961 1245 3857
2307 2352
1691 1771
303 2693 2789 3880 4238
1679 2107 3188 3835
903 2937
247 2882
1398 3516 3870
277 829
1484 4100 4101
2486 3775
864 2972 4108
1565 3260
666 2174 2609 3791 3809 4077 4166
236 2031
780 2040 2134 3629 4371
1582 1770 4121
374 513
2763 4182
781 1428 2112 2326 3212
706 858 1435
1302 1546
4224 4256
460 501 2797 3402
858 1363 4177
1967 2226 2627 3143
359 499 3685
2298 2479
1169 1251 4146
86 1320 2302 4301 4335
544 727
1605 1625 2211
97 1259 2288 2440
1497 3521
2250 2926 3513
386 2445
1132 1967
1429 3721 4094
919 3096
667 1602 1906 2609
2181 2607 3647
1182 1864
2896 3813 4365
1011 2845
1265 1433 2679 3811 4083 4201
481 749 1183 1501
149 2574
2097 3055
336 2146 2482 3584
881 3606
1783 2211 4127 4243
2161 3857 3971
855 1449 3338 4404
1732 2244
1317 1353 2733
738 1688 4182
3540 4179
1777 3656 4061
21 3552
126 1946 4104
500 4193
959 1313 3030 4108
1092 1262 2635 4002
1174 3050 3061 3073 3331
83 4050
2171 2929
1521 3046
513 799 891 1273 2415 3060
2710 3201 3682
1368 1863
821 2058 3701 4414
2957 3297
961 1659 4272
387 2106 4211 4408
209 3676
264 1952
128 274 1820 3081 3702 4178
1361 1530 1908 3460
134 1122 1351 2492
165 431 700 1244 1593 2762 3503 3527 4069
2233 3602 4200 4354
1224 2695
3995 4010
1186 1516 2455 3459
2123 3451 3813
3881 4019 4072
1039 1265
3256 3423 3961
943 2449 2545
545 2260 2306
848 2616 4391
775 2663
2235 2552
1389 1867 2438 2795 2839 4024
1176 2818
1231 2119 2168
36 831
95 2859
1512 3955
1095 2263
1024 2859 3829
1300 2090 3856
2241 4233
700 2233
497 561
723 1873 3499
383 459 867 4284
1132 1465 3003 3071 4289
1932 2345 3403
716 2030 3509 4029
2065 2459
386 709 1462 2440
1625 1733
3057 3785
2378 2850 3570
367 1316 1827 2801 3178 3422
2389 2704 2905
1982 2821 3808 4202
1285 1749 2422 4239
905 1470 3592 3743
408 2345 3276 3747
2675 3393 3887 4018
1214 3091
731 2232 2928 2993 3316
2419 3310
671 1406
758 3215
1478 2296
1908 2137 2876
2300 2697 2757 4044 4238
288 1780
1134 2831
399 4182 4295
1272 2633
1879 2538 3404
1069 1190 2274
376 2793 3578 4311
413 1485 2193 3434 4003
1673 3395 3973
603 894
1816 4212 4428
413 1748 4041
1626 3030
399 3664
317 2012 2268 4240
773 2732 3541 3786 3873 4294
157 309 2052 2316 4142
1495 2146 3619
606 915 2554 2732 4216
3562 3809
1837 4037
211 3856
268 2677
561 2095 3867
1158 1656 1753 3617
749 3788
952 1120 2552 3993
3829 4166
385 2278 2666 3401
1497 1777
1485 2693 3151 3326
1035 2693 3098
449 895 945 1737 2610 3872
444 834 1842 2345 2492
286 3972
236 2220 3087 3760 4060
2049 3488 3823
2267 2571 3651
375 661 865
1427 2587 3253 4290
465 1436
684 938 1598
1971 2067 3867 4076
1367 1764
854 1498 1730 2972 4004
3172 4436
2537 3245 4373
2454 3022
27 3630
2141 2598
1251 2247 4271
3061 3492
267 779 3987
1519 1842 2108
883 1010 1309 4086
602 1723 2602
41 547
1171 3003 3208
1520 2974 3171
409 1353 3637
1752 2307 3419 4064
333 1023 1581 3970 4297
409 819 2132
141 1164 1336 3012
85 725 1873 3155 3164
1775 2244 2459 2632
406 1194 1566 4369
1659 2319 2462 3105
2364 2869 3943 4367 4430
3446 4002
74 977 1323
536 1995 3259 3567 3967
51 2043
1424 3938
14 481 2118 3540
741 1333 1892 3470
222 2632
2482 2772
185 3393 4225
1552 2597
2699 3883
599 1816
3255 3740 4271
3594 4179
776 2532 4023
4015 4049
91 3817 4354
1309 2738
882 4307
1263 2361
1094 2734 3593
1310 1529 1753 3820
990 4232
1308 2358 3472 3763 3873
725 889 915 1362 3546
20 408 2050
798 1453
345 2650 2669
1739 3228
1991 2997
3048 3476 3631
142 2802 4301
575 642 662 2352 3476
250 1697 2500 3258
453 693 2604
191 2005 2453 2522
1224 2404 3308
3407 3583 4421
2869 4016
1622 2082 2974
236 1063
1449 3597
1468 2237
1073 1139 2542
413 1436 1772 3316
171 2321
204 2475
1656 4105
986 4277
2500 2967
2986 4289
1088 3034
