901 1319
66 236 334 850
323 384 584
323 387
99 560
359 583
446 896
118 231 512 564 608 852
144 162 384 637
125 389 812 861 866
203 351 657
593 876
203 375 473 577 638 649 830
217 347 505
605 621
85 434
117 326 515 772
325 541
70 381 746 798
57 336 386 590 607
66 727
140 430 583
563 652 803
80 192 480 667
3 279
114 195 502
493 793
97 243 460
31 313 734
155 177
204 829
595 796
68 206 418 467
355 698
85 374
9 828 854 892
561 839
625 880
216 328 373 418 639
14 108 118 846
174 398 511 729
95 264 866
218 282 297 472 681
124 873
210 380 708 889
76 381 517 568 795
222 325 609 678
130 362 445
92 244
308 659 774
187 263 374 741 858
521 838
355 677
374 400 601 617
19 528 628
87 648 809 848
692 828
384 515 741
63 347 375 524 624
48 69 165 208
397 898
41 454
82 197 629
94 141 271 367
160 405 412 682 803
145 246 471 536 877
196 431 649
275 379
455 653 687
9 49 72 269 599
118 292 321
15 644 845 894
413 528 804
149 397 635 847
3 584 806 838
176 568 688
422 878
79 480
253 331 738 741 821 864
9 178 240 458 838
280 520
211 407 456 654 821
113 395
601 674 697
600 783
272 326
616 681 811
5 423
106 784
203 435
36 72 186 238
69 293
39 119 302 802
569 630 642 715
222 287 799
183 289 653
2 223 224 599
59 167 231 250 391 407
288 553
604 871
299 742 820
347 448 475 817
406 529
335 520
41 635
181 428 466
62 99 545 548 828
655 664
231 524 780 835 836
843 856
506 562
228 299 346
57 376
92 716 860
49 575 720 845
394 636
58 217 882
67 145 159 322 343 459 867
701 869
49 749
367 493 883
176 383 396 444
489 543 677
52 321 527
113 570 706
42 99 306 768
697 761
257 715
437 493
566 773
195 270 478
350 458
226 474 542 708
36 70 530 683
165 221 318
5 15 235 271 380 499 722
67 81 379 881
128 757
208 321 385 582
523 716 747 846
38 872
276 754
45 158 328 653
207 502 506 527 683
70 702 771 788 892
329 342 445 841 857
35 129 344 512
26 134 294 683
229 799 833
567 703 877
27 347 737
236 279
160 226
285 672
113 328 508 722 782
133 627 674
68 528 738
84 624 712
104 338 871
360 396
112 335 343
122 489 495
169 204 617 669
54 421
213 223 704
419 659 693 822
12 563
242 460 579 687
193 323 348 393 639
83 880
52 688 756
217 579 581 617
257 671 843
141 328 755
52 372 384
190 206 360 372 494
409 771
667 668 718
430 675 779
296 750
275 424
518 659
772 787
285 529 669
203 504 661 695 774
149 388
74 248 809
21 106 124 760
158 206 743 786 831
57 388 512
76 149 398
168 320 799
13 109
284 389 680
206 749 822
79 465
688 821
168 262
390 460
379 569
125 270
50 173 503 589
650 710 889
334 426
473 559
1 270 735
381 734
117 432 585
224 300 802
206 771
48 118 178 316 515 624
775 837
63 894
97 505 636 851
461 576 871
62 640
100 220 399 412
345 446 502 541 543 859
265 654
37 51 75 198 659
266 532 790 860
682 704
691 741
318 479
359 481
3 207
721 756 779
372 530
407 432 535
102 447 547 664
117 594 707
42 496
78 226 303
398 865
144 200 472 509 563 636
3 189 367 847
214 411 516 642
461 694 761
137 394 422 455 825
207 238
424 684
53 535 749
50 646
498 617 738
63 68 100 447 567
11 228 475 785 883
564 846
25 257 478
7 532
18 30 550 636 642 664
302 371
235 734 799 849
198 875
486 495 847
217 435
618 842 881
83 580 647
410 814 833
831 864
403 414 822 852 858
416 535 541 631 844
163 408 511 876
18 552
161 426
109 553
99 272 371 534
262 608
76 224 616 639 793
23 53 177
120 254 562 579
171 351 372
339 511 578
108 158
211 726
104 193 377
249 356 508
130 144 410 678 753
827 834
217 509
90 326 620
31 131 154
287 462 675 710
54 108 833 852
664 830
83 681
2 208 212 715
55 197 237 366 369
32 79 162 786 888
65 471 725 763 816
113 659
117 612
16 237 443 599 884
119 164 776
182 243 396 723
530 547
85 396 893
343 710 794
129 481 876
102 533
627 700 787
10 261 461 502 577
63 382 390 577
530 853
148 520
25 657 767
471 641
460 630 761
93 328 429 636 663 893
516 707
199 274 826
448 566 770 836
394 422 465 755
492 596
59 115 144 233
91 541 563 728 740
713 857
69 137
86 441 509 597 616 708 867
177 429 735
45 666 751
525 568 700 739
117 726
265 270 404 431 539 591 837 857
136 287
254 686 758
273 282
514 520 712 777 849
302 616
277 548 772 871
491 505 582 664
113 309 357
300 378 471
203 231 313 762
313 505
314 568 802
257 835
197 320 793
222 497
397 690 820 845
235 704
271 716 748 756
533 738
497 514 536 753
524 755
253 877
345 404
443 735
548 732 810
714 777
430 678
461 489 833
414 774 782
20 96 309 719
246 397
813 831
109 349 881
67 510
57 278
66 156 315 324 514 694 761
50 285
61 306 555 573 585 608
202 307 309 408
162 221 418 800
241 243
516 533 624 731 825
3 424
120 405 754
236 539 684
208 394 455
171 668
608 857
507 774 788
336 639
335 900
154 313
416 419 547 674
169 615
118 412 800
37 45 668
521 539
188 532 617
137 699
168 174 462 649
219 549
871 893
579 624
266 457 514 677 791
31 60 322 540 739
215 250 387 534
277 338 756 894
16 278
153 857
284 462 834
529 891
405 780 868
682 690
664 785 790
79 189
76 663 705
61 79 226 601 804
472 639 642 766 891
53 245 709
161 284 858 860
717 867
532 761 827
189 243 248 437
222 899
177 286 550 888
391 545 556
246 251
167 492 808
74 310
123 464
394 496 750
311 398
168 624 886
7 71 337 878
186 492 577 784
334 771
235 500 638
117 713
209 876
248 343
302 352 363 651
588 746 899
132 784
129 159 168 347 466 763 796 860
145 598 603 619
451 718
225 234 508
142 250 901
2 36 663 695
140 545 799
85 130 134 224 302 729
142 498
499 644 796
115 396
67 414 645
47 535
336 347 659 888
233 516 742 745
18 90 828
6 475
144 152 681
185 197 201 325
325 376 876
311 377 440 477 655
191 556 781
423 770
185 372 461 870
81 362
670 833
74 114 128 199
410 770
274 426 856
77 87 889
317 398 482 573
427 804
348 505 535
97 355 787
106 338 498
496 750 763
147 466 850 886
67 135 510 716
25 481 746
449 866
58 91 446 688
253 645
298 509 568 881 901
450 879
92 199 384 407 756
7 525 553
177 650 674 724 884 889
34 109 251 463 816 886
451 710
88 309 725
212 399 685 700
138 423 827
449 505 721 734
169 779 893
161 221 802
416 864
69 256 519
187 253 311 499 730
315 702
724 854 870
412 642 887 898
18 464 790
209 558 586
173 287 520
550 707
81 112 303
112 563 796
226 427 543 758
59 63 215 601
506 761
239 815
250 523 653
15 61 257 376 795 815 825
77 636
114 186 345 464
214 466 769 882
12 682
306 506
282 298 531 538 627 862
545 557 620
147 322 490
822 888
251 355 430 850
420 878
53 298 646
52 547 738 769
124 206 390 579 643
694 817
140 351
289 587 697
472 504 744
269 639 702
282 560 719
207 341 571 588 729
50 255 277
7 722
41 347 556
597 896
304 512 719
252 466 882
199 365
397 421 659 753 806
223 694 716
201 285 350 447 459
589 699
158 195 802 849
9 227 280 336
1 336 670
85 385 765 813
31 642
4 165 232 458 647 752
351 570
213 232
68 486 709 762
331 418 733 820 856
315 402 523 690
273 879
26 214 334 537 825
245 250 777
491 720 815
2 5 827
109 315 566 590
546 670
31 163 234 789
444 629
129 649
244 541 713
710 854
582 684
218 650 665
41 171 321 460 710 873
460 518 847
144 293 597 653 744
132 463 607 654 670 695 797
481 825
220 312 434 485 486 661
101 388 577
90 300
78 475
53 167 426 802 855 866 867
16 715
120 183
286 294 463 720
83 358 765 774 804 878
79 610
77 392 412
208 600
147 862 898
25 172
46 161 781
597 680 757 838
852 861
204 218 465 805
1 599 619
483 891
14 249
329 776
545 605
567 606 718
417 782
525 688
7 325 477 755 756
272 389 463 655
321 338 350 383 532
342 478 564
120 128
18 62 388
300 463
377 813
257 562 617 742
37 128 556
74 495
356 423 455 559 715 726 855
258 276
398 828
122 386 488 636 839
110 185 625
449 494
43 477 587 884
121 386 775
380 659
7 454 757
149 159 163
204 287 654
83 582 887
169 176 267 631
68 150 553
452 715 799
48 247 312 548 783
138 226 557
160 897
421 496
123 793
448 589
232 886
119 269 506 882
254 365 596
126 153 629
160 176 312
299 437
268 534
2 753
157 357 639
38 741 800
229 656 675
24 360 435 729 793
61 262 299 616 823
212 261
476 599 711
545 700
482 533 701 790
3 381 643 735 749
114 119 295 337 468 506 845
290 470 474 737 790 811
241 565
52 82 772 804 831
95 198 321 414 491
289 427
535 647
394 689
525 817 890
824 873
43 244 627 672
176 181 556
108 247 529 851
86 215 521 841
3 109 664
49 278 616 721 871
638 657 693 772 870
146 173 857 898
186 758
29 489 794 829
117 355
237 500 528
411 435
104 325
186 751
15 123 261
125 424 809
293 591
159 474 636
271 793
553 675
135 512
278 815
638 724
818 863 889
277 583 766
91 784
195 405
390 392
321 323
540 894
181 519 856
93 489 622
112 873
78 98 285 682
391 441 724
177 777 884
511 543 643
549 718
53 201 208 386 425
144 212 578 829
282 310 849
23 40 383 642 743
229 879
171 459
4 63 596 876 894
104 195 300 800
12 455
10 823 883
192 221 302 818
343 674
556 753 765
216 373 509
93 275 305 426
213 564
78 355 388 452 686 879
213 356 500
88 286 509 723
30 395
477 566 698
122 504 812
320 339 493 795
142 447 580 800
45 268 626
405 540 751
684 716
86 281
744 753
318 737
384 489
118 133 790
215 629
174 267 275
120 422
240 264 490 734
36 207
111 314 784
546 583
102 339
273 359
135 497
475 521
58 69 79 108 111 113 335 397 694 718
134 785
291 329 543
456 898
202 469 794 841
335 702 838
412 648 788 845
161 644
192 393 845
121 586
292 299 519 525 837
230 449
18 248 695
55 77 585
170 251
297 725
421 439 678
15 646
148 219
230 433 720
76 708
407 449
62 510 752 836
403 494
529 888
265 461
109 161 782
145 343 389 391
678 814
325 541
356 440 825
371 680
154 213 617 876
87 253 387 430 790
317 674
209 369 713
18 501 764 897
389 410 466 605
58 887
24 165 599 629 845
342 446
85 548 745
251 324
97 522 607 779
481 676 677
419 600
625 860
55 259 390
187 743 809
441 625
3 135 376
336 545
601 761
230 294 318 439 605 834
224 736 866
68 285 663
35 50
31 351 382 499 628
211 558 815 876
81 751
134 534 564 620 672
16 721
64 171 230 583 881
426 861
278 296 683
71 667 759
49 157 454
263 407 542 597
34 252 479 558 751
129 445
325 661
186 378 867
30 299 544 699 794
50 122 270 719
376 489 656
55 173 381
117 391 504 618 866
122 517 542 581
70 351 390
352 564 868
2 123 317
281 599 840
331 399 495 860
309 472 522 615 725
4 414
34 589 898
22 71 204 263 367 438
174 763 806
113 133 240 477 720
646 737
110 441 471 515 873
398 875
162 185 318 567 782
318 339
30 816
82 215 556 725
349 558
621 840 874
46 218 771 785 804
310 416
112 471 549
314 383
140 264
89 160 538 885
61 328 502
179 377 443 506 834
780 886
253 373 420 449
102 205
389 775 795
81 153 636
107 632
490 554 706 832 896
173 432 504
330 601
35 55 642 655
136 238 413 788
213 475 656 872
71 207 860
254 319 768
159 435
20 38 245 328 897
49 97 138
39 319 441 520 780
202 421 469 557
147 859
319 683
244 260 526 765
78 196 396
84 433 711
216 243 465 577 658
309 548
693 702
132 469
247 470
157 417
57 243 267 546 562 880
697 702 877
66 625 746
469 475
30 215 746 815
84 115
133 377 522 878
422 533 816
83 150 700
77 428
378 473 728
371 439 547 854
512 738 770 878
105 213 848
717 880
10 252 327 334 780
78 340
45 131 816
157 356 552 871
324 557 684
99 216 329
82 477 553 873
252 438
334 391 531 574
572 683 758
70 114 165 166 689
118 207 523
258 405
604 621 878
402 574
29 249 501
398 634
42 174 361 638 769
687 800
116 185 195 852
116 774 894
604 875
314 653
328 447 740
270 342
471 831
66 497 540
106 399 881
445 513 643
144 372
195 558
126 128 778
64 181 256 408
192 875
336 470
194 402 837 856
4 419 446
330 501
648 826 895
156 364
201 529 566
64 323 585
60 327 500 683
413 423
28 251 322
348 414 527 607 681
232 296
195 518 554 627 687
104 195 243
468 530 780
107 141 586
214 407 534 731
231 501
241 430
687 851
193 303 478
609 706
30 478
20 339 560 784 800
52 289 442
380 608
658 854
467 713
333 376 628
356 458 883
324 560
156 885
448 449
308 729 868
167 653 667
156 585
88 272 409 644
83 168
529 755
41 772
206 252 273 439 595
211 608
144 330
221 518 846
288 312 396
60 309 852
342 570 634 829
448 469 612 619 823
216 461 593 784 834
245 248 397 614 657
231 558 565 648
282 462 479
126 223 795
269 284 389 758
299 765
135 585 602
50 112 391 476 695 753 794 803
648 711
178 422 660
64 338 349 750
367 423 592
256 571
37 786
460 600
169 326 421 813 887
478 657 826
18 285
235 248 271 282 731
39 71 211 467 764
733 809
169 245 627 707
268 682 724
129 132 826
371 618
252 693 735
413 429 448 790
207 419
262 674
202 321 388 486 577 714
795 833
152 167 723
148 324 678
287 579 765
684 888
140 458 631
113 312 481 692
264 293 749
717 856
299 666
78 554
193 615
368 678
413 447
550 799
302 742 770
124 217 265 682 822
360 884
518 616 888
584 758
139 182 522 812
185 389 454 494
352 364 847
174 222 365
48 422
374 419 894
36 164 411 771
62 118 727
175 287 767 779
115 355 452 761 795 819
354 504 774 799
129 663
325 717 837 885
479 512 674
20 114 719 809
61 126 670 759
489 506
138 309 437 511
56 192
251 750
222 623
153 389 625 726
83 126 881
175 638 769
492 777
97 374 522 817
85 229 321
260 746 753
58 170 337 339 383
232 257 327
612 747
621 692
81 342 598
168 198 841
284 468
47 130 570
126 360 551
226 532
527 612 668
102 360
412 477 519
169 286 314 391 668 856
393 559
75 412 753 768
441 779
402 836
143 266
189 245 384 632
523 816 818 833
785 801 869
172 173 438
348 386
156 219 491
485 775
290 828
271 376 523
314 342 529
37 334
694 866
330 385
48 332 455
122 754
489 582 709 794
70 644
700 860
140 401 695
106 644 884
108 477 523
429 518
318 447 495
192 219 448 761
378 438 505 566 654 676
211 268
286 370
44 153 763
541 796
171 725 734
62 215 792
472 487
17 311 681 823
127 380
227 668 694
66 78 124 216 690 790 866
58 67 745
143 221 417 676
37 315 435
546 702
4 135 441 648
10 829
175 310 645
10 105 154 722
192 338 461 692 795
345 584
771 779
193 584 637
129 130 539 787
349 701 768 850
114 125 383 577
102 313 398 520 641 692
473 731
81 301 612 615
258 299 402
554 673 823
467 789
326 843
147 197
185 424 780
255 662 711 734
45 567
53 58 345 431
269 479 809
396 635 787
337 361
463 836
699 752
469 550
85 650 685 689
405 509 607
50 277
142 451 550 771
1 63 71 156 180
6 140 445 511
539 833
207 217 223 300 777
797 822
16 249 410 598 823
40 768 887
470 725
181 738
21 309 749
226 373
202 224 421 557 612
248 393 455 846 851
95 317 479
112 199 359 519
64 421
481 793
492 716 760
69 439 499
314 646 654 707 877
53 91 365
21 82 292 584 729 769
32 317 395 612
369 438 485 574 853
126 213
99 203 582
278 511
148 175 307 329 680
53 78 495 701
350 479 678
145 237 584 772
28 123 214
124 245 562
128 399 735 743 754
495 496 700 811 826
314 886
277 342 759
218 472 650 661
253 372 518 560 617
216 504 638 721 773 788 867
166 482
177 857
519 679
67 405
136 219 407 552
34 42 657
271 453 812
35 198 424 631 721
165 872
168 893
147 331 888
143 277 616
438 583 586
731 820
314 585 591
213 569
99 181 351 873
83 558 563
366 608
57 89 219 286 532 633 871
234 458 620
67 228 712 766
243 595
543 548
172 695
147 634
33 42 454
353 463
45 129 359 393
74 484
511 621 733 847
42 809 817
469 619
178 218 310 349 601 654
310 351 394 396 593 779
548 845 891
242 342 875
579 895
82 611 787
233 373 470 852
539 894
232 315 617 693
551 560 641
5 727
73 122 230 885
137 543 746
747 787 809
172 206
419 864
428 558
162 277 800
217 783
500 539 731
413 464
143 374 399 415 491
40 74 94 755
240 283
282 498 871
230 284 351 499 542 665
826 846
224 510 515
148 514
154 436 706
202 608
39 709
121 625
504 684
437 467 754
337 646 864
410 894
334 353 700
204 385 776
108 119 315 575 763
174 279 582 591
175 284 466
8 539 644 729 788
248 343 393 696
20 136 478
266 876
128 399 807 847
707 774
116 232 718
69 379 646 794
85 106 552
149 257 811
359 448 819
382 825 843
222 339 599
189 249 495
79 752
184 202 328 605
247 439 524
252 664
107 183 200 224 601 787
378 836
10 189 501 679
108 324 569
645 716
24 81 164
178 371 435 508
148 564
133 209 264 455 655
706 765
163 185 245 315 834
264 345 416 630
367 387 670 694
231 613
525 776
266 379 461 741
534 555
59 372 509 722
468 499 609 795 824
441 747 756
68 485 504
496 870
437 695 777 811 825 834
99 569 851
279 354 682
244 593 604
56 651 861
339 473 480
270 702 873
443 674
133 279 295 496 825
274 306
82 188 350 659 770
76 360 362 383 415
57 71 501
491 635 770
124 209 568 846
441 451 668
21 235 411
103 151 326
140 475
84 475 836
97 534 777
286 644
52 84 136 463 590
28 43 367 820 838 886
247 632 663 782 850
264 371
275 352 413 611
250 499
289 445 468 496 625 867
521 802
