1773 2640
131 1100 1629
12 917 973 1229
55 692
317 832
216 852 1197 1334 1736
103 232 613 1023 1268
503 1398
426 873 1380 1397
285 553 1029
629 784 1295 1505 1536 1596
616 676 1082
604 1452
763 1343
1208 1296
469 484 691 855 1178
163 347 1563
10 453 627 1681
290 363 668 724 1490
963 1292 1508
375 1187 1189 1306 1412 1539
967 1438
184 1228
667 885
981 1645
139 766 1609 1655
481 1057
1307 1561 1739
793 1584
385 1306
69 709
92 674 1453 1461
58 70 1231
271 336 1713
660 917 1072 1598
15 1023 1189 1258
34 436 897 1211 1301
350 587 880 1019 1494 1549
247 753
385 824 1666 1672
740 1150
623 1247
1577 1707
440 828 1631
680 1302 1330 1369
340 538 1089 1244
255 448 1142
9 1384
499 808
952 1273 1609
518 768
10 408 813
358 721 1232 1304
387 580 1262
704 724 1021 1744
301 1301
566 593 969
229 957 1619
267 701 1677
541 1130 1393
39 656 934 1610
339 522 1360 1605
162 382 615
292 1500
146 185 810 1276 1532
35 951
812 1105 1500
386 1147 1471
135 365 383 1520 1753
439 1412 1510
407 676 1092
338 1025
302 1127
283 561 791 827 1374 1581
589 1412
313 426 890 1112
339 1643 1677
1105 1165 1565 1640
1607 1772
19 1067 1192 1700
579 726 1548
194 915
685 967 1384
194 1125
472 1392 1503
455 652 1330 1473
35 59 1031
103 907
108 344 863 1344
1166 1285
72 137 168 1313 1413 1487 1564
789 1106
779 1407
275 344 711 1650
265 267 1248 1379
185 587
48 1282 1564 1567
241 252 365 490 824
338 957
464 523 1649
488 1229
802 1579
566 1252 1459 1478
219 1071 1429 1557
418 1608
176 1057 1193 1416 1682
492 552 1512
223 502 1391 1445
311 965 1350
297 1508
355 1663 1700
461 1588
513 610 760 838 1307
276 732 736 811 1400
291 1310 1444
378 1317
915 1538
420 442 530 948
1181 1376 1402 1708
685 1431
451 1298
34 587 767 916 1003 1743
913 1418
250 601
108 675 1612
902 1737
497 539 723
1260 1713
344 706 996
333 565
1470 1660 1702
711 850 1385
316 1128 1191 1552
169 491
996 1037
271 522 839 969 1602 1662
268 870 931 1506 1645 1670
99 380 1257 1495 1573
264 1555
769 818 819 1030 1295
737 1242
133 326 895 1018
301 892 1217 1382
215 721 1341 1603 1760
73 856 1042 1182
305 813
314 743 993 1521
303 353 526 793 1562
484 1147 1256
1406 1755
265 703 986
418 750 958 1099 1223
903 1382
342 361 1104 1727
146 1606
376 479 1059
999 1301 1393 1434
86 418 868 1530
1469 1562
592 1441 1473
347 1113 1129 1481 1522
72 674
984 1150
650 789 1071 1118
1030 1282 1431
271 918 1461 1470
209 798 823 1503 1662
1537 1557
705 1678
212 430 779 1117 1495
285 966 1343 1436
88 1123
157 747 795 830
76 157 962 1099 1560
728 789 870
1055 1066
82 1129
127 355 507 1058
54 801 940 1153 1737
792 979
126 1536
744 1557
427 518 571 1320
730 1216
550 825 1229
636 1633
609 902
864 1026 1346
70 1159 1294
375 526 749 1191
266 531
598 623 1306 1529
870 1016 1143
1024 1663
198 1473
499 605 1762
461 514 772 794 1142
170 529
642 746 949 1111 1496
90 968
167 1233
775 1182
87 1641
1300 1550
466 541 962
452 711
1156 1515
294 547
885 1733
321 1108 1154
139 424 607 787 1192
465 870 1285
186 675 1360 1428
158 250 259 304 621 726 1329 1380 1450
484 1082 1484
1166 1525
17 49 322 1186 1482 1526 1745
31 473 953 1532
123 401 983 1413
452 852 996
549 1077 1087 1204
120 784 1017 1162 1710
638 1286
626 1431
559 1469
413 970
159 981 1442 1586
61 159 235
101 539 833 1106 1340
202 1072
396 705 1368
344 1692
1125 1334 1351
3 1584
113 816 1133 1605
618 783
680 841 1295 1728
78 527 865 1102
790 1766
572 1255
364 1241 1315 1363
801 856 1513
197 240 1135
551 1444
90 149 409 957
718 1332
3 637 1034
117 896 1271 1497 1554 1691
813 1407 1452
80 833 946
142 793 1299
612 941 1217 1476
62 786 874 1097 1568
189 1763
177 1007
405 935 1300
782 864 1141
304 504 1240
285 777 1404
71 391 428 1369
401 589 1644
214 979 1275
946 1764
180 317
376 1163 1223
497 913 981
26 1181 1376 1382 1420 1582
805 1132
157 356 1374 1589
499 1283
773 913 1549
525 980 1506
1168 1437
342 1045
380 535 819 1005
796 930 1335 1442
1106 1322
26 108 1137
159 882 1626
182 423 1088 1145
547 892
455 1389
117 688 1193
87 90 629 1011 1116 1251 1585 1708
118 1696
457 691
747 898 1602
660 1407
1028 1663
107 1416 1544
637 1574
182 1456
544 565 1231 1393 1472
332 1625
149 996
858 1156
127 1020 1719
1123 1324 1731
69 472 541
327 731 773 1379 1765
349 642
219 326 794
198 505
258 1277 1529
588 823 1051
512 633 1362 1619
175 281 501 599 1491
93 549
142 491
572 1228
204 831
913 914
64 156 242
371 684 1076 1117 1670
407 1109 1502
1012 1423 1450 1693
1100 1319 1651
927 1056
29 198 993 1166 1429
246 426 512 779 1645
43 192 1757
230 931 1657
247 1571
1149 1333
986 1120 1235
256 840 1705
527 537 1165
200 801 1545
360 882
176 332
9 705 1432
556 1551
647 927
451 1044
426 436 669 819 1723
12 542
654 1614
188 572 1011
164 721 1023 1455
31 162 1389
48 837 1514
1101 1344
475 593 679
446 504 1007 1371
1080 1499
485 750 1471
62 150 832 1364
399 428 988 1388 1642
609 953 1347 1609
536 836
67 641
562 1340
294 1046 1216
665 954 1536 1545
411 1703
1049 1094
22 458 575 748 1306 1389
439 506 941 1500 1748
191 1277
323 401 1085
120 922 1424 1566
221 899
903 1128
356 726 1231
149 657
39 250 1025 1563
27 663 885 1625
273 305 750 1030 1178 1202
425 1495 1580
309 1748
172 373 1455 1736
654 1041
226 605 1427 1475 1684
1111 1743
887 1121
117 191 585
1010 1411
66 577 597 787
172 1424 1430
694 1445
391 1249 1295 1531
490 630
581 1326 1401 1433
212 285 1102
962 1615
381 1252
297 589 748 839 1277
359 984 1697
66 1460
30 812 1115 1445
43 1518
515 987 1715
405 1427 1582
105 642 1654
370 1123
143 595 821 1670
625 1011 1107 1461
751 1181
83 479
444 1392
583 1418 1512
489 901 1466 1708
1573 1743
859 964
426 565
359 1152
30 915 1144
902 1424 1673
64 274 666 1419
497 737 1123
122 201 308 505 900
199 1234 1448
250 1305
410 709
117 282 284 1514
77 806
89 1017 1052 1301 1424 1509 1728 1739
32 1013
327 386
434 441 509 769
457 521 1761
373 598 915 1014 1647
344 646 794 1056 1387 1508 1657
467 618 1080
417 1233 1379 1678
1412 1749
927 1193
417 1578
368 1053 1635
281 1415
843 1239
707 787 1483
505 1244
1543 1681
1107 1657 1733
1759 1765
903 990 1764
258 469 1043 1229
86 738
174 1042 1481 1752
1371 1649
315 440 818 1580
191 1697
671 754 874 1375 1695
911 1249 1320 1358 1672
67 360 933 1375
1291 1624
62 86 878 1152
7 212 875 1387
329 582
87 230 370
71 1552
899 1133 1198 1249
479 694 831 1280
578 626 1201 1599 1667
1058 1473 1624
239 339 1051 1488
386 791 1200
1461 1758
565 1299
265 414 524 537 586 693 1534 1556
197 458 462 1289 1386
327 458 1207 1396
242 1228 1763
199 400
394 859 1705
986 1265 1526
301 1246
1413 1598
694 958 1409 1660
35 246 1018 1552
566 696
924 1452 1729
435 788 1195 1700
231 896
869 1228
138 695 1701
94 233 255 416 529 1257
532 1288
66 1495 1512
59 154 1337 1344
715 1126 1600
168 350 1027
531 1668
680 825 1618 1717
1313 1492
124 327 1021 1046 1288 1407
1010 1016
95 1153 1735
26 145 313 898 977
383 639 1258 1464 1713
104 706 1249 1402
1214 1671
308 1403 1441
422 843
314 1614 1670
926 1303 1571
1347 1442
577 834 1616
1385 1402
6 490
62 128 1334 1592
1336 1512
1293 1383 1735
233 1424
114 979 1316 1339 1395 1501
322 616 969
328 1458
176 317 359 1449
100 515 591 1103
578 1182 1482
167 522 566 1679
279 590 796 1439
265 755 964
274 1227
405 525 736 1470
95 1528 1598 1723 1773
89 859 902 1426
249 442 713 872 1064 1099 1633
557 746 1421 1586
716 740 829 1039 1350
894 1373
40 356 1389
817 1185
818 1234
32 1190 1540
626 1391 1401
237 333 723 929 1760
546 659
282 341 623 1614
161 357 784 1019 1428
1338 1561
541 554 951
418 709 1282
1055 1430 1572
1313 1453 1698
589 1300 1326
409 898 1532
31 65 81 407 1222
225 493 1152
116 345 1385
1151 1251
477 1248 1330 1342
51 262 696 968
19 1025 1252
59 568 720
1024 1335
228 575
872 1431
140 626
218 1158 1590
846 1182 1309
963 1406 1427
246 351 528 1045 1631
1113 1310
222 257
229 1375
881 1577
19 1049 1096 1145
342 1107 1255
915 1105
320 561
191 1107 1214
249 1667
34 120 1122 1649
127 151 1040 1142 1519
197 464 989
4 82 221 807
50 496 1161 1213
260 875 1241 1715
664 1074 1169
459 1540
208 1281
1158 1541 1585
1122 1276
95 785 1030
1515 1705
530 820
994 1313
101 722 913 927 1074
449 503 595 748 806 988 1292
301 395 961 1495
54 349 791 958
870 1401
498 628 1338 1705
353 428 1010 1277
238 407 1354
799 918 1070 1483
74 559 986 1101
722 1096 1571
59 539 727 1063 1485
493 1207
577 611 868
45 129 927 1591
16 179
384 1034
1075 1128 1413 1421 1465
816 1621
609 1319
716 1331 1740
572 1531
1432 1739
115 370 1017 1736
833 1214
362 458 1157
69 124
879 1502
594 1710
850 1339
494 935 1492 1749
247 490 821 1412
102 872 1051 1445
621 641 1501 1579
845 946
41 917 1318
1315 1380 1389
774 1503
38 353 907
240 315 449 1201
639 1481
684 1684
130 299 329 793 805 1386
480 1108
145 672 1112 1172 1306
653 789 1087 1301 1700
830 1382
246 626
249 1436
412 972 979 1651
802 1221
519 1630
9 42 599
427 856
165 936 1353
14 66 299 986 1524 1561
140 183 702
122 838 967
338 468 1343
520 1295 1370 1525 1593 1655
740 1445
70 380 428 503
411 996 1258 1552 1691
215 1603
251 672 704 722 945
78 240 428 991 1610
995 1302
1024 1471
805 1249 1398
62 731 1472 1707
549 582
50 87 1052 1612 1630
819 1276
29 414 754 1567
421 1408 1563
668 1761
295 350 430 604
30 557 754 882 1443
179 915
537 1149
451 738 1529
219 853 860 1013 1590
387 754 1340 1344
313 827 1718
243 1754
89 950
14 954 1154 1181
337 1519 1534
206 1187
771 960
15 547 1662
1077 1123 1320
24 792
399 1269
644 1388
184 676 1512
378 892 1298
192 476 1255
841 1489
755 1289
455 1727
506 731 1763
1411 1510
113 769
622 670 990 1272
245 964 1293
34 183
332 1140
499 1640
269 1113 1385 1536
28 441 583 946
1051 1201
711 766
56 334
882 979
967 1287
100 1011
1406 1686
983 1339
1189 1631 1760
1438 1631 1678
58 507 717 1415 1524 1696
752 1033 1712 1747
18 1025 1601
398 1349 1476
390 1129
423 628 886 1204
385 390 1140
260 1271 1562
751 793 1060 1280 1285 1538
1016 1513 1636
210 803 1567
1026 1442
53 340 377 1071
359 1137
348 708 1269 1468 1516 1701
828 1127 1164
312 471 1280
49 823 824 850 1084 1168
95 139 525 1155 1636
626 863 877 1766
216 1179 1183 1530 1663
478 1751
72 316 409 1432 1615
634 733
385 629 1567
653 833 1761
325 376 1644 1673
494 1134 1139 1515
1034 1400
556 726 1404
117 1061 1102 1288 1469
855 1228
1069 1628
140 401 527 932 1234
129 266
214 1018
729 1079 1217
415 735
103 316
258 1103
787 1012
514 529 567 582 1670
913 1687
379 742
704 1009 1329 1424
543 883 1138 1292
960 997 1074 1336
201 668 1127
960 1362
550 885
392 709 766 1037 1591
122 134 531 777 1287
170 269
89 1660
952 1088
1289 1299
4 251
97 138 517
676 820 1636
3 504 1577 1635
107 1617
1180 1198 1417 1518
265 777
428 462 792
538 1129 1583
113 448 723 1003
82 302 1199 1273 1505
97 458
825 1020
1126 1162 1314
896 940
224 1748
234 991
120 129 300 554 717 719 1225
243 391 490
248 711 949
623 940 994 1415 1421
185 512 1332 1414
220 241 531 609 1186
496 530 931 1401
525 751
136 880
271 306 991 1304 1696 1751
611 1547
102 209 211 568 958 1356
621 676 1377
726 1667
46 237 369 409 932 1640
1364 1631 1754
148 1167 1475
503 1088 1173
347 567 791 1427
1401 1549
1285 1507
160 862 1756
544 938
566 761 1299 1687 1708
471 565 780 1277
128 157 174 1168 1682 1710
209 292 529
1565 1747
9 473 697 1216 1343
978 1134 1520 1687
1538 1738
158 1460 1513
1480 1537
643 672
145 715 809 1194
367 755 805 816 928
209 260
1000 1484
877 1105
341 455
9 63 281 1393 1568 1624
639 1382 1707
527 1198 1247 1709
892 1429
31 1096 1658
361 711 817 1462 1468 1560 1748
109 364 414
138 281 771 827 1755
56 259 1135 1367
168 1032 1216 1370 1476
51 162 533 722
78 802 1238
201 333 612
499 1009
1052 1302
508 1431
158 636 984
921 971 1337 1611
989 1260
219 1230
1031 1602
1191 1359 1388
230 1321
161 229
110 908
245 542 1247 1615
50 214
115 190 240 769 833 995
1001 1647
23 1410 1740
243 537 1077 1242
283 501 1303 1347
488 1750
414 526 735 1480 1706
257 301 340 616 967 991 1193
35 229 700 1428
778 1764
1637 1707
325 1145 1296
13 247 281 413 723 1719
426 1025
434 1334
155 1286
460 1187 1605 1749
838 1296
29 386 590 800 1468 1507
1369 1444 1611
1169 1430
61 1738
994 1235
240 1349 1403
125 1341 1437
597 1142 1755
857 1082 1526
1316 1448
187 441 883 1756
80 163 282 1130
1290 1334 1361
549 1199
446 522 557 1374 1455 1753
117 442 1039
588 1635
1203 1571
572 1276
1137 1278
128 1133
1023 1451
336 748
753 1149 1175 1239
64 1663
242 1349
577 773 1081 1732
1063 1129 1406
291 644 1551
558 1101 1736
179 936 1102
907 1023 1128
1269 1611
651 885 1001
430 704 1223
58 541 650 902 945 1576
19 116 175 682 907
40 371 473 518 828 1195 1542
296 708
92 99 796 950 1771
317 1427
121 269 1154 1418 1516
511 1557
169 170 419 1150 1189 1281
708 1736
493 1293 1315 1445 1513
1459 1615
773 1166 1594
411 1494
639 947 996
1417 1579
877 1039
387 1098 1363
333 384 617
806 881 947
873 1162
1250 1545
47 240 1134 1510
29 174 1628
92 997
825 1773
857 981 1431
542 1388
368 523 751
435 460 618
602 828
209 307 785
207 1483
431 844 1714
746 1136 1663
1210 1707
314 1007 1350
363 1476
1000 1320
228 954 1738
217 373 385 826 906
296 653 963 1647
615 881 922 1443
461 1255
38 1631
38 242
237 820
633 697 749 916
257 422 508 671
795 1122 1482 1648
113 148 1321
439 1501
509 1172 1537
372 1143 1302
772 1007 1453
93 200 766
69 1088 1440
321 1644
1246 1688
246 994
251 476 984 1018 1533
1244 1384
370 521 1280 1379 1711
779 1748
160 254 554 779
1111 1213
431 1019 1275
308 637
1049 1273
1016 1462 1616
740 1271 1598
357 386 1205 1613 1714
95 137 139 241 1581
16 72 400
369 462 1392
1171 1577
841 1079 1217 1669
368 763 1757
569 726
5 763
84 618 1114
531 590 1009 1305
1045 1298
339 1348 1734
794 1506
418 618
720 1562
57 200 1128 1595
753 1156
741 799 919
195 516 992
148 543
52 216 443 1644
563 907
124 960 1347
571 1068 1739
435 616 649
718 736
761 1462 1494
167 1403
128 645 1628 1692
220 863
704 787 1247
36 113 692
204 1092
207 248
194 865
451 638 1754
1288 1441
42 217
327 1158
25 1257
901 1186
1154 1653
90 257 1528 1538
386 536 1118 1434 1540
1058 1404 1627
342 1166 1721
491 588 1220 1444
15 82 486
56 131 327 437 650 713 775
185 380 947 1199 1615
561 793
86 1429 1668
564 1028 1433
84 103
23 154 523 903
369 849 1589
315 775 903 1738
131 449 461 701 985
218 412 1002 1695
910 1485
652 677
90 419 1416
659 887
155 233 240 537 1096 1323 1457
482 951
497 1150 1613 1719 1743
356 506 633 775 1098
163 165 891 1347 1426
1349 1694
336 471 1017 1417
22 169 1088 1470
714 1409
1190 1568
259 261 1298
487 638 1255 1565
1456 1525
203 1213 1262 1699
427 566 1275
676 1608
510 1520
847 1306
291 1003 1090 1257
329 1458
366 394 630 735 1309 1343 1751
96 163 278
70 571 1258
337 1326
320 634 1233 1523
7 1151 1646
784 1394 1695
1272 1588
1 12 1292
392 407 519 1514
394 639 1711
48 203 227 255 678 1318
484 970 989
614 1011 1182
414 1608
412 508
19 859
215 734 1416
100 733 786
123 852
1281 1647
172 582 716 734 1185
1054 1641
426 923 1044 1683
962 1214
567 1134 1214 1653
530 690
640 1208
894 1250
495 693 1351 1705
140 227 1075
265 553 714 1410
52 683 1116 1571
884 1606
306 1046
1107 1658
687 1052
549 770 1302 1424
406 459 1316
252 749 1563
554 1665
242 1502 1541 1627
986 1351
550 1138
446 1633
113 501 526
746 1570
247 279 593 1395 1700
1082 1509 1642
751 1749
243 281 378 721 815 903
119 766 1433 1741
84 1036
568 638 1614
808 1098 1332
155 531 1392
191 942 1180
463 975
137 859 1298 1419 1487
202 418 820 1548
161 508
502 1481 1686
956 1483
285 1191
828 1750
507 989 1514 1566
230 293 448 1198 1214
596 1429
339 619 719 1330 1533 1655
962 1079 1109 1416
328 611 1122 1294
1414 1425
650 1469
1072 1711
265 678
469 784
42 253 1764
1411 1694
585 774 800 1409 1654
168 1173 1316
60 512 545
606 675 805 1329 1759
1405 1572
1418 1462
779 975 978
30 717 1711
31 165 573 1338
62 1161
162 1346 1459 1696
23 538 980 1696
770 1452
178 658 773
53 587 1350 1574
313 864 1486 1677
23 470 979
685 728 1517 1615 1716
212 264 548
28 75 448 534
447 1619
256 808 1692
123 448 1057 1450 1603
177 635
3 982
130 932
146 263 388 798
761 904 997 1522
164 705 1018 1217 1433
721 1380 1463
328 470
548 1104 1352
176 997 1032 1180 1491
1177 1612
2 498 973
22 164 1385
179 624 823 869 931 1001 1289
46 135 250
635 1340
586 612 1030 1275
1457 1769
503 984 1221
108 950 1364
444 667 1087 1289
260 1449
964 1262
333 517 905
40 298
124 1052 1408
188 990
476 1118
510 556
504 672
289 361 1709
668 892 1040 1159
447 497 665 1462
31 324 1382 1544 1738
300 1013 1208 1351
723 1001 1546 1748
859 1055 1308
1017 1244 1515
5 58 144 409 1535 1747
682 889 1735
565 998 1124 1528
1546 1550
976 1458
480 554 1529
11 140 1120 1748
461 1009
221 525 1669
265 984 1123 1415
648 1329 1353
1099 1690
641 748
263 369 949 1193
478 582 749
470 1330
737 1198
425 732 866
9 343 456
203 708 781 1155
161 1741
1075 1077 1106 1204
220 826
727 957 1024 1026
487 549
767 1336
561 1594 1647
532 1667
271 1116 1546
1300 1513
1074 1541
266 463 892 986
321 1003
24 125 469 685
425 929 1083 1139 1221 1752
949 1042
943 1515 1519
30 1071
1257 1570 1697
435 825 894 1237
172 664 683 855
546 1313 1613
437 741
969 1170 1329
80 486
669 1000
3 1370 1614 1716
147 581
230 934 1639
421 793 841 1263 1397 1520 1628
1241 1740
504 1557
325 398
119 165 477 1430 1678 1692
1031 1357
101 535 635
127 627 1118 1300 1753
841 867 1327
566 1420 1661
866 918 1029 1284
926 989 1162
1121 1619 1626
1551 1557 1640
93 617 1404 1586
271 787
88 298 473 581 923
348 1288
320 1624
98 1482 1503
29 604
243 1187
1125 1349
49 713 983
149 539 558
316 1038 1254 1413
1054 1326
990 1521
1354 1505 1707
257 988 1190 1648
111 1749
116 189 332 579
1487 1666
48 211 451
410 1282
482 545 924
439 713 1685
259 1183 1374
24 82
1313 1706
1287 1301 1453 1491
260 536
63 1266 1342
157 533 1094 1120 1610
1455 1672
45 668
949 1459 1620 1625
1085 1753
251 490
505 732
257 940
518 738 1443
958 1029 1544
270 1755
578 792 1406
357 1049 1479
1234 1371
220 1258
127 493
159 275 459
160 715 958 1150
283 464 1081
402 416 1010 1189
925 947 1079 1772
329 335 555 787
11 820 1066 1185 1195 1590
702 1117
717 760 874 1239
27 76 215 1771
514 1112 1421 1495
292 1153 1221 1280 1403 1570
423 529
35 1084 1702
89 101 615 1153 1258 1352 1462 1635
995 1263 1433
203 214 1710
243 282 1005 1148
503 1771
383 1361
953 1695
494 524 1111 1565 1747
676 1684
427 1683
476 730 1090 1234 1459 1630
467 873 1624
990 1741
61 584 852 1179 1752
1135 1435
642 727 1034
527 966 1277
773 1109
908 1624
17 1761 1770
328 1275
4 1715
421 934 1317
1189 1622
503 1750
510 863 1591 1735
527 1185 1335
512 1075
315 1293
269 894 1558
1357 1715
728 1032
264 1497 1567
245 1392
852 897 1050 1406
148 438 1141 1767
589 1133
34 118
331 1009 1495 1654
36 735 1723
438 477 780
1303 1454
58 507 586 638 1017 1238
33 132 233 283 628 1148 1450
1109 1297 1368 1690
351 724 863
617 1768
259 463 740 1096
63 83 1350 1511
193 648
58 672 1591
163 310 1360
53 673 1419
14 1739
6 92 576 1052
1009 1098 1686
155 869
423 980
68 648 735
47 497 898 1742
714 1449
183 305 612
42 877
24 521 1718
83 1661
38 537 1757
616 746
251 373
721 1444 1484
1293 1315 1621
50 1696
316 594 998
532 1180
481 708 1560
1173 1193
495 1025 1029 1116
258 1738 1762
849 894 1691
342 1438
369 974 1214
572 781
699 796 926 961
495 1316 1590
534 662
223 967 1318
100 660 988
876 1258 1750
473 1104
1025 1509
862 932 1389
260 519 1206
868 1464 1502
523 1773
1438 1502
1125 1717
12 559 706
42 356 732 838 1576 1690
725 1404 1750
61 570 1025
121 145 344 1381
129 704
32 192 1023
25 227 1103
81 674 848 1101 1515 1625
207 210
866 1581 1607 1610
165 189 1625
916 926
727 795 895 983
185 1318
600 1462 1519
358 493
1463 1465
150 1771
117 680 1007 1653
508 981 1602 1686
463 934
221 791 1754
281 1393
269 502 816 1310
547 1182 1270
855 1180
80 541 777 1082
1276 1464
425 845 959
597 918 1043 1315
546 1703
508 1104
1022 1646
244 457
504 1076
413 1470
137 1313
856 1414 1757
76 510 1262 1635
322 1048 1076 1133 1269
200 1332 1389 1658
67 832
423 1155
198 794
440 763 1064 1250 1458 1758
749 1086 1175 1558
32 1651
446 546 965
154 421 896 1344 1356
390 685 818
114 383 546 1249 1262
54 136 151 1335 1589
763 1515
28 1383
920 1743
1313 1379
128 374 689 733 1416 1515
1180 1254 1440
13 378 498 1713
696 744 1384
133 178 181 1124
277 774
440 1520
709 1710
177 1016
152 1058 1362 1457
846 1002
986 1201
1103 1435 1509 1706 1727
769 1071 1622
574 1689
524 610 986 1067 1213 1706
76 1430
114 711 1465
317 620 1654
648 859 1032 1634
647 799 1081
91 295 1329
1273 1419
338 1336
1466 1537
238 1033 1235 1499 1747
795 1303
214 458 514
1445 1463 1670
296 1084 1100 1142
50 150 427 533 959 1510 1710
259 459 567 1736
273 391 1049
738 1221 1260
12 906
416 1257 1716 1750
875 922 1654
504 574 601 1162
1251 1442
458 462 905 1677
159 889
85 1201
245 1198
1234 1243
1473 1710
183 284 733 796
525 781 1241 1728
79 1751
162 515 802 1286
154 245 949 970 1073 1474
87 354 970 1346
263 269 966 1773
68 1384
196 973
1038 1122
192 697 1105 1672
1082 1361
568 910 1736 1745 1747
11 404 907 936 939 962
575 625 636
76 1304 1537
247 481
530 746 985
51 169 1614
138 198
1115 1367
752 1086 1618
106 331 415 1199
229 434 1314
328 399
355 1284
110 1708
369 642
198 349 1459 1466 1645
105 1004
1018 1694
137 669 679 718 1274 1352
449 935
47 471 638 1239 1265
36 166 548 566 681 834 989 1769
673 908 1181
42 1660 1747
114 325 327 769 1130 1299 1580
624 1070 1509
162 250 357 947
154 1299
597 750 1201 1479
309 1421
130 317 1375 1514
733 756 869 1139
355 522 1249
408 546 944
317 884 1048 1220 1267 1295 1325 1506
40 259 1162 1380
37 1183 1709
857 1532
153 954 1155
18 71 1364
434 519 675 1707
9 617 937
47 329 1110
492 735
1219 1471
1161 1238
896 1469
174 458 816 1621
116 548 714 1708
174 1503
263 643
1225 1548
863 1384 1612
296 1173 1589 1770
408 568 1236 1330 1366
286 298 524 635 791 906 1667
407 936 1271 1718
1321 1473 1508
54 1316
480 1430
400 841
767 1695
416 585 976
629 882 1586
845 1002 1462 1482
363 772 852 1238
83 89 138 259 1430
884 1723
131 375 1216 1622 1677 1753
132 595 770
1120 1301
201 1717
434 766
441 526 1094 1326
3 598 655 1162 1186 1292 1571
85 188 631 1221 1323 1405
1181 1366
297 1633
933 1331
272 876 1028
279 408 1057 1490
1343 1595 1651 1700
680 1134
331 421 740
337 359 1120 1380 1506 1670
591 643
28 224 499 538 696 856 1125 1590
533 1096 1529
1282 1376
430 1578
150 409 544 559 564 1394
30 223
177 1681 1735
61 751 971 1194
366 484 576 1620
60 706 1155 1429
778 960 1129
468 994
1011 1156
523 1745
176 296 1181
145 853
758 1338
965 1359
38 788
263 1653
781 1149 1576
58 411 907 1105 1299 1507
737 1177 1346 1406 1700
1473 1523 1551
502 523 746 1332 1552
526 1164 1768
187 432
728 1763
592 677 989 1176 1259
391 456 985 1584
578 1489
375 542
176 1104
526 614
318 441 1347 1563
1060 1120 1131 1154 1707
336 1366
27 42
1391 1394 1648
72 191 411 975 1028
223 630 1321
579 1330
395 935
952 1031 1217
197 1048 1325 1436
158 233 251 1103 1246 1608
433 448 920
207 590 856 1672
1105 1234
942 1111 1561 1748
995 1054 1439
918 1595 1725
73 896 1338
128 179 695 976 1622
590 1065
2 74
1010 1047
1003 1165 1391 1746
53 216 407 739 827 885
138 431 1107 1592 1766
910 1430
631 1467
468 616 1623 1648
23 184 1032
320 585 668 1670
665 1187 1441
1115 1446
356 769 1603
400 867
2 71 932
738 886 1346 1527
1029 1131 1609
12 366 1333 1520
1242 1483 1530
1321 1456
991 1182 1386
1536 1679
809 1654
232 930
473 1212
717 841 1276 1317 1355 1545 1697
1006 1666
1275 1403
248 665 1314
952 1631
68 586 1042
409 1518
1336 1645
170 313 603 1145 1638
766 838 1082 1335
288 1376
59 176 1114 1153
450 670 1088 1112 1337
101 109 378 1062
347 1213 1438
506 1755
280 332 343 429 1147
221 280 631
81 315 776
67 1081 1553 1705
91 713 830
74 98 1305
170 1739
340 391 884 1023
927 1259
1145 1513 1640
53 720 1233 1641
371 1305
114 609 1178
61 229 618
922 1438
275 1637
599 1135
172 779 1205
267 1080 1178
478 1236
678 974 1351
38 441 827 1276
103 715 1166 1389 1482
360 1126
587 1375 1442
57 857 1349
753 775 957
263 474 941
30 931 1164
10 755 1079 1332
89 630
113 205 732 991 1069 1425
295 1401
735 1154
328 1105
585 604
91 97
574 1153 1268 1326 1359 1500
758 1654
713 733
705 910
269 665 827 892 1102
1238 1522 1544
45 764 1189 1537
335 434
309 939
213 1246 1533
510 1175
216 1507
444 887 1531
28 381 1110 1611
1137 1172
325 461 968
610 1034 1574
305 1140
1214 1471
1060 1195
665 1159 1172 1320
447 627
421 1111
99 440 549
770 964
385 452 804 1011 1648 1702
499 652 749
239 1280 1291
853 1164
880 1329 1577
419 1345
97 528 1079
938 1725
88 158 1364
29 1408
250 1644
421 963
55 752 893
81 1300
750 1125 1466 1709
76 1078
831 1666
554 1455 1563
895 1477 1481
472 879 1269
601 1634
153 214 246 258 1738
47 390
145 876
42 341 383 813 1045 1729
480 1340 1380
165 745 1248
893 1055
1334 1660
158 341 825 1245 1404 1531 1536
1186 1385
763 1259 1263 1671
1030 1505 1581 1673 1740
592 737 985 1709
228 1231 1352
1596 1767
99 1425 1473 1756
36 691 802 1001 1168 1684
960 1608
45 137 942 1161
1335 1386
623 1261 1314
29 198 546 1118
831 835 1186 1612
262 354 465 1374
24 481 708 1239 1330 1544 1598
287 903 943 1614
1085 1103
131 143 440 1525 1557 1587
183 606 1512
30 1545
640 644 857 1740
149 1599
1433 1534
506 1611
145 249 472
282 1205
801 1304 1577
20 1027 1643
243 452 625
123 647 946 1691
431 958
270 359 393
927 1769
941 945 1173 1190 1409
53 79 478 1461 1643
1444 1767
786 1117
99 933 1525
397 842 1282
588 669 696 846
19 1012 1296
44 313 1523
2 151 419
637 690 718 1192 1455
431 976
476 1686
83 509 1022 1741
454 1020 1440
455 973 1175 1483
368 895
63 1091
385 1228 1508
147 166 1390 1570
605 1258 1438
194 222 559 777 1385 1628
74 550 935 1134
1110 1300 1404
124 353 478 862 1254
603 833 872 911 1272 1473 1678
564 1006 1181
901 1772
237 560 1320
211 214 506 751 1350 1718
545 1390
196 751 951 959 1179
217 365 930
263 1284 1581 1706
720 1152
154 1550
337 1468
950 1679
469 981
621 647 723 1475
212 347 1497 1512
1454 1705
931 1764
539 630
521 682 1002 1084 1549 1660
59 248 752 931
260 912
560 618 631 751
883 1058 1333
677 1756
406 1740
474 1603
193 207 616 871 985
150 160 1423 1491
256 514 1158
129 794 1313
601 1318 1471
76 119 183 310 473 1363
589 1322
203 625 1253
291 576 1118 1645
187 658 996
374 1568 1621
76 959 1106
51 869 1030
364 758 1350
272 550 837
258 290 333 964 1002 1150 1332 1452 1644
24 368 1184
783 972 1238
431 874 932
757 1574
740 1210 1285
1660 1726
63 466
31 1099
207 1172
714 848 1465 1494
962 1143 1367 1665
169 208
140 362 869 1117 1669
627 834 1135
305 647 864
722 1415
394 1651 1756
92 827 1546
669 1231
121 141 370
227 839 1344
242 701 816 1101 1356 1574
516 652 687 1184
221 779 1287 1686 1722
494 834 1382
1694 1771
349 423 1397 1574
565 1640 1700 1754
210 223 1498
25 264 594 715 1411 1764
502 1308 1312
1012 1326
249 399 1344 1362
40 1281 1504 1515 1714
927 1769
82 229
816 1018
99 245 790
326 1332 1413
1038 1321
544 1462 1674 1767
229 308 1297 1374 1620
460 689 782
427 583 1113
175 542
26 730 1164 1683
1084 1636
823 1649
157 672 692
295 758 1565
1168 1335 1660
539 1357
171 851 1633
283 659 1243
480 763 1251 1338
513 1701
513 790 895
363 785 832
1407 1453 1763
1177 1239 1310 1614
699 974 1605
132 363 1138
104 1659 1725
1148 1538
32 1483
313 1302
158 836 1145 1631
375 526 532 601 880 1152 1470
100 224 1342
341 846 1063 1240 1438
609 1565 1613
368 382 1268 1669
500 644 1391
134 332 463 1034
242 1533 1586
212 1763
138 1320
303 906 1012
833 990 1340 1730
720 808 1420
652 1314 1493
1394 1489
323 1531
139 1050 1327 1450
456 1773
130 294 1572
618 762 1748
143 734 1133
359 1047
672 1029 1131
72 1091 1264
398 1173 1403 1408
120 595
627 1228 1437
435 529 932
633 838
185 1579
378 861 1169
605 1018 1102 1674
296 893 1434 1455 1620
882 896 945 1141 1340 1574
412 658 787 904
570 1221 1459
178 1489
428 592 654 1160 1454 1459 1528
467 1088
391 999 1616 1734
1180 1186 1723
3 443 1399 1642
157 807 1503
425 1604 1749
1019 1677
89 265 554 753
700 1435
1198 1606
67 533 1219
621 1195 1584 1677
1052 1065 1272
1576 1674
1247 1507
374 1766
445 799 911 1285
155 992 1090 1250
243 418 1765
291 363 633 736
267 1595 1735
1194 1505
9 216 376 894 1291 1418
615 701
160 194
1026 1118 1757
742 1199 1328 1603
568 1314
502 838 1621
355 1627
293 1098 1352 1672
805 1309
394 983 1153
648 668 1504
1285 1697
116 721
1405 1502
295 1014
169 1424
989 1423
248 997 1622 1628
68 1296
193 1533
609 771 1253 1348
609 970 1487
899 1188
419 1127 1251 1375
424 1390 1496
617 1491 1560
759 1532
262 1507
509 853 962
2 193 1372 1456
794 1687
168 249 261 516 532 1338
609 1034 1620
183 452 1115
382 656 773 988 1242 1417 1419
557 705 1201 1224
431 921 1092 1290
21 630 662 1470
263 604 1299
721 843
99 1546
659 744 1384
97 428 742 883 1654
95 139 641 1155 1204
185 547
1030 1253 1500
1273 1396 1440
1022 1606
425 1704
319 1633
1555 1565
1051 1333 1468
1300 1481
82 86 1286
607 800 1518
1036 1062
1173 1450
845 1626 1649
66 1470
878 996
423 995 1257 1301
1052 1059 1558
1106 1477
402 975
292 589 669 929 1571
188 943
199 941 1721
197 395 824 1680
1022 1046 1503 1580
189 451 462
38 491 617
419 832
159 390 967
1347 1354 1510 1551
1655 1742
197 238 1296
1074 1501
291 474 597 1429
145 173
397 1337 1458 1702
1523 1726
150 485 930
565 1120 1265 1371
1449 1570
990 1513
1024 1471 1624
505 1695
1463 1758
649 905 1414 1451 1657
1192 1222
38 398
929 1640
645 1098 1613
407 1368
598 704 1007
688 970
622 872 1575
387 910 1141 1488
243 842 1045 1250
1095 1348
283 399 777 1418
8 871
413 1323
381 532 534 1251
443 674 920 937 1123 1707
303 478
9 248 981 1431
281 355
565 1442 1672
263 366
720 1374
638 754
296 1058
312 984 1662
966 1169 1224
1250 1317 1454
114 438 662 742 1156 1221 1702
468 930
370 407 603 1122 1321
859 1051
122 1150 1317
113 170
122 702 1200
20 125 149
146 257 378 890 1620
414 1070 1077 1379
1242 1333 1391
368 938 1088
518 973 1577
201 910 1045 1399 1752
140 441
1133 1148
89 130 158 486 1339 1650
1231 1582
35 1130
363 473 664 756
717 1570
795 800 848 1095 1226 1329
924 1094
237 374 1647
592 791 1192
486 919 1591 1760
127 415 1471
913 1076
170 856
462 604
87 376 898
1239 1662
69 293 337 1737
483 610 749
66 1126 1310 1527
99 330
203 326 1162
79 330 705 1107
212 1617
120 247 1464
632 1608
460 1250
125 813
977 1059
390 709 893
365 622 1100 1294 1420
191 931
478 679 761 1326 1608
90 848
336 1321
241 1345 1393
264 807 905 1302
337 719 948 1115
278 414 868 1192
321 344 643 1063
1007 1177 1594
353 1737
466 1310
320 1276
152 1180
35 1030 1732
955 1111 1297 1352
34 629 1741
776 1444
107 748
204 255 1119 1279
598 1293
669 761
93 108 540 1203
586 887 981 999
138 1366
264 525 868 1551
1128 1346 1482
412 413 874 1273
556 644 1226 1718
724 1590
31 131 1042
227 1102 1351 1507
121 941
834 1506
49 58 1442
610 1561
628 1194
350 869
1061 1769
1031 1351
286 869 1295 1581 1706
379 1371
1169 1537
161 322
155 726 1072 1169
47 890 1039 1322 1558
327 889
412 978 1153
217 1078 1258 1584
567 886 1161 1744
294 470 814
151 536
325 847
246 259 1525
302 985 1280
133 1093 1367
125 626 1603
724 973 1507 1561 1771
967 1342
52 247 622 731 817 1240 1352
368 1121 1414
874 1026 1465
744 763 1177
621 813 1635
1468 1510
1076 1602
827 1441 1598
960 1131 1395 1666
35 615 792 861 1705
617 1106
865 1297
545 1204 1340
168 1378
150 1067 1231 1495
241 463 642
922 1205
248 336 556 1303
475 676 698 736
121 930 1168
68 337 704 903 1602
311 388 1116
564 1125
67 883
63 249 384
539 1333
915 1239 1720
1215 1533
120 1003 1360
209 693 1067 1618
93 1521 1666
23 114 140 293 704
425 1232 1738
513 1590
307 1754
160 1571
679 1336
1035 1343
848 874 1079 1552
211 519 1330
123 168 567 1001 1172
623 1662
45 85 315 317 761
1296 1413
267 1404
421 469 1160
192 256 547 1000 1352
379 741
36 781 1048
505 1169 1566
1133 1155
184 504 592 1429 1724
45 889 1461
378 728
350 564 1449 1528
1435 1701
83 1149 1379
1142 1452
936 1329
162 930
636 963 1141 1199 1247
125 446 855 879 926
513 1070
73 301
796 1767
1463 1536
224 313 1086 1244
585 758 884 1761
27 1265
734 1057
74 1014 1037
321 1766
20 439 631
465 618 633 1061 1582
120 659
395 1338
108 470 677 692 1666
718 771 1333 1346
1189 1275
337 513 1676 1699
110 881 1111
771 1347 1770
1481 1749
641 1135
963 1196 1351
686 1177 1684
99 648 1113
149 1549
505 639
355 1033 1322 1430
207 217 354
880 1352
113 707 1334
58 1009
92 101 789
269 608 1120 1266
831 1347
689 961
516 534
168 491 598 605 737 1137
915 1560 1645
428 1082 1249
362 712 917
661 685 797
382 1376
402 545 581 787 896 966 1701
819 1453
416 637 1407
1636 1672
27 860 1187 1233 1365
523 967 1411 1452
207 1146
343 879 1187
245 1285
805 866 1425
64 161 1495
668 1361 1422
706 929 1619
142 964 1282 1415
551 1141 1283
523 693 1055
292 480 1041 1190 1210 1497
250 286 333 659 969
228 831 1654
475 658 715 823 1184 1726
145 160 1530 1568 1586
391 394
90 659 1374 1453
389 1719
419 723
372 856
867 1071
2 237 411 1477
783 1697
135 1029
10 1553
1017 1031 1050 1057 1192
685 768
247 899 1126 1206 1762
76 513 653
558 600 690 1018 1238
47 88 277 718 1457 1736
200 578 935
575 774 1091 1276 1552 1671
66 169 647 1036
72 400 869 1098 1661
854 884 1644
752 1711
347 586 1519
985 1348 1686
1296 1408
1016 1574
174 625 960 1227
228 340 615
66 295 664 1080
680 1160 1187 1606 1752
846 1341 1433 1576
394 1369
316 1132 1407
579 812 1533 1632
6 64 123 501 652 1503 1588
219 468 1033 1505
366 817 825 950
340 909
50 56 254 700 708 817 1505
156 783
1577 1749
742 933 1415
203 918
163 1198 1217 1612
568 623
506 1156
150 244 964 1225 1317
260 464 1155
183 277 870
655 950
416 1263
224 463 1051
732 1657
1048 1275 1552 1741
1007 1320
21 777
490 883 1126
341 1197
905 908 1569
512 1503
212 1664
114 1263 1442
302 679
773 1003 1074 1219
71 1382 1407 1467
711 1114
50 965 1425
82 812 935 991
92 139 305 721 774
290 1339 1343
27 155 215 950
548 1189
297 703
405 853 1717
508 924 1142
46 1541
133 1672 1728
71 370
578 582 1205
373 754 1340
416 766 1112 1127 1287
480 845 871 1059 1303
212 1081
385 881 1169 1669
593 717 1199 1348 1425 1490
624 824 1529 1579 1737
1413 1513
1111 1135 1424 1750
413 1419
96 153 1155
597 941 1193
481 1306
397 1194 1486 1508
157 346 484 1705
167 267 1182 1620
301 1371
364 381
950 1156 1275
272 338 1579 1600
635 1074 1419
214 1049 1433
154 1625 1753 1771
191 1684
137 1032
342 963 1565
162 410 1252
848 945 1126 1498
568 1667
141 1772
1302 1338 1394
988 1230 1645
127 946 1168
33 855 916 1298 1594
754 973 1262 1263 1482 1528
616 824 1603
333 677 1633 1769
251 449 1772
431 552 756 1034
156 171 283 943 1102 1668
519 710
552 777
128 1004
329 1396
216 286 387 949
867 891
863 1135 1359
4 100 668 674
105 306 1255
258 582
1393 1596
464 740 1753 1759
251 1400
1314 1453
1173 1266 1311
478 619 1181
627 761 794 1012
118 382
98 425 502 520 872 1166
159 413 1683
771 1294 1343 1636 1696
242 292 448 939 1407 1730
623 1188 1425 1431 1506 1592
169 329 931
403 614 1120
585 1351 1425
96 1755
213 378 1040 1137 1357
177 642 677 1332 1773
83 479 800 927 1002 1251 1447
859 923
370 516 628 1391 1768
424 748 1341
67 736 1257
297 865 976
112 1009 1218
155 866 1001 1550 1767
630 1353
648 1174
876 1696
284 435
97 322 1290 1423
7 216 559 1026 1028
264 1192
226 991
461 1027
267 283 380
777 1268
1524 1559
38 123 1620
170 341 364 405 1098 1557 1652
176 977
316 1727
62 801
781 789
591 1297
1031 1145
1045 1156
374 731 1105
49 59
245 734 1394
320 1491
449 625
118 1427
418 1152
408 1391
211 467 1563 1761
75 288 347 447 1441
300 1077
109 237 1138 1543
746 1331
186 394 1574
798 1124
724 1053 1271
349 822 1393
97 344 1185
409 1512
349 799 1687
166 853
471 594 1149 1656
305 374 564 664 1642 1773
427 760 1129 1598
189 497 538
1633 1695
561 977 1116 1167
149 266 908 1507
335 366 1007
7 748 1204 1772
675 761 1115
820 888 1375
1 10
130 1514
15 125 789
193 586
416 1662
151 358
443 541 1334
898 1017 1752
248 541 612 1634
1271 1406
1024 1145 1353 1502
1517 1563
53 137 567
560 590 1136
671 983
973 1684
236 517
1086 1209
282 1306 1457
271 1015 1597
349 535 1772
564 765 1082 1161
156 230 416 778 809 1362 1493
175 1624
343 617 714
165 457 1081 1345 1454 1561
916 1148 1346
210 1184
168 271 352 846 1387
1153 1751
198 824
1199 1402
622 688 1326
308 1374 1491 1675
31 209
658 1205
352 527
116 342
877 1109 1372 1655 1717
701 910 1213 1245
1166 1241 1376 1506
260 356 1711
16 1753
198 490
1107 1683
223 1494 1725
229 435
499 1509 1601 1639
54 1216 1584
72 491 550
434 1595 1649 1701
174 503
348 382 629 1195 1302
128 470 1291 1359
1388 1408 1522
913 1534
585 1102 1127
117 204 316 1008 1418
546 1592
13 347 501 857 1606
339 716 1173
631 1452
