895 1330
151 225 686 825
108 159 890
330 356
208 455
328 673 696
135 231 339 492 546 671
115 741
483 595 716
72 669 849
630 707
267 591
285 733
356 385
44 632 712
117 203 264 269 848
90 895
205 319
249 372
220 844
307 342 412 439 452
488 573
143 211
279 368 377 820
136 343 715 834
148 250 822
17 418 775
57 214 443
92 123 341 533 577
499 533
275 727
116 418 447
634 654 894
471 556
159 377 629
67 559 737
226 687
270 334 667
501 838
283 436
414 519
111 120 702
407 783
270 538
32 333 604
382 452 693
243 249 500
259 725 727 858
224 687 789
64 362 505
220 292 534 577
839 871
358 638 744 752
12 466 467
233 399 735
208 385 445 647
279 339 626 815
186 385 569 711
143 555 801
465 647
338 412
612 636 641
10 104 525 550 723
475 799
589 875
62 96 168 817
71 658 875
66 76 161 191 226 278 690 779
120 588 883
322 541
533 647 877
111 192 370
91 701 879
843 855
4 55 304 589 681
98 137 154 294
278 336 573 894 895
237 247 822
468 490
192 379
8 405 742
589 715 726
153 179 686
121 516 619
216 603
127 262 626
334 522
8 192 861
24 550 628 686
199 310 355 421 582 682
12 94 776
7 34 84 619 880
594 763
398 700
368 471 775
83 798
729 802
698 820 852 872
604 679 701
30 235 472 488 547 576 591
238 280 289
249 398 573 633 877
673 685 874 886
52 73 382
485 531 629 887
220 382
100 279 555 744
562 798
98 427 642 702
7 249 346 497 877
42 195
533 601
56 653 820
397 442 680
222 375
470 498
125 161 331
364 759
61 369 509
214 547
94 199 503
432 564 846
109 116 275
57 650 687
97 785
223 230 367 696 784
600 790 837
16 208 576 873
133 832
203 444 482
64 219 262 325 640
159 191 326 429
228 371
341 556
388 482
254 681 747
321 376
291 691
547 861
16 142 229 396 763
463 476
230 433
371 537 781
26 459 607 678
419 764 771
298 355 386
306 523
235 453 681
46 74 335 400
576 881
169 871 875
150 468
71 100 655
28 214 601 817
13 715 731
229 279 789
30 282 348 349
20 508
34 306 340 568 822 831
443 676
190 767 851
48 816 857 876
114 608 652 739
357 872
140 455 758 843
126 312 542
252 449 576 615 836
86 864
31 461
337 770 873
741 808
140 395 623
310 353 510 798
331 491 571
91 247 380 433
86 290 590 805
97 578 695
61 196 562 581 591
91 576 619 835 889
444 629 773
208 315 868
14 318
370 886
189 203 432 682
402 587 655
141 432 549
21 558 707
540 620 695
128 264 790
403 690
98 100
451 489 574 606
41 197 544
571 679
96 538 644 790 829
208 342
192 491
69 171 576 652 711
117 547 645 815
125 614
182 324
122 232 309 708
249 686
122 270
138 603 675 794
33 339
386 529
126 256 532 560 727
221 422
296 697
386 530
22 117 356 496 517
239 357 639 762
345 416 460
237 299 483
181 660
58 750
537 601 652
17 693 859
235 318
554 760
164 376 477 540 658
247 809
259 737
58 164 346
117 232 247
52 304 507 633 669 811
187 313 452 585
63 419 782 873
255 732
282 331
338 514 582
608 685 705 732 878
464 603 869
67 403 436
613 632 856
104 215 446 824
44 246 273 431 457
353 527
115 643
489 694 792
349 716 789
493 647 792 861
391 426
431 471
23 125
61 653 740 801
29 146
97 519 582
141 475 560
29 529 850
8 140 522
188 479
188 884
360 414 657
289 498 705 764 879
5 62 372
148 461 560 799 811 848
117 160 298 423 761
169 194 895
535 748 750 782
271 574
20 453 598
92 276 445 514
175 395 461
295 323 603 851
298 737
130 725
498 653
13 679
459 594
274 604
400 744
151 509 704 859
136 566 796 814
498 694 888
159 175 659
201 445
111 482 556
184 272 322 561 771 881
41 364 671 878
368 441
321 487 819
433 680
291 360 632
433 738
129 213 350
121 696
70 124 578 698 728
129 776
535 575 867
116 202 734 775
651 692
33 341 377 448 607 611
33 36 51 521 538
7 824
300 717
377 462
55 326
22 565 614 647 766 857
6 431 522 594 736
101 418
15 450
289 296 555
202 276
285 882
27 96 682
273 653 826 829
579 873
106 502
269 799
487 516 579 609 747
204 420 845
524 792
15 168 279 389 513
761 895
183 263
30 40 501 792
505 509 886
475 685
121 190 605
98 185
754 837
66 199 485 685 755
502 544 559
455 502
121 375 555
163 379
204 346 512
137 706
209 816
572 742
171 701
17 335
393 807
38 47 97 158 366 376 639
153 584
40 490 819
17 106
23 91
709 884
168 270 869
32 143
333 796
7 9
148 851 860
61 332 886
391 438 528
215 873
86 343 681 736
463 712
657 735 802
27 184 420
589 725 828
603 722 790
136 509 559
137 449 479
106 365 684
175 367
311 350 770
220 593
91 645
315 410 535 627 711
121 260 604 625
84 363 437
167 717
15 749
193 278 328 696 705 792
86 534
316 487 546
550 582
15 100 532 881
226 582 805
180 343 606
20 224 254
13 601 634 687 815 856
345 592
167 798 876
105 161 800 883
386 866
354 472
143 867
169 194 522 626
30 386 767
271 453
243 514 746
264 575
198 409
39 529 531 652
95 97 209 547
587 701 778
243 424
416 770
56 123
558 771
97 262
135 556 604 724
165 278 435 889
140 398
178 368
330 457
721 731
167 519 739
511 894
354 419
646 882
78 496
294 545 648 668
149 604
183 277
407 792 817
448 714
151 210 420
320 523 605 809
379 679
554 614 669 684
655 802
34 479 644 648
375 379 755
332 416 839 855
394 529 629 771 877
99 246 461 616
88 201 827
171 733
279 466 590 648
106 360 659 846 859 867
43 326 346
321 458 648
67 556 711
579 683 803
31 289 689
45 665 701 850
107 561
74 665
212 400 555
444 556 653 707
414 448 671 724
137 375 807
138 163 474
162 212 237
118 379 657 760
444 584
311 340
286 854
56 143 282 589
262 269 524 769 814
430 488 624
626 696
289 529 533 836
214 533 543 545
55 224
113 224 251 310 355 523
1 519 537 639 713 784
284 333 480
256 559 859
84 164 532 624 716 878
79 105 114 605
562 591 698 732
337 488 568 749
52 127 533 676
636 685
705 834
7 81 211 763 803
198 260 634 659
90 492 756 880
515 599 618
344 439
333 776
85 626 722 863
466 719
385 823
378 704
630 680
163 835 881
180 651
370 416
168 172 433 822
26 116 522 672
50 106 622 788
106 424
416 444 623
300 356 463
46 516
155 360 657 716
681 807
162 257 473 779
409 730 740
287 348
23 144 466
377 407 410 451
98 346
553 629 779 785 802 808
172 331 562 792
405 535 663 837
90 629
81 539
510 639 833
581 806
548 639
73 480 769
116 184
106 275 554 881
158 803
634 678
330 586 715
34 38 102 573 732 894
159 578
290 350
13 322 641
232 321 727
362 701
277 688
206 259 476
174 381 681
110 505
182 272 470 481 667 869
109 354 813
48 100 849 873 876
330 411
1 178 486 582 750 872
33 557 625
22 244 865
155 381 856
126 405 531 750
615 817
15 552 803 882
7 248 727
23 275
146 308 511
813 820
20 204 461
271 579
17 271 398
209 850
531 649 705 799
67 474
180 226 604
46 491
234 236 597 623 835
49 870
223 344
19 419 424
376 547 869
136 173 338 887
239 269 391 596 736
62 527
356 553 794 801
313 577 637
55 808 833
73 187 501
34 355 707 775
157 600
238 380 444 671 704
348 881
100 420 621 762
1 66
519 597
322 421 558 894
486 623 670
140 755 856
585 887
157 396 794
71 202 892
237 272 293 493 583 639 744
86 168
56 145 636
147 270 478 793
307 553 824
538 738
46 103 123
85 192 453
175 581
23 646 662
528 871
809 886
321 821
26 325
93 248
296 677
237 271
95 496 535
49 146
17 48 328 383 777
209 331 540
92 100 895
291 560
18 117
94 117 517 833
587 794
155 167 294 836
276 366 590
36 403 595 668
116 514 702
434 606
154 860 863
37 219 496 660 739
370 570 824
164 222 772 790
745 801 813 847
34 529 692 768
402 441 769 835
223 579 768
256 283 495
405 809 871
595 656
340 464
32 192 325 475
333 423 456 619
352 601 859
745 893
485 717 737 890
27 212 853
215 436 541
651 880
26 126 274 462
166 886
212 239 484
273 379 803
272 330 364 869
511 743 874
161 424 564
433 566
238 308 415
190 206
270 517 757 857
216 443 483 738 813 820
361 889
41 380
382 636
381 837
226 343 422
76 632
162 347 348 481
39 136
152 268 365 746
72 713 736 803 872
281 424 670
8 193 242
189 421 690
366 483 667
407 511
8 81 202 494
95 277 478
339 459 862
635 816
195 355
726 734
248 692
465 494 548 582 849 859
177 866
68 410
98 527 824
99 208 466
82 398 798 817
214 362 758 858
403 743 894
52 458
64 408
546 648
61 473 677 790
119 244 672
79 672 681 763 816
729 882
11 639
126 670 854
344 602
13 541 550
213 250 260
319 647
50 724 761
199 276 758 796
148 172 276
157 509
298 562
384 419 737
174 659
485 774
47 266 402 421 657
443 890
7 181 257
185 419
249 276 642 742
163 684 727 747
101 331 443
32 710
466 501 558 843
154 244 629 658 670
270 281 786
222 243 365 418 471 644
290 582 673 764
445 507
442 663
60 804 837
370 541 610
508 631 694
115 377 483 538 561 800
4 43 617 823 826
46 319 701
99 462
10 473 492
106 135 657 786 800
407 486 540
153 322 556
284 444 454
76 404 866
364 560 617 887
531 797 829
224 287 412 873
334 354 473
225 359 703 785
55 345 738 850
14 435 507 667 717 738
84 721
179 186
290 350
232 436
402 439 476
447 470
107 188 225
146 233 473
296 307 491 750 793
101 358 771
561 678 743
239 372 638 647
223 376 579
359 730 776
372 534
288 291 642 877
372 422
421 730 765
96 100 373 469 687
132 214 352 809
53 57 161 222
304 511
232 364
519 830
468 533
235 322 510 887
594 886
79 263
101 116 166 559 886
35 241 463 790 860
104 111
201 406 549
263 298 578 753
265 363
255 277 339 829
1 216 467 725 847
370 853
24 75 476 653 721
60 595 827
55 157 228
179 219 701
402 695
709 817
44 56 264
312 337 549
111 232 457
60 794
71 243 493
146 194 209 289
156 393
18 58 861
420 700 732
59 692
21 148 263 281
43 140 269 665 821
384 552
53 168 757
192 470
347 581 716 824
1 178 587
140 313 414 468 695
199 815
86 154 673 703
713 746 850
157 466 557 709
18 759
117 841
658 702 800
10 95
196 257 645 818
654 813
5 358 771
199 772
186 274 312 406
259 266 746
338 559
199 329 336 346
194 439 630 675
136 373 415
1 632 649
298 323 324 814 877
453 544
250 880
216 262 499 708
4 381 580 730 796
235 649
64 101 158 294 591 680 737 802
137 247 843
159 468
226 837
30 263 610 883
151 499 615
465 578 675 764 782 819
240 375 593 732 760
153 271
468 572
171 291 857
55 145 462 715
120 447 560
3 743 778
281 503
5 113 454
81 759 813
514 535
43 347 463 698
101 348 452 711 759
508 648 873 890
44 48 53 698
437 457 787
440 824
635 717
269 664 695
205 499 617
235 379 738 850
36 490
153 318 629
215 808
22 627 855
109 244 808
494 671
570 809
132 248 882
308 459
486 523 814
220 385 572
75 115 267 438 744
574 593 784
190 869
118 200
58 425 703
355 759
373 683
287 733
431 565
232 250 729
217 405 601 817
482 609 885
61 453 754
5 558 726 810
20 545 607
312 560
671 746 817
36 97 385 590 821
99 753 758
42 228 683
73 215 331 543
124 306 884
350 442 652 870
336 844
684 772
216 458 605
73 218 225 601 720
48 233 643
104 409 820
235 437 483 809 856
573 577
246 761
269 487 551
43 171 341 746
99 512 607
424 546
358 776
32 581 589
392 459
76 442 508 595 683 826 840
442 760 833
241 507 740
42 94 153 485 862
58 730
503 665 811 874
697 876
29 261 443 668
182 706
167 170 587
168 320 809
235 400 668
38 180 244 528
187 220 778
346 458 753
50 381 545 729 785
239 649 827
727 874
345 505 527
215 358 892
498 635
465 577 678
11 131 201 395 507 570 609 644
18 37 328 755
554 758 891
532 641
46 345 594
15 196 328
839 869
638 855
247 371 431
230 486
44 77 156
509 632 671 675 796
64 302
427 432 755
24 26 227 555 587 870
204 282 552 871 890 894
230 402 416 518 688 721
419 777
62 386 417 438 738
172 341
93 517
171 506 599 802
42 600
121 169 273 479 490 682 780
97 216
224 414 428 768 769
179 545 770
38 219 654 834
572 878
144 675
591 791
204 354 547 778 794
331 734
10 209 577 626
43 250 351 848
203 483
200 240
39 398 723
95 366 860
90 285 474
15 442
314 471 540
431 851
395 431
123 219 412
33 294 400
67 316 511 670 750 867
192 526 535 641 855
475 595
174 414 459 468 843
339 453
67 294 321 550
522 772
58 113 223
455 657
358 859
405 520
26 341 348
461 505 554 675
758 802
95 313 657
631 673
73 622 881
352 834
104 223 471 489 822
204 205 364 403 414 459 652 816
112 129 411
297 298 319
489 588 856
511 813
195 426 547 751 861
7 157
84 411
153 613 667
13 81 468
65 432 703
101 547
48 114 127 214 370 619
668 794 890
818 879
277 457 500 721
179 424 722
114 521
241 284 816
216 498 658
673 737
2 158 626 856
227 874
48 808 829
158 884
738 809
37 508 784
397 489 492
352 535
227 392
451 573 644 869
279 398
283 764
57 476
347 455 503
214 366
359 577
473 828 867 890
15 513
298 764
153 601 657
18 282 850
111 591
227 775 857
3 60
47 368
470 640 747 799
7 524 799
3 318
41 623 725
221 317 326 420 742
101 559
89 321
369 894
162 253 694
636 895
3 110 349 605 766
105 713
196 226 289 836
140 224 562
54 163
273 573
586 611 775
42 101 125 199 514
123 179 405
54 58 85 257 360 498 661 759 849
694 812
38 495
37 291
105 155 246 312
390 662
335 619
182 513 707 762
356 454 541
360 713
541 833
220 779
18 171
10 171
24 178 597
498 550 603 621 828
180 821
216 570 681
253 432 461 747
256 463
288 774 791
5 374 387 558
266 273
206 829
276 298 713
355 612 735
243 363
30 730
28 590 757 793
474 750 872
194 301 520
124 289 791
148 700 895
352 650
215 616
237 469 607 647
147 583 608
368 516
395 699
121 811 892
164 258 741
346 491 659 866
220 253 465 605
279 372
143 268 792
576 732 887
833 842
64 79 655
48 182
79 336 823
707 768
486 495
233 384 799 811
225 552
137 525 839
180 209 542 552
132 274 290
389 579 595 698
234 363 638
137 258 422 546 750
320 364 821
99 218 248 353
62 250 304 470 790
106 219
425 822
560 715
141 343 680 815
637 764 806
532 704
451 610 662
8 138
382 655
64 190 567 715 763
437 598
8 144 511 710
5 27 135 389
118 119
249 316
74 722
109 311 630
433 714 779
43 892
325 356 766
59 760
718 872
65 222 590 656 741 768 835
41 368 562 737 768
772 805
322 614
707 844
49 152 248 391 655 799 895
59 264
542 777
714 779
470 483 532 630
241 287 306 474
89 454 874
241 729
70 153 386
228 333 635
112 784
269 307 517
247 686 771
123 427 565 794
264 529
269 879
105 120 440 776
180 613 778
391 614 635 686 692
552 566 600
47 259 388 829
33 207 263
41 327 678
29 54
294 365 581
734 795
377 446
458 531 691
217 477 649
326 498 655
572 866
6 781
511 596 755
69 771 827
395 398 462 523 704
373 521 694
94 279 318 366
43 47 541
462 753 795
22 247 345 367
2 609 677
232 397 671 705
277 597 755
47 446
4 342 448
342 504
194 762
21 212
240 505 802
451 738
305 451
204 573
5 595
168 227 267 330 739 758
333 336 600 623 729
516 782 787 795
118 174 552
13 359 675
38 253
409 600
123 349
203 359 615 839
104 406
123 245 505
10 85 344 693 715
20 90 285 705
706 776
42 370 443
105 305 593
155 542
355 725 814
389 628
133 396 469
282 355 649
413 418 818
362 452 471 501
155 555 725 775 860
167 182 374
62 80 851
2 437 834
483 662
317 461 529
265 367 824 861
263 308 316 557
783 857
272 382
69 120 393 421 476
612 672
422 458 585
347 747
3 400 500 692
208 316
371 534
27 264 773 848
242 424
428 479 482 843
709 798
168 171 514
226 451
139 839
307 309
287 546 597 601
212 517
129 545 560 679
474 482 832
92 253 391 493 500 564 593
288 307
447 758
424 454 570
200 393
284 519 772 793
282 665 698 719 803
42 107 781
243 245 493 555
261 634
267 345 581
622 837
162 332 390
349 608
372 717 884
596 755
115 318 545 642 890
39 44 154 569
496 507 641 733
85 211 310 463 582 669 744
256 713
73 124 753 822
163 680
396 478 524
159 210 486
16 98 138 276 328
36 414
41 838
96 135
307 563
391 535 827
96 461 672
9 407
402 489 605
544 877
38 155 554
294 448 625 649
392 610 817
112 409 830 880
133 562 567
72 99 272 509 578
596 672 691 867
245 250 726 798
142 683
232 362 393
69 163 176 619 691
71 135 407
348 556 830 876
223 489
86 546 887
223 358 652 729
260 458 658 813
294 366 368
311 666
138 261 303 377 785
572 834
360 567 860
169 628 665
11 524
116 133 135 543
735 753
275 378 536
73 306 585
129 178 337 462
377 484 813
207 318
50 134
90 210 339 609 692
143 225 458 714
398 529 874
290 358
362 462 528
110 401 405
90 818
172 250 546
87 175 384 829
364 837
150 257 455 732
287 388
543 630
138 247 639 641
674 754
27 609
209 306 406 682
44 307 662 691 730 871
497 532
639 641
32 680
266 740
79 326 634 840
190 480
439 534 701
306 889
670 785
10 270
365 471 597 696 704
20 164 777
122 299 653 662 867
162 871
216 327 472 605
25 341 354 438 603 658 772
343 475 543
95 707
79 97 628
167 205 329 488 638 754
191 242 310 495 704 840
193 308 519 882
67 138 141 342 545 693
