2673 3984
16 696 1068 1861 2413
2137 2317 2355
1371 1395
1033 1422 1789
50 387 721 2120 2156
651 1733 1734 2023
1242 1704 2392
226 587
1750 2331 2664
77 283 338 610 1494
963 2312
399 692
122 1827 2173
933 1832
381 1841
570 854
1373 1754
870 2474
378 1517 2561
1023 1750
864 998 1967
129 430
249 306 1098 1341
2246 2455
290 1211 2390
884 1512 2065
1410 1603 2475 2525
98 145 1935 2088 2624
123 198 1349
1067 1606 1675
1367 1490
2173 2204 2493
1124 2108 2474
931 2504 2508
1086 1115 1223
640 2655
593 2573
428 905 1322 1731 1968
531 624 1804 2281
1527 1822
216 350 1843 2472
14 1667 1751 2587
381 887
1657 1680
151 2585
203 1566 1836 2470
127 1096 1120 2634
1880 1916
1198 1822
1132 2054 2249
1330 1355 1700
389 1272
562 1677
342 1145
83 731 1677
36 1723
609 1857
535 870 1660
2415 2559
1477 2266 2286
566 1291 1613 2276
559 1842
66 201 530 1490 1492 2626
1030 1576 1816
834 1044 1763
1581 2601
188 2355
180 1220 1670 2092
292 2623 2654
992 1630
258 884 1083 2319
852 877 1173 2231
1295 1590
636 713 1200 1817 1934 1967 2056
408 2316
93 1011 2117 2618
1527 2649
184 368 1080 1854
1470 2010 2389
1011 2106
400 1524
1130 1376
799 971
482 719 2164
267 327 662 2258
201 1998 2558
130 432 1550 1951 2062 2449
62 1861
1386 1989
234 517 584 1734 1736
568 607 800 1033 1164 2050
1885 2367
309 873 2395
1004 1005
56 324 403 607 1341 1640 1802
297 313 790 1286 1419
313 1894
411 2309
2304 2510
191 315 1308
1738 1740
1060 1813
104 1049 1609
278 1462
723 1099 1757
1097 2602
299 366 2397
362 769 2186 2293
1763 1883
1302 1896
418 443 2458
14 135
125 756
1799 2452
24 615 1077 2356
583 996 2306
276 760 1670
303 1266 1954 2166
1328 2045 2081
299 465
437 1025 1249 1474 1848 2193
545 1925
343 1717 1860 2581
785 1114 2055 2216
83 2562
1480 1834
871 2196 2422
247 344 423
239 1199 1222 2438 2640 2657
1169 1431
44 641
750 961 1175 1325
559 1204 1671 2002
1289 1491 2184
84 210 263 515 1109 1462 1787 2399
410 450 877 1391 2240 2367
472 774 820 860 1518 2291
1704 1943 2449
1261 1870 2140
592 878
1748 2551 2604
1828 2166
493 509
1217 2248
882 1975 1990 2307 2396
310 1696 1776 1864 2550
397 1750 2324
283 965
1106 1153 1188 1500 2099
343 876 912
214 215 369 1228 1586
269 694 2252
1060 1862
52 105 2667
1266 1624 2156
308 1611 1829
890 1315
255 690 925 1207 1966
165 444 1080 1102 1743 2175
476 1418
1432 1917
1169 1462
1573 1905
1211 1710
874 1411 2242 2662
1495 2032 2539
742 990 1676
1038 1158
415 1651
869 1218
1322 1344 2025 2420
383 971 1569 2651
341 441
702 950 1066
689 1934
1171 2326
573 580 1126
711 2485 2605
2243 2369
84 207 2466 2632
105 644 780
723 1160
2029 2154
638 721
625 1438
1969 2631
1244 2458
1076 2195
1218 1855 2015
698 865 1610
511 1340
176 2336
276 1625 1922
454 603 1001 1009
477 597 1026 1259 2136 2517
1084 1828 2177 2556
877 1018
130 356 412
1009 1529 1815
261 975 2085 2104
471 1676 2183 2212
782 902 1262
33 1017
2146 2462
1483 2025 2510
194 1110 1891 1927
100 2185
443 995 1053 1488 2439
201 661 2131 2196
1014 1305 2180
512 1263 1585 2148
1174 1526 1550 2141
655 797 1422 1875 2168 2380
131 440 456 1443 2252
506 1788
1841 2515
1007 1101 1443
63 651 1442
3 507 1202
1302 2105
359 866 1136 2449
177 1953
247 618 1643 2246
1139 1986 1995
1405 1901 2319 2365
1867 2111 2387 2484 2652
183 1488 2224
275 2016
81 2119
693 1301 1485 2209 2425
1594 2152 2389
976 1452 1956
516 721 1450 1940 2396
506 629 1052 2197 2424
851 1073 1131 1334 1648
1502 1733 2004
802 1008
863 1226 2323
2416 2542
39 316
260 2096
182 275
266 1837 2512
377 1052 2259
162 933 1262 2042 2089
799 1438 2443
282 305 823 1495 2667
631 1251 1369 2204
418 2307
320 1945 2117
257 2219
576 1017
38 113 229 425 763
205 1060
429 1161 1179
458 663 1164 1604 1608 1663
765 2339
159 2098 2396
890 1593
563 2344
224 1351 1876 2379
362 941 2330
524 2233
1750 1941
30 1087 1326 1653 2371
125 1517 2057
51 1990
944 1097 2503
14 636
53 327 649 736 1823
93 917
749 1151
1753 2308
2428 2483
331 1005 1631 1789 2197
689 1453
42 896 1034 1195 1953
242 1992
382 588 886 1507 1705 2167
351 2028 2096 2359
1925 2480
956 2312
1231 1922
146 330 1045
490 1397 2469
455 1329 2159 2324
273 358 865 920 1463 2320
2024 2497
321 617 707
181 1391 1684 1860
343 1539 1756
211 327 919
338 460 588 979 2312
788 1745 1947
381 742 1199
221 1737 1805 1909
1105 1714 1983
1638 1919
348 2224
33 1614
766 2053
322 2128
687 2312
123 401
339 2392
180 1892
2027 2243 2370
292 895 1073 1803
1992 2366
283 521 537 2197 2315 2577 2633
1000 1617 2310
1227 2465 2559
759 945
482 619 2079
2035 2287
1451 1978
492 884 1191
2008 2052
1052 2071
1271 1310 1427 2553
810 2247
1011 1416 2654
1094 1283 1441 1687
661 2333 2552
1585 1862
1411 1538 1572
508 942 1886
75 215 1440 1625 1711 2222
569 662
220 1294 1501 1532
1270 2081
196 1649 2531 2550
1393 1514
416 950 1319 1471
495 606 958 1011 1586
1627 2351
386 2433
1783 2198
388 1435
1167 1611
943 1633 1852
194 1485 1919
688 819 1473 2542
1777 2246 2256
28 1386 1586
139 1366 1681 2236 2482
1278 2064
359 489 2579
2227 2656
320 1161 1487
650 654 2478
988 1174 1221
2111 2411
792 1812 2602
388 982 1228 2310 2532
79 706 710 2155
3 765 1161
447 1752 1894 2042 2583
27 251 977 2354 2549
216 557 809 2056
977 1314 1810
1652 2642
434 737 2374
1222 2272
357 2555
585 1962
44 789 1165 2142
1083 2276
1331 2382
581 1335
46 237 391 931 975 1449 2004
2261 2299 2509
325 867 1154 2438
1467 1689 2039
513 2012 2439
136 1326 2228
1745 2529
285 1805 2096
297 761 1175 1276 1841
470 905 1178 1490 2430
641 1155
2264 2529
189 409 637 1639
1434 1566
593 1294
1416 2030 2168
441 526 1887
492 945
131 1205 1228 2213
221 417 1026 1836
813 1245 1318 1325 1792 1940
336 1471 1660
1576 1964 2143 2611
254 625
5 1185 1198 1507 1585
723 739 2053
649 1622
322 1213 1677
2092 2492
1885 1899 2432
1306 1891 2172 2549
55 1768 1921 2032 2064
405 1468 1778 2100 2427
606 1807
139 2170 2565
1811 1998
840 1269
342 978 1459 1978 2464
805 1409 1846 2002
1201 1647 2617
47 215 378
2055 2512
1092 2673
232 924 1323
15 1199 1992
1056 2266
184 957 977 1665 2410
516 1439
947 2521
1212 1661
124 2472
314 439 527
437 600 1666 2108
376 2021 2051 2287
1359 1660 2199
82 958 1038 1929
1112 1159
718 1984
449 1425 2463
1806 2307
308 1739 1992 2215
828 1377 1828
2102 2591
388 1964 2393
102 384 448
228 749 1392
232 2437
466 2146 2511
1253 1298 2190 2517
508 662
161 438 627
544 1855
1515 2019
979 1143 1451 2300
343 637 833 2595
716 2155 2376
360 976 1018 2420
1671 1683 1801 2263
552 1750
1146 1908 2299
241 1341 2149 2227
295 379
454 753 1349 2310
1229 1809
714 1626 1710
746 1173
227 472 869 1440 1650 1658
829 2092
205 493 1233 1732 1967 2039
1085 1346 2405
828 2100
1160 1637
822 1749 2182 2382
692 1309 2059 2209
1 148 244 1011
215 716 1708
336 419 434 511 806 1129 2553
1506 2025
74 1708
139 302
454 2152 2407
706 1723
6 311 1287 2127 2561
580 717 802 2486
23 219
623 1026 2290
878 2559 2669
149 2129
263 1563 1771 2357
854 2586
54 242 1366 1476 1908
597 999 1719 2091
2162 2398
433 621 1804
51 1589
315 383
357 1015 1897
304 2247 2359
376 808 1408
1301 1663
301 1596
1408 1558 1946
813 1489 2512
25 2148
1133 1144 1571
1090 1176
973 1388
11 1857
1418 1779 2531
268 368 1662
596 686 1127 1322
1610 2262 2662
94 1895 2506
227 408 1462
972 1906
161 947 1259 1429 1705
185 658 2143
136 525 712 1455 1897
300 470 1642 1666 1894 2077
409 1136 2628
438 1207 1597 1801 1839 2047
427 429
4 2184 2670
225 1203
74 227 1190
1091 1817 1864
1315 1527 1980 2361 2495
1242 1529 2155
1602 1755
232 1411
310 509 1083
1221 1445 2039
641 1344 1560 2122
33 617 1537 2496
18 2009
439 1273
647 1168 1556 2521
40 999
336 1804 2155 2394
1340 1581
320 730 1912 2035
148 1042 1571
745 2383
623 1209
183 270 846 914 1161 2161
104 1957
538 1467 1689
6 313 705 1584 2637
221 915 2200
691 938 1653 2164
2363 2461
834 1451 2107
46 233 1360
554 1907
740 1733 2223
1347 1558 2408
1245 1448 1492 1732 2072
41 95
356 1372 2214
355 529 552 621 1331
1267 2103
295 887
204 263 1003 1652 1787
734 1941
262 1078 2044
554 702 818 1672
440 463
1255 2396
177 584 2325 2448 2523
112 743 995 2076
217 668 756 1082
1519 2199
78 347 1247 2035 2503
864 1304
354 543
1028 1437 2081
110 1291 1931
289 765 807 1332
1332 1498 1597
900 1529 1725 1862
239 1094 1437 1456
457 1666 1907
284 777 949
355 1304
864 1019
60 381 615 983 1025
525 585 1125
354 1162 2394 2563
1606 1652 1944 2614
474 1206 2271
932 1648
859 1337 2638
1409 2122
154 247 279 1210 2170 2221
382 1583 1978 2571 2605
1564 1728 2009
543 608 774 990 2130
344 844
813 2460
632 954 2210
1813 2254
27 492 806 2311
1615 2271
261 1263 1307 2670
771 1439
1125 1266 1445
1800 2056
522 1753 2310
611 714 1623
1705 2508
135 144 858
518 1098 2442
842 1712 1891
1173 1604
51 2388
113 163 833 834 1806 1982 2119
1174 1489
2305 2524
279 414
488 1218
477 1093 1970
1005 2180
307 749 1189
664 2381
303 1620 1953
1122 1142 1505 1780
599 1953
370 2344
246 827
120 1121 1330 2259
677 833 1073 2379 2556
864 1777 2103
578 1561
43 755 1338 1808 2114
305 2525
429 1212 1688 2241
1097 1806
443 445 1123
669 2317
1050 1346 2148 2336
256 452
175 913 1677
511 1590 1687 1694
858 2624
816 1532 2082
889 1253 1580
422 1010
202 2019
465 1607 1629 1745 1815
535 1525 1740 2039 2515
272 456 914 936 1898
772 1217
800 2629
974 2138
1896 2354
507 1700 2070
601 696 1471 1549
1860 2290 2482
242 647 2205
524 686 734 2568
2347 2382
1310 1706 2641
1265 2161 2238
475 601 748 1003 2417 2444
779 2512
25 716 2051
287 574 1145
1489 2306
217 241
1293 1826 1920
232 504 2028
385 1073 1674 2141 2158
848 1336
255 1662
182 388 1010 1065 1138 1442
591 785 807 1046 1218
1086 1275 1444
307 2054 2537
922 945 2182 2289
257 1179 2061
350 771 2004 2065 2602
344 353
1975 2640
108 2436 2488
900 2263 2362 2606
357 787 1665
51 433
185 1235 1356
744 934 1294 2374
585 1531 1921
400 1023 1572 2623
228 545 670 806
1409 1919 2156
1268 1530 2267
888 1481 2404
792 2660
1749 2510
1459 1595 2601
648 2443
933 979 2109
738 749 1122 1721 1803
318 2207
233 672 1176
1787 1790 2237
2320 2571
107 858 1339 2658
102 1087 2242 2440
2491 2522
800 1278 1824
261 2135
1497 1705 2373
331 1666 2118
402 2133
361 1003 2393
783 1978 2331 2401
272 418
1186 1642 2062 2075
4 328 545 997 1047 2012 2072
953 2056 2072
2036 2571
1690 2129
434 1380
94 2356
871 1784 2381 2487
2400 2427
34 155 264 1237 2545 2571
1045 1070
589 1787 1810 2652
1326 2552 2665
1020 1957 2530 2660
284 1767 1929
453 1669 2121 2504
1069 2198 2257
537 569 859 1157
246 1705 2482
410 1771
667 1141 2468
1017 2024
627 1029 1249 1966
55 1009
1756 2529
142 890 1759
158 2075
113 1365 1986 2449 2590
1319 2555
720 1796 2587
1162 2077 2525
653 1326 1708
748 2094
292 370 1206 2097 2581
603 1432 2468
493 915 2426
1779 2575
1094 1675 2138
54 895 975
304 1198 2112
351 2382
399 1373 2601
979 1297 1720
1815 2513
41 1122
2020 2325
1171 1436 1724 2183
412 2325
1023 2032
619 1591 1839
26 1096 2002
8 554 827 982 2260
4 81 2101
639 924 2549
990 2030
441 967 1058 2480
498 1389 1545 2362
295 785 804 1690
391 813 859 1563 2088
86 837
560 821 1696
1756 2092 2215
134 333 807 1395 1928
1037 1047 2122 2174
341 691 773
845 1126 1641 2014
765 817 1228 1285 1951
1219 2013 2309
594 1333
1192 1293 1668 2135 2347
2300 2334 2364
446 1184 2228
75 230
61 258
196 212 963 2540
782 1866
1419 2375
846 1534 2300
59 1246
2316 2524
403 1165 1858
141 839 1016
984 1548
760 2447
940 1835
721 2139
47 465 732 1866
300 365 1146 1290
636 637 1507 2397 2583
801 1527
145 2203
235 1998 2281
119 861 1682 2385
1473 2597
471 776 1681 2551
209 575 890 2639
93 2000 2222
358 984
352 561 2030
504 559 2546
278 2546 2564
1005 1865 2446
680 804 979 1795
8 2026
1120 1443
335 1480
379 760 1987
87 1639 2137
641 1624
745 1111
611 943 1960
121 975 1371 2580 2583
540 1983 2497
229 310 535 2414
133 2249
603 681 902 1563
415 2316
877 943 1452 2099 2605
1652 2109
135 858 1945
449 1557
44 52 1561
505 673
521 2533
57 1145
287 642 2498
398 2149
39 1449 1630 2067 2399
1025 1326 2423
21 752 2273 2295
646 929 1102 1728
1586 1766
864 1158 1684
363 886 1118 1240
146 1659 1903 1918 2246
575 1070
1712 2183
1082 1562 2351
965 1585
932 1080 2065
467 1545 1672 2370
1348 2287
452 914 1403 1432 1731
684 1274 1899
549 1309
1012 2186
890 1116 1525
876 2292
584 719 1594 2409 2608
1083 1497 1739 2639
17 71 151 1944
246 271 1085
660 900 2326
799 916
38 1780 2384
185 1979
1556 1665 2537
1792 2191
2230 2267
1340 2517
149 1233 1603 1679 2178
364 2125 2158
89 695 1065 1398 2288
2407 2583
466 1227
441 641 1018
314 644 1948 2604
95 786
579 719 1335
43 1456
1560 2063 2581
378 1009 1502 1754
1774 2145
403 2069 2168
1231 1893
930 1042 1937
77 1146 2328
161 1679
1296 2015
881 1920
2237 2429
1201 1897
622 647 1032 2053
1612 2462
419 1256 1488 2562
1040 1994
444 835 1639
194 2140
1255 2255 2395
249 304 343 1421 1829
67 1187 1509
1359 1803
418 1146 1964
121 1071 1425
87 1053
816 1302
1530 1928
187 361 1376 1386
933 955
2354 2460 2467
1514 2444
1790 2118
537 655 1505 1639
901 1831
485 1119 2608
1779 2112 2420
1152 1488 1813
889 1891 2059
348 820
1772 1826 2315
728 1541 2091 2173
396 1560 1630
217 599 1887
938 2196
1239 2553
258 807 883 1838
181 194 1583 1708 2577
1175 1211 1962 2297 2597
279 1266 1428
1712 2180 2351
21 556 1453 1832 1959
907 1325
1514 1908
330 527 625 964 2507
270 2290
1041 1140 2273
372 938
937 1376
1500 2010
401 653
2155 2421 2443
261 693 1952 2131
724 1679
330 853 1454
99 1100 1967 2037
810 1875
401 646 1096 1271 1947
7 245 279
1135 1497
88 943 1987
2432 2627
516 1539 2590
306 1097
1222 1294 1654 2109 2192
122 208 1091 1319
1432 1740
1498 2492
76 379 607 669 695 1741 2037
1141 1231 1302
1712 2372 2605
1938 2125 2208
1336 1440
905 1048
118 1702
477 997 1929
1632 2027
887 1096 1230 1609
135 244 344
23 71
1241 2132 2536
580 1094 1594 1762
1864 2021 2570
657 1267 1716 2347 2627
985 2182
1264 2008 2260
2057 2464
442 893 2181
1840 2499 2579
535 882 895 1081
43 2189 2273
696 1650
322 776
489 1794 2077 2395
397 1066 1119 2487
475 1876
503 535 997 1706
1500 2107 2324
6 170 699 785 1313 2623
767 930 1322 2254
434 832
215 2465
373 787 937
1115 2235 2446
1809 2050
340 1010 1876
159 876 1286 2576
452 869 896 1157 1535 2439
38 1529 2298
1942 1945 1975 2255
120 696 857 902 1097 1771
828 1604 2287 2399 2418
1441 1544 2221 2345 2368
1409 1529 2033 2266
770 1003 1088 1473
487 1810
1939 2515 2630
94 327
914 1083 1801
783 1174 2514
571 700
569 2110 2572
566 2442
661 823
128 1068 1528
345 1899
467 1884 1888 2134
635 2451 2611
416 1014 1132
688 1298
130 1732 2178
554 904
345 1352
933 1380 1398
1081 2378
1304 1576
2106 2412
1734 2099
258 1870 2026 2345
180 1289 1741 2293 2419
113 1568
830 1216 1660 1760
298 818
239 1364
352 1103 2281 2469
333 610 2504
613 992 1084 1336 1844 2197
273 460 554 1165
767 2593
99 476 2241
379 802 2226
81 396 1320 1358 2553
81 991 1380
450 673 2133
1161 1658
1983 2423
1471 2488
327 1115 2085
233 475 2019
161 1416 2257
348 380 637 729
211 1080 1266 2265
99 576 645 871 1341 1918
702 1419 1528 1858
522 1438
280 1713
1164 1899
417 1077
1544 2013
243 1392 2178 2249
522 968
47 1609 2330
388 522 1880 2458
947 1335 2439
1315 2162
21 2152
1110 1250
873 2376
92 116 700 1351 2508
2372 2532
662 2671
119 142 889 1123
368 987 1537
15 62 1023 1646 1793
595 650
426 899 1994 2283
512 2597
270 325 2375
656 1584 2160 2240 2316
339 1132 1616 2045
1239 1249
312 1250 1425 2156 2581
1568 1888
463 1491
1254 2236
1365 2310
380 512 1444 1757
277 2613
208 499 1326
1749 1994
1157 1602 1618 1742 2076 2268
455 944 1707 2366 2372
42 982 2252
320 545 1211 2661
1383 1859 2507 2625
329 381 2300 2634
209 288 831 2039
1218 1380 1774
321 2184
256 408 772 942 1883 2346
446 960 1067
1412 1710 2481
898 942 2009
53 771 1255 2600
182 475 714 1276 1526
640 907 1334
1129 2279 2602
1860 2161
1090 1153 1835 2326
44 1329 2109
213 256 569 946
1740 2221
1145 1266
161 804 919 1833 2054
1866 1926 2207 2488
713 1845
1538 1648
229 1108 1450 2523
391 682
1085 1103 1910
183 1126 1613
609 2204 2400
640 1663
456 2435
341 1094 1343 2662
93 311 943 1005 1302 1720 2611
1702 2217 2468
2279 2470
263 1315 2216
634 921 1790 1925
323 2619
2272 2288
1241 1627 2651
257 793 837 1576 1737 2379
731 2567
920 1940
990 2482
52 737 1612 2071
126 198 244 1419 1740
1119 1812
1595 2124 2325
161 1558
610 1293 2550
456 1244
202 2641
1 742 1130
31 1157 2485
228 1114 1539
305 324 2596 2635
1521 1807 2580
1134 2027
1274 1550 2207 2544
979 1235 1452 1581
639 2265
693 729 1607 2204
476 1881 2181
621 2012
612 714 2292
832 1566
167 436
856 2138
508 1273 2641
1120 2053 2504
393 1351
239 1042 2008
754 2236 2507
978 1027
701 1020 1698 1757
1257 1592 2216
930 1253 2047
57 285 2263
2139 2511 2556
41 264 2059
1776 2373
404 1437
951 1189
1721 1753 1989 2604
942 989 1463 2172
610 1438 1532 1563
477 1718 2158
595 750 1601
399 2083 2238
112 1732
163 1445
38 969
1887 1952
311 1238 2576
954 1369 2359 2379
1183 1397
228 487
527 1009 1520 1908 1939
982 2436
823 983
1457 2032 2123 2319 2339
101 230 967 2027 2476
1041 2649
667 684 1747 2206
685 1281 2655
73 650 2629
72 971
146 1566 2448
1350 1438 1814
357 1889
373 882 1645
346 1047 1418
743 2488
207 410 609
314 687
986 1618
768 975 2401 2429
228 1483
807 1587 1834 1876
631 2351 2593 2670
518 701 888 2093 2602
1463 1616
121 1617 2531
217 230 457 890 1297 2047
76 437 1836 1927 1937
1222 1649
1970 2259
1842 2311
2141 2596
16 161 1740 2601
685 1135 1533 1707
33 1267
829 2085
375 1711
70 2060 2566
523 682 2136
471 2243
770 1190
727 1310 1723 2202
1043 1815 2011 2334 2534 2654
656 2636 2657
739 1185 1880 2065
727 1546
355 502 553 815 1950 2319
611 645 2329
1011 1373 1842 2586
248 337 972 1159 2346
39 232 1017
109 573 2580
342 1079
55 602 799 985 1525
53 1443 2308
457 559 1185 2462
440 1126 1953
303 355 862 2279 2637
1427 1617
1854 1977
171 2282
960 1637 2212
1514 2102 2513 2664
914 2139
797 1969 2584
517 1088 2438
1328 2369
402 1054 2498 2604
749 1899
54 391 655
103 2418 2484
957 1993 2091
111 780 2414 2567
225 978 2372
578 1956
685 1545 1607 1648 2519 2538
139 2197 2406 2551
22 859 2205
2216 2660
75 980 2023 2453
1861 2380
1460 2580 2672
917 1706 1745 1891 2050
106 381 508 2409
364 1151
1585 2009
662 2420
449 1258 2037
444 2202
503 1736 1919
920 997 2020
336 1586
1384 1397 1579 1737
1698 2167
1 454 1908
1284 1557
169 201 480
111 2139 2470
470 1292 1669
452 780 2438
126 471 1026
147 1912
764 1239
842 1125 1247
1062 1740
1243 1729
306 1286 1421 1434 2082
1373 2656
1825 2605
73 463 642 1396
1703 2413
68 1383
44 655 1035 2151
441 1543
839 1055 1878 2120
1346 1824 2119
23 2097 2274
1874 2166 2470
513 829 1156 1411 1561
1009 2403
915 1875 2112 2611
186 2417
1356 1819 2339
828 1650 2157 2479
119 1083 2108 2253 2435 2600
2428 2667
657 2298
635 1341 1656
529 1302
181 2159 2608
589 2586
629 2239
801 816 1656 2411
902 1280 1369 2289 2558
42 1023 1806 2061 2429
164 490 498 1248 1650 1860
87 253 1277
45 1041 2056 2190
289 556 1489 1631
768 1264 1307 1364 1456
656 834 1330 2044 2316
789 2615
110 2325 2555
363 1110
165 189 1677
967 1398
1152 1363 2101 2669
170 2267
741 1870 2481
1314 1359
1495 1655 2198
295 852 1095 2068 2140 2413
1158 1240 2136
247 495 757 1554
69 124 1081 1394 1849
182 1083 2170
960 1094 1499 2382
351 485 1758
1794 2249
1594 1918
358 506 1637 2416
466 1486 1983
1337 1672
117 139 159 228 1013
986 1374
887 1031
674 1163
155 361 418 2327
1810 2602
946 1630
1846 2187 2463
279 1135 1869 2266
547 1514 2465
253 1299
486 826 1261 2206
1514 1528 1533
1235 1396
42 998 1461 2330
208 1621
1953 2344
1026 1372
385 1388 2250
44 1307 2058 2661
2061 2521 2641
1070 1864
484 587 2460 2641
124 1742
1264 1375 2492
428 769
1670 2581
472 728 1035 2263
458 2098
1184 1253
160 400 1270 1771 1946
651 1035 1439 1809 1913
215 1809 1964
1277 1489 2389 2468
450 969 2170
938 1374 2512
566 2103
566 975 2243 2424 2492
832 1346
1179 2202
543 1886 1903
1385 1681 2469
597 968 1733
1272 2396
246 1884 2211 2576
59 1724
1063 1365 1736 1918 2230
783 1823
278 1311 1331
536 1422 1915
1436 2573 2633
1476 2198
760 1062
91 2072 2239 2457
2130 2642
1660 2262
1156 2594
1195 2170
1597 2101
586 1442 1623
660 2411
1189 1232 1612 2656
217 554
1095 1323
968 981 2103 2413
339 2161 2503
473 1058 1066
370 1026 1987
40 127 893 985
775 1177 1881 2246 2273
583 2170
1844 1962 2024 2462 2505
95 1682
786 1282 2515
346 2504
906 1100 1543 1774 1865
80 556 2241 2399
163 646 661 717
1467 1735 2014
655 1202
345 1490
312 474 1834 2161
246 947
2175 2457
498 531 2100 2406
258 1828
1662 1834
2099 2239
230 1267 1590 1915 2189
41 281 611 1963
1544 1942 2057 2612
84 289 618 1317 1518 2091 2289
303 597 715 767
749 1723 2034 2556
1090 1105 2371
152 1264 2405
990 1680 2635
211 377 2018 2189 2215
318 644
641 1386
308 492 1398
76 884 1475
722 1148 2268
235 1384 1864 2463
1932 2656
824 1973 2575
2047 2382
437 1127 1671
1369 1850 2347
195 1053 1820
1051 1705 1919 2540
265 1387 1545 2387
837 960 1442
910 1356
518 712 1240 1584
58 339 885 1044 1891 2007
990 1504 1851
675 777 817 1054
756 1523
1327 1440 1803
573 842 977
1597 1784
992 1227 1733 2582
369 419 1226
1497 1925 2027
639 721 2031 2187
342 693 1467 2464
265 1080 1494
886 1376 2288 2331
1622 2272 2455 2663 2672
733 1843 2570 2662
477 1710
1303 1907
1202 1301
29 80 879 1284
356 1500
1132 2528
272 349 1398 2358 2370
146 907
67 220 1197
196 294 1346
812 936
231 611 793 1679 1783
305 1316 1397 1781 2112
221 367 1472 2591
888 889 1218 1270 1275 1824 2053 2107
927 2175
856 984 1181
654 1048 1074 1879
517 722
1079 1171 2062
261 2066 2649
425 462
1538 1832
917 1024 1553 1934 2237
1036 1178
859 1819
51 1774
1740 1905
155 1541 2126
257 434 1342 2317
563 952 1546
1293 1511
1026 1109 2504
360 1311 1773
1493 2261
272 796 1248
331 446
464 1154 1502 1568 1823 2348
1032 1153 1616
1057 1788 1967 2642
1725 2104 2119 2279 2586
698 1952
31 486 1425
1330 1746 1778 2299
595 1362 1855 2178 2659
28 345
187 2129
991 1091 1418
1618 2103
403 2255 2325
1173 1444 1867 2230 2375 2421
1119 1500 2211
216 900 1593
966 998 1241
761 768
339 1888
790 2271 2662
21 1232 2005 2461
1926 1957
635 956
678 1531
88 252 1092
81 838 2112 2290 2529
364 1217 2447
762 1108 2513 2627
696 828 2073
185 749 1337
1018 1826
1064 1184
629 981
459 2645
1821 1945 2447
477 1297 1327 1936 2635
563 1718 1790
249 327 1246 1903
1108 1230 2350
1453 1842
1056 1112 1424 2185
1543 2256
29 632 1046 2126
2001 2291
212 957 1323
245 764 799 1700 1927 2520
1554 1930
173 312 758 1396 2275
630 1097 2409
140 615 1541
17 1130
136 2431
1381 1737
1235 1534 1928
360 697 1138
1423 1543
960 1531 1934
827 1638 2341
524 1604 1647
498 2645
1329 1875
497 848 1834
514 564
657 1588
753 991
151 2193
915 1385 1556
217 905 1501 1807 2037
359 1578 2131
697 1984 2040 2298
23 1172 1298 1574 2136 2315
647 1703 1813 2203
1212 1246 1541 2100 2614
437 652 1954
767 1887 2604
2311 2423 2574
640 980 1101
169 260 270 324 517 1996
1303 1373 1567 2189
948 2105 2112
296 321 1020 1581
227 1313
194 1138 1878 2224
729 1224 2656
2056 2588
618 1596 2225 2439 2539
591 720 980 1231
436 1328
557 806 1136 2153 2649
1199 1704
1082 2550
580 961
422 577 966
2062 2519
1495 1504
696 2168
550 1324
470 2659
308 1267
133 359 1110 1157 2420
633 800 1659
551 1139
209 250 1519 2505
1837 2128
532 1804
541 1312 1549 2004
846 1457
9 541 891 2198
264 306 792 2118 2616
607 674 1994
437 1183 2259
243 1410 2234
403 877 903 1957 2375
806 2066
1017 1239 1348 2158
457 704 2478
1437 2136
813 1408 1831
524 1093 2149
1421 1567 1823 2207 2570
15 439 2606
87 945 1053 1611 1886
1128 2113
1004 1707 2218
706 2482
329 1628 1943 2337
33 2001
165 1696
287 1156 1616 2015
953 1142
762 1886
189 826 922 1129 2273 2438
153 1171 1485
211 1826 2580
670 1109 2162
750 2172
553 1340
887 2096 2447
479 1266 1303
1753 2349 2615
1269 2367
228 1540 1789
196 300
873 2301
95 598 1700
463 1890 2041 2336
869 907 1063 1647 1924 2472
1169 2563
304 1874
932 1054 1298 1302 1304 1313 1497 2641
1308 1361
1088 1434
642 2440
547 1958
1760 2423
137 1791 1820
85 1263 1484 1705 2188
171 545
879 964 1364 2273 2609
108 397 1367 1853 2351
814 1326 2291
243 2298
478 863 2350
527 592 1005 1371 1666 2513
686 2155
713 1669
553 978 1960
957 1860 1909 2123
976 2534 2672
133 165 1368 2266
81 969 2177
1798 2013
1306 1831
2292 2469
1113 2044
2044 2050
1818 2588
1450 1866
396 1154 2389
409 583 1460 1647 1794
851 1236 1641 2074
832 1058 1346
1441 2292
1238 1362 2220
1186 1770
270 1427
1502 1955
507 1212
75 2472
744 879 2058 2625
95 1398
1 710
1139 2159
684 1685 2438
877 1711 2222 2522
496 712 2379 2449
1003 1062 1188 2479
929 1357 2261
771 942 2232
1499 1680
741 1285 2507
344 462 1341 1527
80 494 2151 2664
1018 1262
747 961
1509 2553
1910 1925
1150 1482 1899 1947 2456
161 1270 1425 1785 2419
1189 1459 1472 1714 2399
1141 2576
497 2244 2457
506 1410 1542
1025 1084 2156
456 1879 2305 2529
46 1199 1606
177 1501 2524
614 1046 1201 1633
1074 2183
1336 2058
1668 2488 2628
367 1487 2449
1230 2122
654 1143 1414 1641 2227
530 2645
444 2374
823 2668
23 384
15 698 1009 1795
2186 2672
92 446 506 660 1410 1640
508 2628
218 431 556
150 159
365 538 679 2506
664 688
448 679 1967
55 1426 2177 2537
626 807 1968
1205 1348 1487 2086
372 1907
504 958
982 1726 1731 2107
247 476 496 1042 2164 2529
777 1557
994 1097 2497
139 142 456 533 1382 1671
1834 1911
421 2645 2661
310 719
859 1883 1967
281 2159 2430
73 271 777 2652
774 885
1252 1720 2303
788 1698
677 956
240 2672
460 1523 1767 2510
70 491
206 1986
984 1456 1963 2541
74 2085 2322 2419 2559
853 2085
540 661 1727 1756 2211 2488
584 702 2395
882 890
36 536 1914
1084 2400
629 1662 2066
1502 2051 2093
592 1637 1730
192 261 677 1129 2055 2553
799 1610
680 782 1078 2258 2336
4 714 742 2223
913 1596 2142 2237
977 1335 1600 2175 2576
626 639 1686 2172
318 685
1082 1714 1912 2365 2655
745 1228 1468
379 2001 2109
788 1406
477 1068
733 916
1900 2106
1263 1357 1952 2107
1411 1981 2053
2013 2230
282 1619 2396
82 340 1699
132 1420 1833 1958 2182
181 674 1925 2428 2627
2066 2620
55 1248
1109 1969
1410 1838
1394 1667
489 1521
1771 2238
14 2062
591 783 1369 2376
1563 2340 2420
128 180 1055 1483 1715
293 1371
511 2366
1299 1682 1716
2 228 447 715 1325 2635
1537 2208 2270
1067 1477
325 849 2354
384 783
331 910 1097 1108
945 1391 2158
992 2040 2529 2600
19 1261 1374 2157 2336 2388
1308 1733 2322
734 834 1508
356 1180 1805 2331 2489
603 1342 1424 2426
52 239 1243 2333
428 1836 1904
61 858 2185 2551
1736 2519
211 1038 1347 1794
38 604 1349 1483 2128
651 802 1232
736 1420 2022
330 2145
584 2351
265 1086 2486
1633 1926
98 1258 1885
263 835 2572
1364 1812
463 1290 1836
206 314 1843
47 914 1020
2105 2551
1381 1608
1471 1799 2238
780 1217 2475
1050 1162
475 737
9 458 1065 1712 1940
841 945 2133 2208
250 489 786 1753 1937
33 525 542 2550
1407 1712 2035
38 315 2300 2654
743 745 965 1235 1416 2000
233 460 1058 1421 1563
328 835
206 822 1969 2576
41 667 1836
271 514 1133 2018
1067 2547
89 595 843 1232
1625 1886 1890
1555 1959 2151
110 1572 1729
428 1282
603 1489
522 1168 1557 1776 2194 2270 2617
2081 2239
300 1538 2340
720 965 1683
139 322 602 1019 2387
981 2478
309 497 1618 2659
1918 2575
417 845 2167
1018 1338 2241
1383 1532
2194 2515
913 2179
870 2316
1515 2571
259 327 1386
169 1179 1738
591 802 1100 1512
975 1853 2404
766 854 1284 2154
2160 2424
339 1463 2212 2556
286 1067 1444 2063
1052 1768 1808
2181 2498
706 2250 2490
281 307 1104 1440 1543 1897 2010 2306
287 1769
43 1020 2641
1379 1574 2060
182 2077
554 1435
321 375 574 1212
1706 1811 1822
847 1990 2272 2400
1169 2311
684 1915 2275
249 1888
531 2006 2359
853 1284 1504
751 1416
243 311 1155 1358
787 1404
396 2438
645 944 1068
23 1602
21 99 966
403 1609
560 2669
1344 2645
968 2424
976 1439 1830 2468
160 1905
9 126 1871
46 121
238 827
1498 2577
402 1706 1728 2160
504 1859
1015 1377 2642
755 2143 2617
68 2413
541 2519
321 326
166 1764
333 736 1274 2036 2418
305 1643 1843
2300 2517
1485 1921
558 2172
253 268 1689
351 943 2087 2655
772 1290 1745 2205
1636 1931
341 463 2353
1794 2044
1069 1934
444 1779
316 1960
128 836 1575 1695 2459
361 492 717 1391 1816
445 2213
949 2160
1957 2500
1811 1873 1886 2389
1449 1867 2209
1254 1725
45 1779
227 1197
260 895 905 1060
552 582 1478 2015 2374
89 1178 2412 2661
91 638 879
2154 2552
440 744 1401
1422 1565 1655 2326
487 1845
90 1747 2364
271 1688 2235
208 1259 1944
639 2138
94 1595
648 885 1222 1758 2485
576 1549 1919
734 1199
866 1182
444 1547
432 1667 2634
278 1882 2073
618 1241 1809
433 596 1052 2355
706 727 836 2034
627 1261
25 1237
239 336
2010 2422
100 448
100 728
102 1260 1616 2635
350 919 1104
482 1471
144 835 1777 2418 2523
244 248 882
1575 1978
787 1613 2457
100 1579 1639 2287
541 1070 2535
80 266 2496 2583
915 2172
465 1769
1237 1720 1806 1945 2171 2646
507 1045 2509 2525
268 609 1290
1068 2138 2630
998 2270 2402
2171 2497
295 1270
1037 2558
1024 1151
667 2012 2223 2289
313 1263 1483 1915
2272 2363
1677 1916
2201 2374
231 669 2494
376 1009 1312 1368 1548 1710 2414
2412 2509
797 2251
593 2163
548 1011
1469 2064
12 2134
491 1199 1345 1442 1787 2484
3 14 1018 2322 2586
742 939
1127 1604 1657
1068 1503
272 1107 1855
809 1212
148 777 1336 1571 1575
4 699 1128 2302
387 601 1020
1038 1364
620 1141 2394
91 1324
293 617 896
219 486 823 1138 1714 2562 2613
1726 1757 2475 2509
1211 1962 2373 2468
923 1198 1961 2256
1394 2587
454 1401 1873 2178 2215
424 1068 1532 2197
206 1220 2648
1274 2653
756 994
714 1412 1434
72 290
846 1209 1239 1259 1770 1804
583 1693 1721 1799 2212
802 2220 2247 2630
35 1976 2605
865 1050 1071
1003 2083
233 537 598 1001 1204
196 567 596 602 1711
486 1033 2264
276 647 921 2395
480 931
598 856 1763
196 687
605 764 2185 2288 2525
868 957 2411
443 1441
100 1945 2445
926 2395
2511 2567
323 1688 1869 1879
286 762
478 1306 2577
174 602 797 1192
509 555 2122
189 681 1751 1824 2105 2314
1921 2518
572 2628
124 512 2625
341 346 369
306 1103 1426 2504
227 2540
116 616 2127 2332
1334 1703
1735 2404 2530
428 1164 2670
76 764 2033
2583 2667
200 1116 1738
718 1281
1692 1929 2306 2649
632 692 1262
2209 2500
310 705 1100 1231 1556
1281 1633
886 1173 1198 1552 1873
644 1053
1683 2648
33 1955
136 207 1135 2119 2595
87 324 330 385 810
148 189 335 937 1171
792 1333
659 1290 1817
937 1205 1907
374 1245
630 1746
1341 2652
309 647 762 1070 1789
57 1245
55 516 936 1053
114 1321
1038 1290 1339 1961
474 530
191 1519
628 834
491 775 2045
46 87 726 1477 2649
1604 1796
785 1130 2017
1267 2057
1706 2645
987 1291
1303 1419 1519
1470 2167
796 1105 1839
1153 1182
42 1035 1572 1586
80 1934
716 1782 1791 2669
841 1299 1448 2060
2007 2092
21 716 1532 1814 2558
377 1314 2459 2601
46 188
1116 1306 1822
18 478 1906
1120 1504 2302
737 1175
625 2267
2107 2266
151 178 702 998 1867 1937
332 881
1804 2243
2095 2284
53 580 1963
638 1082
1295 2326
1820 1963 2259
220 760 1990
1158 1371 1640
341 2106 2535 2580
369 1285 2272 2286 2395 2422
1499 2408 2562
276 588 1461
799 1700 2103 2312
94 917 1394
1379 2090
125 354 1235 1905 2551
1100 1482
440 938 2262 2411 2446 2494
538 1942
206 503 738 776
1014 1663
963 1387 1737
276 766 1554
726 967 2544
198 1301 1391 2043
1269 1468
738 1261 1447 1653 1785
285 510 674 2204 2370
1338 2543
185 1864 2169
201 2139
534 2009
832 2085 2515
2227 2268 2664
890 2577
1555 2039
2137 2310
397 1716 2138
111 2592
817 1194 2276
290 1718
587 984 1866
1343 1634 1955
552 806 1650 1777
742 855 1469
357 2028
757 1134 1991
729 1708 1748
166 704 772 1185 1362 1996 2588
355 644 1036 2440
1787 2398
476 1084 1632
99 724 1922 2382
527 2338
324 989
1191 1852 2164 2422
908 1375 1896
1449 1629
344 363 1162
285 454 1195
35 376 561
601 1952
1271 2463
415 968
293 783
1688 1952 2298 2554
806 2559
590 860 861 1667 2089
1680 1843 1858 2084 2550
284 844 1086 2005
566 1379
1691 2187
1707 2215
138 780 888
1201 2125
1772 1962
1494 2068
747 1923
461 1227 1946 2592
893 2007
2278 2535
880 1497 2197
1670 2436
128 995 1050 1656
665 1428 1924 2167
243 563 796 1195 1847
491 593 1143
367 1754 2137
27 931
953 976 2347 2466
481 899 1681 1826 2010 2573
5 1393
729 1626
171 1423 2106
1 1683
322 1990
1156 1822 2165
311 645 809 2063
298 927 2575
29 248 1251 1632
1942 2541
1007 2415 2477
623 1281 1396
165 1016 1877
482 1437 1808 2133 2173
560 874
970 2071 2078
279 776
374 1899 2157 2520
483 1533
884 1157 2232
240 339
463 630 1807
801 1884
229 1051 2536
110 2335
976 1208 2372 2614
517 1508
909 1346 1538
280 525 1946 1981 2480
397 722
1129 1868 2409
723 1111
314 901 1232 1854 2405
535 860 1413 2086
97 1849
43 1190 1731
759 1524 2062
944 1500 1708
430 703 932 961
233 974
76 642 2216 2412
632 1255 2024
806 1340 1456 2062 2365 2481
932 1518 2191
280 803 1673 2436
230 1071
174 645 731 1510 2169 2461
689 745 1599
1682 2511
581 1535 1734
1082 1545 2424
290 853 1010
848 1973
537 1763
37 912 1441
263 482 867 1337
1381 1518 1571 2030
1136 1802
577 649 750 1969 2656
859 1632
1553 2148
125 602
604 872 1742
1576 2065
209 1212 2037
165 1357 2128 2492
865 1143 1429 1529
513 538 990 2336
1405 1928 2229 2427
1516 1656 1779
581 1301
1157 2279
201 648 1866
191 1650
1204 1352
669 1155 2647
250 1017 2533
981 1207 1466 1774 1986
750 1785
602 1063 1371 1604
113 415 531
1757 1792 1875 2314
648 2162
222 570 794
2359 2573
79 95 2173 2223
748 1079 1258 1647 1824
284 416 2099
949 1163 2111
482 1400 2266 2668
515 730 868 1028
738 2521
1175 1823
1063 1685 1905
464 540 1144 1361 1915
602 2115
159 999 1600
119 225 727
741 2005
426 1273 1492 1664 2247
471 832 1650
685 2622
612 1810
519 1357
1763 2003
1231 1723
1904 2471
811 882 2573
322 997 2179 2295
46 830 1044 1079
849 997
706 787 1505
756 2608
237 1101 1985
1327 1774 1808
2362 2670
79 243 708 839 2231
723 1624 2175
199 374 381 1723 2305
1705 2548
341 2050 2106
1055 2071 2296
312 1045 1474 1596
456 825
1345 1878 2251 2534
1972 2396
262 367
541 784 1367
749 1116
136 630 1037 1474
417 1019 1253 1629
384 704 855 959 2608
1666 2034 2295
287 722 817
2244 2260 2652
1762 2558
369 1037
1485 1527 1903 2365
1328 2066
1221 2129
489 2463
1191 1660 2003 2397
131 168 375 1089 1915 2349
392 2088
236 460 2042
1597 1713 2544
548 722 1215 2383
1539 2212
941 1429
7 1889 2609
1998 2241 2455
680 1125
156 429 738 1344
233 1642
357 1126 2082
1795 2506 2650
525 1774
73 171 379 805
17 667 844 1127
1674 2439
306 410 886 2472
1482 1542
34 113 1164 2244
707 2020
667 2344 2402
193 452 2613
1170 1338 1518 1807
266 483
569 1730 1783
540 839 1482
550 1171 1571 1722
797 844
208 1003 1041
414 1014 1218
1581 1741
240 1577
998 1205 2285 2461
644 1337
440 2534
654 1404 1772 2611
509 1352 2549
400 431 1842
661 1435
40 598
759 1316 1892 2468 2545
88 246 896 1470 2562
1404 1512 1554 2091 2218
1418 1692 2014
432 1778 1943 2491
630 1072 1640
747 2486
1323 2299
1353 2588
28 686 2204
1394 2162
443 1679 2240
148 290 734 1571 2347
51 271 1195 1666 2141
277 712 1831
85 276 685 1191
949 1262
995 1238 1521
430 1086 1088 2510 2522 2617
1125 1245
457 482
1025 2582
96 117
631 709 732 846
457 1395 1766
796 1243
317 430 2023 2038 2198 2214
998 2262
621 1944 2092 2643
1 1074
1312 1475 1737
777 787 2287
456 1392 2066
291 1685 2427
65 836
1072 1934 2392 2651
610 1074 2356
301 427 1104 2121
531 1922 2558
36 582 1139 1985
882 893
1949 2234
1164 2330
142 695 883 2319 2488
1115 2121
805 1395 1505
314 2053
1078 1372 2475
173 1492 1554
125 291 854 2041 2099 2255
237 1311
1785 2536 2628
1157 2050
1058 1560 1761 2206
333 478
1037 1975
888 1432 2069
116 205 1014 2035 2569
168 1440
942 1423 1530 2104
891 1210
575 1110 1548 1763 2526
535 1804 2300
543 2296
48 2136
265 1024 1264 1284
189 258 1597
267 2458
1294 1953
195 394 604 983 2312
22 1891 2314 2492
355 2398
860 1341 1373 2252 2439
1711 2502
1083 1356
303 1657
91 1665
124 470 1305 2451
497 730 1662 1739
537 1201 1370 2007 2187
155 2536
446 518 1137 1429 1921 2115
115 852 1150 2417
717 1297
8 32 2041 2436 2459
121 218 987 1369
336 1429 1501
643 1119
174 1381 2226
13 264
69 2013 2667
561 849 1340
765 1275 1869 2620
98 206 1586
391 1371
1522 2257 2350
1579 1686 2513
536 949 1029 1103
59 2627
554 1012 1035
684 2114 2416 2672
472 762 1123 2509
201 352 828 1857
419 422
462 930 1397
459 1136 1999 2435
183 1358 1640 2307
321 1767 2326
1278 1530 2657
260 1073
1845 1970
384 1230 1317 2427
1648 2292
1132 1283
537 947 1742 2233
179 321 2413
937 1618
1395 2453 2469
388 540 1016 1175
9 433 841 1373
243 485 598 2480
1301 1758
1494 2174
172 1076 1188
455 1035 1207 1653 2209
873 1587 1756 2027 2098 2147 2465
1754 1774 2106 2477
2245 2246
547 915 2055 2208
1480 2022
109 277 2028
91 2443
674 871
863 1429
951 1078 1196 1910
1822 2081
511 1797
1671 2154
1380 1628 2177
322 2450
539 2384
783 1281 2582 2610
935 2264
968 1399 2534
1339 1478
358 1438
2189 2588
1672 1800 2510
1015 1855 2158 2556
380 1544
773 1114 2028 2183 2579
293 1607
823 1062 1170
1175 1627 2409 2521 2593
946 2460
113 1575 1743 2190
827 1558 2034 2620 2624
1501 1688 1794 1884 1948
330 387
27 596 908 1195 1457 2231
324 1369 1422
673 2168 2246
1163 2187 2540
545 1977
577 1791 2194
229 382 1477 1821 2326 2463
46 1765
1498 2405
452 1703 2060
149 753
631 1482 2011 2453
142 533 635
697 888 2517 2591
238 688 1296 2253 2635 2646
1217 1460 2376
1232 2469 2534
575 594 836
1439 1853 2053 2287
49 2250
175 180 310 970 2337 2440 2670
419 1599
495 900 2374
327 1472 1513
794 1496
905 920 1188 1717
74 753 1715 2536
305 635 1651 2011
934 1819 1848
250 2598
877 1170 2138
268 2354
767 2486
98 1015 2573
182 246
126 1572
570 1531
1104 1777 2078 2311
923 1376 2048 2319
1029 2177
63 2068
843 2310 2587
837 1303 1767 1962
784 2388 2457
299 2607
1230 1268 2656
342 2206
1139 1470 2407
413 1217 1323 2498
1388 1543 2123
422 2179 2314
742 914 1306
37 733 907 1169 1823 2190
549 1276
944 1086 1448 1492
1422 1632
2177 2356
482 1363 1472 2614
634 1074 1351 1632 1849
1450 1482 2557
345 1003
85 466
299 1873
636 1610 1632
696 964 1938 2286
1136 2645
893 1152 1754 2105 2237
41 615 1856 2465
2061 2303 2630
428 1667 2531
380 429 1821
207 1090 1786
1312 2213
498 1563
14 967 2329
651 1301 2211
444 1616
155 1056 1258
315 1710
278 1598 1670 2487
73 1420
1703 1861
803 879 979 2173
523 2430 2474 2569
339 342 440
954 1075
1108 1191
92 385 2214
245 2349
102 630 1049
486 837 1749 1937 2391 2402
685 1177
375 2255
1263 1649
438 483 2398
1392 2003
490 822 1830 2415
1296 2035 2552
1161 1814 2290
118 1401
312 1378
1467 1738 2130 2388 2532
990 1154 1207 1255 1645 2372
849 917 1015 1575
395 1303 1587 1729 2435
1096 1439 1628 1905 2053
331 575 1205 1959 2481
1746 1997
69 1406
579 614 1046
1519 1593
1104 1990 2360 2363 2665
9 156 1297 1919
856 1371 2212 2461
407 834 1562 1618 1701 2276 2424
649 1806 2149 2366
1995 2059 2152
4 976 1554 2059
439 2371
279 1739
939 2562
598 1293 2561
148 378 528 1016 1231 1998
885 983 2657
105 1381 1421 2166
27 191 574 1973
2 731 1824 2080 2283
764 1730
318 1935 2556
968 2395
470 486 492 1697
1019 1414 1986
509 750 1552
1673 2307
1271 2561
747 2041
87 1188 1775
1096 1548
1115 2307
1947 2000 2152 2626
640 1408 1685 2426
736 1138 2565
2248 2606 2609
929 978 1926 2428
475 630 2151
952 1860 2391
284 1498 1861 2032 2421 2553
1417 2640
1339 2066
1805 2047
1786 2547
2091 2195
127 930 2626
304 692 2197 2555
691 830 1086 1812 2591
1474 1955 2623
667 1290 1947 2157
209 1080 2500
36 968 2145
1126 1550 1944
1259 1732 1981 2347
521 2492 2567
1649 1760
248 1144 1150 1244 1644 2358
597 960 1988 2374 2413
1790 2369
722 1328
140 1430
498 1231 1815 2002
2311 2498 2602
659 2381
1965 2162 2600
401 570 1124 1700 2323
88 207 285 426 599 1437
156 1142
118 793 2345
434 1480
686 1112 1998
1673 2475 2542
466 1492 1871
173 271
180 1645 2620
1583 1808
17 51 1014
460 528
1222 1376 1421
1133 2372 2429
1225 2443 2472
957 1065 1196
493 1824
1205 2291
1272 1824 2366
617 1941 1944 2443
243 1277 2047
843 1569
914 1836
1381 1675
1123 2423
820 2081
1448 1451 2540
1638 1657
119 1832
692 1013 1121 1304 1603 2355 2538
244 374 591 1553 1633
2179 2620
357 1693 2156 2162 2416
1891 2044 2604 2654
320 390 592 947 1872
780 2343
426 721 1176 1332
875 900 1208 1463 1759 2614
431 1248
1246 2159 2313
276 1378 1546 1988 2321
2292 2578
339 1548 2130 2386
595 1230 2137
457 650 1862
1719 2546
1495 1700
473 839 2443
123 740 1612 1971 2360
419 1485
983 1572 1859 2030
851 1233 2058
803 1379 1553 2419 2654
820 2408
311 1133 1342 1635
166 722 2606
2187 2559 2604
608 1821
377 1749
50 287 1880
1541 2392
1094 2133 2470
508 648
340 579
1974 2503
416 1055
368 698 1701
641 879 1323
337 1527
146 2262
502 753 1870
1065 1252 1411
922 2323 2482
1400 2262 2453
1012 1992 2555
49 1215 1406
380 391
440 973 1367 1905 2287
247 768 1871
786 2078
963 2002 2472
2029 2325 2549
372 557 632 2171 2497
504 901 1413
1085 1300 1694 2415 2458
355 1532 2299 2620
922 1692
1350 1846
736 1681 2189 2652 2660
1480 2374
287 545 1784 2664
1936 2339
445 885 1446 1522
626 1442
168 949 2223 2506 2651
120 504
642 760 1256
717 803
382 587 662 1199
603 675 908
223 329 1046 1771 2393
1989 2329
798 1023 1582 2590
1061 1680 1870 2327
911 1100
947 1490 2561
411 2209 2242 2534 2601
1911 2365
545 698 870 2084
868 1024
94 1418 1652 2191
1630 1872
1379 2047 2214
1182 1356
1730 1779
1327 1630 2524
450 741 899 2125
1227 1925
1259 1425
807 1577
276 852 1558 2531
1337 1445 1625
146 427 1388 2116 2356
648 680 1195 1520 2357 2428
120 264
521 2580
326 774 1067
1525 1748 1837 1873 1993 2299
921 1081 1286 1717
1942 2568 2607
570 1892 2024
1148 1163
151 448
3 578 820 1123 1968 1987 2360
428 1410 2022
279 884 2618
350 1201
1296 1310
184 1686 2129
1158 1767
1707 2018
815 1381 2606
861 1544 1855
1200 1348 1770
205 421 1649 1687 2253
175 743 1313
1802 2593
336 2357
593 1338 1889 2093 2289
538 1037 1168 2609
296 843
317 355 2417 2461
851 928 993 1184 2665
62 316 840 1943 2200
465 766 1343 1929 2057
1459 1509 1536
819 1328 1431 1465 1579 1590 1989
17 754 1116
405 2308
355 436 1152 1256 2448
1119 2098 2241 2510
48 387 685 839 966 1228 2618 2666
392 2184
169 1123
305 1019 2339
491 524 2130 2389
422 775
865 1487 1525
298 1270 2593
3 792 2063
1260 2035 2273 2359 2634
656 1121 2048
776 883 1722 2037
321 359 1837
314 445 647
266 429 1790
18 2479
615 1356 1674
1028 2101
239 2566
491 918 2363
1031 2667
1969 2209 2611
247 474 1959 2167 2553
565 1445
1963 2126
543 2542
257 751
120 1214 1861 2059
533 871 2628
349 559 971 2592
412 1081 1235 1990 2249
1545 2359
203 369 1124
1136 1416 1725 2090
601 1651 2415
645 823 1345
759 2091
538 968 1036 1130 1418 1749
804 1074 1487
356 545
845 1525 2233 2477
306 1601
1210 1795 1921 2344 2378
1477 2013 2605
671 1590
264 591 882 2614
939 954 2101
1822 2142 2325
130 743 1544 2582
669 1955
115 1659
793 1306 1435 2126
187 1557
1038 1169 1655
697 2140
485 718 1731
27 393 617
54 90 363
368 443 1154 1434 1879 2303
164 2256
1007 2397
272 759
1166 2012 2181
1207 1562 2116 2306
263 2075 2409 2454
1425 2626
34 1343
1256 2116
442 2247
162 454
23 2143
110 1573
264 801 2024
218 1055
930 1204 1372 1462
7 676 1266 1341 1386 1828 2463
2195 2378
1236 1326 1495 2481
84 278 836 1041 1969 2263
601 1128 2427
278 865 2191
317 2020
392 471 2009
886 1908
778 2534
464 501 1558 1675
105 207 1257
546 631 840 1386
748 1171
215 1487
2042 2310
667 1391
159 873
1007 1222
74 1719 1865
1627 2000
326 378 2319
1810 2001
303 443 609 738 1469 2137 2190
90 921 1931 1981 2395
118 739 875 1080
1314 1558 2011
265 2086
140 338 902 2181
1243 1473 1711 1813
250 1770 1837 2108 2284
599 1714
635 1432
439 810 1354 1974
1089 1371 2171
258 1114 1471 2455
234 461 575
104 1990
218 677 2001 2219
877 1308 2334
1240 1245 1408
653 1114 2602
657 1168
738 2102
2508 2636
401 688 748 1840
599 1488
756 889 1450
40 350
1413 1800
802 2652
2321 2672
137 987 1660 1705
226 488 753 1145
446 672 1224 1682 2324
1265 1299
1482 2300
79 2628
1310 2613
253 746 1259 2303
915 1828 2402 2556
278 522 1708
1270 1303 2450
1 771 1274 1325 1621 1666 2467
888 972 1853
55 1019 1817
572 618 2127
45 1373 2007
1025 1364 1738 1785 2542
1434 1570 1817 1916
1543 1797 2052
769 1957 2379
532 1815
303 853 1019 1650 2479
623 736 856 2052
866 1215 1826 1846
278 907 1461 2408 2470
1170 1345 2429
27 1862 2009 2129 2227
233 320 710 1983
2230 2280 2566
1510 1516 1878
657 1626 1747
74 585 941 1046 1108 1890 2506
653 1271 1326 1756
1959 2102
244 1969 2457
312 384 1638 2435
370 2573
656 1735
124 458 1259
92 409 870
1783 2118 2430
74 77 325
1760 2128 2278 2614
169 1501 2215
2187 2400
149 692
735 888 1771 2492
341 598 1489 1686
762 2548
80 618 936 1979
717 1164 2416
401 1391
39 792 820
1308 2105
335 338 1790
117 436
130 1150 1830
1134 1498
1343 1716
1489 1794 1808 2501
1112 1473
733 1156 2461
122 759 1172 1397
308 1186 2309
1048 1071
1050 2059
413 472 544 1110 1205
466 1736 1796 2167 2555
536 1460
592 896
916 1767
265 1545
84 1068 1316
225 1155 1255 2052
1167 1603
745 2286
422 1406 1502 1521 1730 2531
831 1374
1864 2186
1568 2376
432 739 2079 2104 2133 2268 2603
1453 1757 2440
29 1311 1474 1844 2024
1201 1866 2463
38 2180
2252 2392
7 1137 2175 2442 2581
16 68 1037 2653
426 1653 2552
501 1284
593 1716 1770
835 1248
1452 1862 2062
17 114 291 2392
85 1328 2230 2459
379 1279 2000
271 1117
58 77 537 879 2084
23 1090 1421 2589
32 105 155 445 1356
17 228 267 275 614
1264 1426 1978
764 1013
176 227 768 1208 1364 1994
932 1903
624 1293 1296 1357 1829
2292 2505
218 531 2423 2498
439 2597
1956 2181
828 2301
211 241 824 1109 2472
722 1293 1312 1865
171 407 1024
275 739 1021 1395 1782
615 2457
73 241 1226 1495 2231 2500
1641 2009 2441
719 796 1826
129 2501
969 1579 2175
1480 2249 2536 2562 2642
1375 2138
706 1783
979 1461 1768 2126 2242
873 1145
438 985
68 1113 2471 2597
938 992
1081 1479
1155 1410
2327 2615
98 889 2337 2506
933 1876
203 708 2220 2447
809 1903
15 1396 1955
1277 1860 2437
219 836 1115 1953
695 1807 2408
816 2563
1 599
2404 2562
672 906 1289 1691 1867 1992
77 398 909
1233 1820
397 1698 1732 2370
845 2044
730 1179 1951 2321
698 2419 2515 2613
588 626 1179 1663
445 1142 1179 1543 2159
758 1045 1264 1551 1929
51 1957
1724 1979
893 1088 1091 1443 1777
88 215 1432 1960
455 679 1680
289 302 436 805 951 1888 2182 2585
166 445 1176
826 1366
651 1081 2063
422 792
652 987 1706 1796 2055
202 1351 1919
1353 1909 2391 2590
283 911 2272 2352
1428 2571
1059 1992 2284 2343
194 1928
1958 2001 2469
1244 1585
249 2416
577 1743 1824
376 1149 1681 1739 1819 1958
892 2413
189 1512 2447
345 1859 2275
118 1023 2459
630 704 1863 1878
248 1120 1356 1388 1880
832 1790
92 837 951 1442 1940 1971
388 2180
500 639
861 1257 2590
72 153 1606 1733 2036 2625
370 1753 1973
307 788 2611
406 478 1890 1942
1323 1847
333 1028 1324 1929 2009
1198 2577
930 1400 1856 2329
1785 1998 2660
2095 2421
544 631 894 930 1640
462 580 1291
330 1141
840 964
1165 2496 2552
375 1944 2270
1507 1535 2517
162 2193
509 1206 2576
419 782 951
1310 2614
344 885 916 1718 2339
471 2008 2536
530 666 1786 2128 2306
1689 1747
536 700 1268 1815
284 453 1369
895 2189
56 939 1093 1271 2130 2396 2575
410 710 789 2656
709 2004
850 2023
721 1481 1959 2071
698 1745 1871 2252
497 840 2625
169 2312 2562
618 726 2268
1389 2110
346 1369 2041
692 795 843 1241 1574 1842
669 1696
516 1665 1828
706 993 1458
119 1085
297 317 1696
1121 1444 1810 2526 2561
72 1058 1760
53 336 1250 2239 2428
1340 1825
363 1007 1485 1799
410 2563
1332 1562 2587
998 1782
250 520 2521 2577
1686 1870 2207
1409 2668
1048 1228
2127 2403
813 1148 2104
120 2450
624 1600
191 388 504 1989 2293
143 2265 2357 2432
1074 1811
1479 2491 2615
547 2075
820 1376
1787 2384
304 323 1630 1741 1894 1899 1925 1972 2538
211 702 707 1395 1581 2079 2475 2535
594 1248 1563 1599 2243
1366 1533
436 1255 1335
810 988 1880
302 509
626 1295 2389 2475
481 1058 2541
895 1583 2109
792 1073 2202
397 768 1273 2144
751 1281 2140
1110 1709 2449
303 1039
738 2512
118 1031 2380
42 648 1721
1618 2032 2643
342 1520 1881 2436
81 2041
1139 2338
190 1125 1703
28 319 1215 1234 1689 2190
378 477 612 834 1836 2589
767 1181 1434
861 2027
1597 2144 2370
1136 1147
287 1483 2054 2055
753 1845
581 2332
453 1531 1596
25 1410 1471 1590 2627
33 399 1204 1333 2327 2356
645 1173
1563 2158 2345
2091 2513
762 851 1120 1451 1883 1962 2366
71 655 913 1886 2570
511 2303
881 1939
360 676
2135 2306
988 2117
293 1065 1291 2002 2465
449 491
899 925 1485
1009 1240 1530 2050
280 1958
999 2294
977 2427
270 508 1461
884 1804
392 771
1008 2333
921 2631
468 2465 2585
556 1132 1492
405 2007
796 1148
163 284 460 1339 1894
917 1716 1734 2106
2405 2596
320 1339 1636
360 444 446 528 1093 1525 1801
1885 2377 2561
348 1197 1986
1507 1872
586 1463 1942 2623
344 905 1845
540 680 826 1542
536 864 2290
884 1683 2358
57 466 1908 2516
1226 1617 2231
538 2060 2441
593 719 1451 1643 1937
281 462 1192 1368
384 1296 2215
790 1639 1762 2339
143 563 1947 2027
406 601 1639
886 1491 2431
159 201 333 1732 1854
72 129 893
653 1286
655 665 1070 1171 1207 1617 2229 2345 2511
58 740 801 1433 2438
1230 1930
274 512
111 472
1809 2374
675 1388 2001 2106
14 680 828 1663 2066 2639
1048 1247 1272 2145
459 632
630 2333 2576
334 448 2581
185 844 1201
1133 1581
743 1193 2640 2648
1419 1479
2452 2510
393 2084
259 642 2130
172 1222 2278
163 1896
403 506 629 1030 1179 2005 2525
1349 1713
282 603 1245 2446 2644
1786 2025
1463 1714
580 1168
39 290 1405
946 2450
854 2497
844 1254 1434 1907 2259
932 1332 1722
400 1085 1300
345 1747 2334
227 1385 1467 1642 1714 2236
1515 1665
1299 2615
662 1628
500 946 2521
101 835 2513 2570
417 1949
1258 2638
1840 2067 2444
173 1881
275 512 539 618 941 2108
39 2459
1450 1903 2588 2673
1469 1568 2206
727 967 1894 2428
293 1285 1397 1667
704 2233
490 1293 1568
1048 1381
413 1426 1801 2128
1730 1998
661 1253 1562 2168 2437
391 2561 2599
936 1662 1956
951 1135
1833 2654
1407 2223
54 376 1566
587 865 2097
599 626 732 1575
131 283 1329
291 1647
1211 1472 1686 1828
42 100 1237 2363
548 2659
774 1779 2082 2104 2183
1879 1943 2204
34 557 945 2601 2632
413 622 1987 2069 2642
861 1261 2166 2192
501 639 962 1526
1227 1560 2556 2646 2668
1267 1534
990 1279 1559 1587 2416
465 711 1298 1617
1809 1840
871 1530 2071
1480 2047
253 872
192 1433 1495 2611
1050 1555
780 2513
896 1461
2412 2656
1164 1348 1815 1863
47 119 926
534 1357 2533
1021 2058
257 730 1001 2173
348 1576
246 2431
491 1783
892 2440
707 1736 2232 2449
598 1756
348 787 844 1307
777 1488 2262
1290 1389
106 464 640 1206
1460 1732
1141 1910 2126
1477 2090 2597
1170 1853 2376 2662
205 269 676 1507 1791 2158
1424 2371
844 2446 2518
963 1207
662 688 763 1113 1505
36 1845
843 1226 2592
2191 2613
1894 2047 2446
1676 2027 2111
954 1055 1586
219 1335 1733 2494
1510 1930 2210 2295
475 659 785 1878
704 1884
588 1756
1336 2373
641 956
219 254 719 2063 2298 2509
98 707 1108 2224
52 1238 1749 2072
340 1633
43 537 1383 2206
465 731 1078
76 1006 1897
77 683 1312 1642
1687 2123
511 1024 1712
381 865
742 1607
27 157 2141
2457 2530
1237 1394 1815
130 1027
165 1427 1636
1673 2652
787 799 1117 1438
751 1577 1884 2297
2246 2388
272 299 1350 2509
443 726
7 1311 1881
906 920 2211 2636
264 1597
1830 2143
1081 1723 1873 2408 2448
312 2019 2459
370 1860
432 1464
233 594
832 851 1021 1660 2526
1503 1650
103 1005
950 1126 2662
1174 2327 2448
399 2166
660 1096 1931 2012 2572
469 1402 1547 2595
98 1296
196 974
489 652 698 1103 1248 2593
1110 1461 1548 1710
798 918 1352 1451 2055
1490 1692 1786
1203 1585 1926
670 1075 1541 2121
2207 2415
155 1928
361 1392 1602 2333 2559
65 1502 2325
600 1038
1408 1721 1885 2288
557 1534 1827 2531
299 1527
1834 1842
361 2321
1821 2507
1838 1993
10 599
20 1365 2487
311 762 1816
562 960 1973
245 896 1291 2351
411 704 1113 1238
714 834 1467 1817
2221 2370
449 1052 2506 2603
1922 2057
539 1153 2583
2240 2440
946 1825 2313
357 536 1426
362 2318
452 964 989 1133
262 295 1214 2127
652 2248
266 572
78 239 1188 2434
813 1537
169 1719
822 830 1229 2498
714 1720
1910 2417
907 1024 2561
2354 2365 2650
1812 2601
220 445 1959 2125 2441
732 1719 2451
1037 2233 2263
253 637 777 895 1138 1967 2621
1585 1873 2485
1451 1720 1782 2288
100 570 1390 1428
653 1313 1557 1975 2026
476 1073
1004 2214 2244
1280 1322
651 1117 2108
345 605 794
372 982 1891
57 751 1022
1736 2215
401 650 1610
656 2579
41 256 304 1662
322 472 1639 2194 2232
439 2099
422 790 1633
296 716
420 2045 2469
1874 2181
594 2092 2130 2321
70 105 374 1905 2643
106 494 2028 2177
34 307 1638 2115
94 1284 2301
367 1633 2048
120 181
1433 2606
650 865 1255 1272 2172
1962 2309 2612
636 2670
1458 1690
135 1091 2148 2250
178 989 1669
1432 1478 2641
146 377 1244
584 1359 1874
33 180 978 2440
322 911 1920
115 208 684 782 1675 1886 2180
527 771
67 300 2419 2427 2480
2507 2667
214 2668
743 1216 1922
260 1429 1734
698 699 781
1100 1275
492 2292 2399
1236 1675
2404 2574
2103 2542
1837 1886
1546 2661
1211 1495 2476
136 936 1293 2252
7 743 1199 1447 2112
745 1401
451 1058 1879 2007 2626
299 829 1794 2432
1411 2633
410 1317 1785 2354
1103 1238 2410
376 462 864 2346
330 926 2408
883 1132 1170 1603 1668 2173
35 1010
2046 2107 2168
642 661 1345 1707
150 1750
1156 1185 1875 2422
858 1052 1296 1644
677 1825 1853
533 1230
48 899
14 632 883 1406 1881 2513
1289 1990
112 1061 1132
769 1088 1825 2651
408 1261 1517
1082 1459 1590 1641
1480 2312
348 868
646 1210 1442 1960
835 1047 1237 2154
96 753 1143
363 631 1807
90 1558 1765 2523 2669
97 2601
106 999 1625 1707
90 500 1693 1912 2182 2575
34 820
340 356 462 1870 2128 2654
438 1352
1018 1026 1045 1678
60 676 1438
2028 2553
1000 1667
180 283 351 539 1314 2071 2207
631 1744
1339 1383
1428 1553
59 2156
731 1295 1361
906 1529 1532 1575 2088
10 130 1585 1832 2181
2372 2597
508 1197
858 1103
1671 2103 2449
172 1823 2223
1284 1792
1605 1777
489 1220 2337
189 967 1646 2273
1484 2268
54 1666 2215 2429
424 634 980 1845 2160 2672
350 1449
1979 1983 2039
608 1324 1691
129 184 1001 1576
889 1829
142 190 915 1957 2187
1946 2483
597 1235 1413 1611 2148 2419
319 783 843 2523 2525
527 2082
445 1565 2180
657 1228 1663 2132
206 1599
256 693 2426
1457 2524
209 1612 2036
40 610 1351
665 2267
835 1668 1701
1191 1200 1383
925 1841
1501 2473
484 727 1380 1698
706 2023 2046
1116 1402 2440
1743 1974
187 974 1120 1193 2160
511 1905
626 1282 2298 2651
574 1198 2527
1061 1346
769 1538 1725
429 436 682 1356 1972 2516
771 1391
371 470 695 846 1572
917 2509
640 1027
516 555 2460
82 685 767 1344 1415 2446
1481 1834
767 1145
265 320 900
191 1532 1942
1497 1951
614 938
211 2336 2394
2367 2541
1453 1509
2002 2209
484 1426 1469 2277
756 760 1163 2078 2591
1141 2387
632 1121 2418
391 931
521 1736 2167 2189
870 2617
379 397 884
135 876 1323
495 793 2264
579 800 2092
669 1734 1827
979 1209 1641
146 494 554 1219 1460 2233
1038 1049 1718 1981
520 2421
886 1507 1788
974 1693 2023
123 356
885 2268
1960 2470
1005 2175
181 1267 1708
305 622 911 1893
584 1205
478 482 1440
1518 2291
1251 1440 1830
1978 2247
172 486 827
592 2428
143 161 333 1858 1902
676 842 1177 2291
2591 2636
260 1331 1706 1832 2175
975 1502 2013 2447
483 1328
757 1345 2466 2476
401 1791 1921
276 934 1033
362 756 816 1002 1776
675 1463
1265 1388
78 1222 1266
936 987 1050
454 1224 2461
594 1093 1525 2087 2386
215 1255
392 581 875
639 1125 2544 2640
889 1165 1220 2566
840 2542
81 616
22 333
1181 1498
765 1697
230 271 874 1606 1658
611 1013 1676
320 1243 1306
2149 2476
910 949 1940 2475
306 2026
351 2391
1262 1285 1468 1771 2137
359 1830
156 2331
823 2404
1730 2404
1071 1831
244 516 2478
1339 2052 2152
89 816
553 2218
137 220 290 1804
328 489 1582
512 859 1646
130 1116 1467 2190
66 1525
945 1339 1501
367 1382 1952
210 1425 2198
964 2288
112 181 2269 2329
78 1774 2051
1022 1610 2189
1220 1347
98 1263
74 184 1269 2281 2321
1372 1590 2191
1459 1711
49 1876 2560
226 263 1456
883 1814
64 1044 1288 1941 1973
2 1123 1372
588 1415 1725 1754
376 2187
558 613 1543
159 942 1375
87 112 1674
716 1807
757 1693 1828 2344
574 1830 2259 2566
1985 2139 2665
49 1790 2155 2186
745 1047 2614
422 1243 1386
44 206 810 1929
1045 2560
116 356 1558
577 2204
814 1892
89 112 953 1022 1105 1876
20 2049 2150 2252 2324 2531
128 1018 1946
688 1548 2135
1683 2530
240 435 1829
635 1930
540 1677 2571
578 2024
126 1394 1631 1806 1840
40 1217
1861 2003
817 1910
1076 2037
207 2232 2331
897 2342
688 912 2426
197 1231 2182
428 512 713 793
108 123 1185
1767 2181
1372 1770
1344 2241 2511
712 838 2258
139 995 1299 1725
604 2078
99 249 1841 2115
1060 2314
737 861 1063
293 892
1735 2281
737 2133
225 2326
248 517 1084 1205
495 1227
1145 1544 2217
1330 2271
1441 2308
101 1551
1593 1642 1747 2155 2500
1138 1695 2042
729 991
1489 1708 1921
707 894 1007
169 992 1656 2408
206 2230
44 1450 2019
948 2580
1057 2645
1157 1518 2085 2174
1357 1933
1835 2385 2443
46 1193 1239
127 1006 1119 1466
441 793 1297 1954
172 989 2444
76 938 1029 1143 1843
14 919 1604 2471
966 1335
64 1957
52 1961
12 257 1494 1641 2526
177 1074
53 539 1142 2164
617 1582 2115
1133 1667
899 1213 1870
793 1406
344 669 2098 2476
257 425 868 2502
803 2275
452 2509
281 555 1317
677 2212
285 632 787 2272 2428
577 725 2205 2279 2365 2623
930 2015 2558
170 2392
791 1494 1616 2391
88 1797 1851 2345
179 1093
1033 1677 1881
156 954
1730 2195
44 2139
700 1729 2604
214 1063
174 2296 2397
960 1312
24 2024
43 1051
738 1220
573 1792 2515 2617
1118 2519 2552
675 2590
54 481 975 1068 2512
1482 1487 2176
527 1001 1573 1866 2306 2673
955 1067
324 562 1731 2162 2217
2367 2396
