1759 2610
661 1109 1198 1446
796 1141
1686 1736
199 623 922 929
258 684
400 436
727 1525
51 401 946 1397
224 715 860 1267
130 531 569 673
406 1345 1617 1701
130 570 629 699 1459 1608 1618
71 645
233 1087 1305
1033 1480
192 686 853
724 1443 1473
738 1358
560 1106 1757
349 896
928 1188
269 904
933 1221 1295 1673
281 1277 1481
112 460 1437 1664
215 1364 1732
56 335 1460
1034 1054 1196
450 929 1439
91 181 416 1022
232 245 666 1146 1532
19 571 623 751 1298 1484
31 632
554 1514
484 1436
334 1386 1567 1699 1736
24 535
261 862
489 1554 1671
162 754
714 1230
653 1265
914 1054 1425
1070 1514
647 693
406 1016 1020
654 757 803 857
58 456 593 681
412 1094 1484
500 686 1715
4 118 682 1411 1709 1749
223 562 695 1200 1627
398 1282
1552 1663
238 815 1078 1699 1736
108 445 962
484 871 1228 1599
533 689 1370
31 233 322 998
1168 1327 1520
107 1088 1179
516 622 1067 1083 1249
264 1270
261 1095 1179 1602
39 607 691 752 1032 1221 1573
236 956
256 420
1287 1339
88 712 1192
98 416 1379 1464
62 800 900 1197
466 479 769 1254 1738
48 546 1387
437 1588
1247 1583
684 777 830 1310 1531
404 1647
126 274 1684
638 1156
249 548 554 915
59 424 454 1362 1427
543 1079
274 452 576
352 519
389 1375
1092 1469
360 545 581 712 1559
298 377 409 485 1384 1409
108 1008
46 1340 1726 1743
943 1480
305 1330
136 354 380 742 805
772 1184 1251
469 668 1561
1332 1423
211 394
126 536 1323
184 1638
1 354 1242 1475 1731
1063 1376
60 370 525 830
493 1118 1186
676 706 724 733
506 1523
1179 1452 1661
534 840 928
168 1180
310 501 579 932
660 878 1424 1613
346 1153 1757
1000 1456
198 347 1337
160 1458
808 1308
368 1071
185 899
529 1032 1196 1395 1719
365 712
751 1579
409 1494
919 1717
75 126 1352 1438 1463
508 1348 1360 1479
84 950 1055 1088
965 1192
1226 1253
356 959
195 366
76 1227 1635
808 972 1153
577 657 727 857 1552
721 1382
367 1129 1473 1487 1587
1244 1742
421 1295 1389
275 478 1438
762 1227
255 1709
565 644 661
646 1060 1533
791 936
1473 1702
153 232 1152
224 1151
539 1658
864 1355
292 645 912 1460
298 821 1088 1514 1607
757 932 978 1311
159 1112 1395
929 1171
1361 1550
6 74 116
20 1052 1422 1704
232 774 1010 1296
225 549 652
1116 1731
469 1692
724 821
576 1037
281 371 1599
118 918 1742
232 1145 1498
204 354 491 1079 1202 1571 1743
925 1055 1115 1236 1588
136 1243 1497
548 594 839 861 1044
32 698 1662
148 409
976 1093 1347
312 891 1003 1370 1529
926 1531 1595
113 604 1498
1309 1450
1657 1660
326 747 1279 1366
1034 1350
236 505 1531 1563 1718
550 650
690 850
685 780 1192
764 832 1048
645 725 1380
718 766 1205 1214
13 436 1280
147 677 1268
378 1103
569 694 1240
664 1016
425 1460
672 1278
147 321 1193 1537
1003 1152
201 611 669 1556
169 247 962 1159 1229
42 1010 1041 1735
407 500 1306 1685
787 1751
124 608 1065
592 814 1113
279 1017
411 530 1501
112 1247 1301 1341 1514 1756
200 684 1294 1461
581 802 1246 1723
1272 1332 1731
116 471 974
568 605
306 340 653 775 1384
232 494
476 539 770 885 1272 1547
288 468 946 1392
589 1181
283 397
340 455 979 1686
509 523 602 1184
59 1189
711 796 1033 1338 1366
40 1410
415 1086 1190
34 1087
106 904
947 1723
322 446 1703
360 373 589
187 825 1542
23 1206
1506 1535
628 773 968 1230 1244
129 1379
450 587 1058 1483
137 1680
451 1317
111 196
458 620 1140
670 729 953 1168
761 1584
32 680
509 804 820 1057 1112 1316 1458
683 804 1147
519 1164
96 415 629 792 1753
235 276 332 1426 1453 1529
111 1489 1680
1114 1552
189 206
653 772 1001
1298 1311 1360
53 895 1164 1644 1683
968 1213
224 549 770
267 554 952 1031 1234 1526
228 1059 1371
473 1599 1733
667 1560
23 79 551
182 1165
1242 1512 1647
731 781 825 1292
403 592 1058
1280 1298 1391 1399
458 1310 1339 1415 1524
94 1513
595 607 1470 1596 1688
108 1572
681 1542
951 1181
518 965 1526
318 1294
1022 1581
240 964
331 1678
1373 1474
687 698 1453
1671 1674
67 1306 1408
423 585 716 1673
127 418 1020 1244 1371
697 1173 1458
819 1005 1014
71 152 1038
141 695 831 835
33 254 504
123 366 1238
400 869
31 588 1176 1264
744 1498
973 1091
59 201 205 383 1620
106 388
289 1136 1327 1728
221 1710 1737
788 1663
593 887 1742
174 1024
385 1305
846 1552
863 1117
189 386 795 1527 1618
1134 1254 1726
555 1410
211 524 1108
965 1439
67 1070 1637
68 357 447 832 1728
113 581 1497
979 1246 1507
793 820
569 744 747 927 1381 1588 1650
598 1707
221 684 1157 1366
4 87
1505 1631
338 381
818 1329 1688
1093 1286
240 940
1018 1384
169 1316
126 632 1152
67 760 930 1197 1506
144 399 984 1420
761 1342
304 408 707 884 1025 1275
394 747
458 563
649 1484
752 887
423 536 998 1532 1548
762 970
468 704 714
807 971 1660
569 1213 1255
467 1004
345 1513
1462 1751
1167 1670
864 1321
134 1205 1379 1596
18 267 509 627 741 929
34 193 821 1508
40 185 1723
123 496 535 1094
139 542 1219 1508
371 1580
668 1073 1614 1645
26 761 1171 1411
565 792
563 951 1336
1065 1431
201 925 1225 1607
910 1072 1108
812 1209 1565
187 294 312 1159
269 1280 1324
388 1374 1463 1559
159 258
32 112 1739
200 456
343 688 1164
273 413 1208 1502 1511 1601
186 565 815
30 487 1284 1434
891 1170 1308
176 1004
841 973
604 906
321 909 1144 1406
11 762
14 706 1449 1560 1752
2 87 465 1521
202 958 1280
772 1383
317 700 795
301 312 976
9 470 587 643 1133 1268
164 1186 1246 1713
516 1653 1725
853 1667
324 939 1148 1742
13 91 922
435 958
130 1201
519 1301 1366
89 432 1561
176 1388
1042 1107 1214 1521
149 1117
500 655 1004 1160
169 371 413 830 947 1137 1358
1019 1112 1352
415 1474
87 198 1688
1171 1381
539 1592
342 910 1060
801 1268 1604
106 126 127 269 1058 1213
39 462 1713
438 467 527 664 1229
1519 1643
888 926
676 967 1109
425 1668
531 938
177 643 649 1252
141 596 691 1144 1234 1294
1379 1434 1564
1024 1151 1158
61 186 1156 1488
380 405 625 665 734
625 1640
88 90 169 552 934 1132 1494
999 1373 1587
96 224 899
704 1734
132 163
332 459 1271
85 314
56 67 929 996 1563
700 1039 1237
1131 1263 1288
154 1303 1473 1743
1039 1091 1286 1746
599 1289
201 817 1436
1 503 718
354 542 1290
87 378 667 718 1368
323 1102 1194
523 787 1258
198 857 1043
414 417 1429 1659 1691
368 505 1301 1541
154 964 1432
40 938
1083 1502
39 89 1329 1576
885 1656
461 1352
255 625 1191 1411 1418 1490
1045 1744
140 1382
343 1418
500 1294
26 35 1163 1277 1288
372 401 892
83 286 1291
386 989
202 514
906 1045 1174 1611
255 1006
862 1557
85 1160
663 1144
182 284 564 693 775 827 1228
171 816 1097
310 701 1259
644 1700
296 563 735 1685
461 1455
409 470 1005
230 243 490
1026 1310 1318 1716
12 782 1410
257 346 660 1332 1455
1158 1368
129 363 492 731 905 1102 1151 1190
35 1174 1306
103 690 1616
203 873 1384 1447
9 926 1010
945 1105 1633
432 1052
485 1469
303 333 385
17 41 825 1126 1151 1527
502 832 1309 1517
635 1518
656 696 1467
1133 1187 1303
1165 1404
312 818 1493 1578
853 1622
891 1047 1759
170 590 1493
448 651 951 1410
180 1022 1301 1658
109 189 424 934 1508
123 1341 1513 1696
1286 1709
745 1501
175 441 1307 1459
88 1223 1641
965 1194 1392
30 1053
52 570 602 645 1668
356 428 1506
901 925 1714
599 748
504 667 985 1118
568 918 1602
930 1643
98 333 1678
710 963 1087 1422
206 1328 1341 1449 1668
491 1036 1205
459 523
302 1196
1222 1294
1024 1702
778 854 1354 1391
642 1143
298 820
24 1534 1671 1720
503 559 757 950
784 1230
690 1359 1666
131 1179 1262 1602 1670
378 599 660 781 1295
6 1156 1409
459 1093
680 1079 1613 1682
732 1223 1673
41 969 1147 1489
405 1646
1234 1556
313 716 952 1338 1408
1134 1292
1572 1642 1692
1268 1425
270 370 682 1364 1723
324 434 1003
125 438 827 866 1726
7 357 679 755 824 1344
551 951 1145 1692
662 1263
1112 1561
853 1626
286 675
45 125 958 1137
268 1658
463 708 840 1178 1441
21 915 937 1742
371 1439
1011 1262 1376 1691 1711 1737
1476 1533
242 539
27 533 1291 1593 1608
281 502 1759
86 273 727 1352
324 415 574
456 1581
498 560
398 1441
100 176 1136 1697
373 423 1551 1600
18 243 567 1666
97 961
326 887 1258 1507
1438 1538
423 1317
359 1701
513 758
741 1038
1119 1611 1660 1714
327 480 489
245 344
59 1064 1221
156 778 1386
820 1086 1168 1190 1336
165 329 368 709 800
205 263 947
542 672
256 810
565 1692
230 680 943
371 584
522 1517
493 1707
99 1072
1072 1207 1424
124 505 785 819
461 873 1037
657 1552
839 1001
43 206 476 583
489 654 736 804 1457
239 350 496 759 1498
148 816 831 1573
351 1573
461 584 1311
38 98 1324
1163 1186
975 1109
331 1555
92 944 1755
69 225
506 1312
844 1452 1504 1591
479 960 1146 1456
187 844 1496
315 733 750
820 831 1514 1577
904 1690
213 477 1201
518 612 796
203 913 960 1338
713 815 1032 1308
23 203 559 951 1379
60 590
619 984 1444 1501
196 680
847 1745
314 792 840 1485 1585 1602
540 1359
220 1186 1374
805 944
37 344 949 1259 1727
1113 1243 1310
1025 1559 1625
424 1347
975 1515
205 267 971 1638
129 1022 1342 1479 1666
82 566
764 1137 1586 1619
34 842 1215
7 474 1211 1332
355 573 679
396 401 1129 1189 1498
509 1696
171 200 515
1430 1524 1556
556 909 1553 1596
66 160
236 1310 1378
85 739 1212
702 1263
610 1492 1499 1670 1742
92 599
923 1100 1167
1056 1471
716 900 1005 1319 1633
704 741
673 946 1396
23 206 1067 1228
732 744
156 382 450
332 1334 1633
213 222
274 671 950
329 980
783 1182
32 1353 1688
755 1164
228 381 461 1245
243 1268 1565
390 1079 1400
264 564
1125 1529
14 310 1098 1460 1581
203 505 1055
64 300 998 1049
870 1447 1672
483 629 638 1495 1597
866 1082 1532
253 323 348
342 1675
411 549
422 1172
1540 1703
802 1454
614 1023
487 1015
133 950 1291
1135 1270
64 901 1004
413 635
620 649 802
410 1276 1312
266 400 1373 1503 1743
218 668 1328 1598
1159 1457
360 968 1130 1379
85 1700
467 1286 1358
4 878 1131
494 917 1052 1421 1465
652 935
619 1584
912 1280
1006 1200
284 524 1363
162 392 451 996 1197
344 422 762 933 949 1394
793 1310
1380 1530
1397 1523 1705
469 647 661
100 682 867
529 576
265 271 1581 1692
584 985 1129 1415 1651
648 1358
666 1334
363 513 959 1759
426 1220 1342 1385 1634
45 100 1225 1243
165 1074 1334
1570 1709
111 201 292
1362 1431 1656
454 1170 1254
352 1197
143 663 1296
418 906 1060 1625 1667 1668
1087 1147
906 1264
713 1336
35 756 1309 1382
398 1034 1277 1605
675 1744
664 921 1256
45 94 888 1120
515 1070 1759
205 656 675
561 1273 1521
799 1205 1621 1649 1736
1324 1517
1411 1714
243 931 944 1036
422 1431 1611
11 1125
434 1141 1220
269 1439
569 795 1133
112 503 810 1008 1022
515 1006 1096
6 1434
147 728 1614
11 1274
633 752 1020 1139 1372
100 984
442 523 585 750
356 1276 1752
54 1137 1425
229 601 656 1640 1737 1753
415 889 1179
815 881 1137 1146 1497
479 520 757 829
729 1181 1658
662 1117
253 352 627 671 1258
154 435 657 1112 1736
754 1682
713 852
156 1045
12 1166
317 1138 1273
27 1048
745 792 896 1069
992 1082 1181 1561 1626
279 399 505 534 912 1342
281 862 1272 1337 1692
82 789 1596
45 166 258 1148 1488 1709
243 750 853 1258 1715
154 697 1164
124 607 1663
1209 1260
520 1173 1265
764 1558
507 1461
1028 1177 1673
212 679 774
694 1220 1609
704 878 1306
569 1451 1453
938 1620
215 1720
550 631 1030
200 1667
691 1192
959 1731
327 795 1376
25 26 594 810
143 1067
396 761
59 97 551
401 1167 1282
462 916
818 1131 1213
1242 1468
100 971 1526
702 786
399 813
261 1199
23 1070
377 472
1639 1744
20 638 1182
148 161 585 1116 1493 1695 1714
23 445 1597
88 186 785 923 1427 1576
512 941 1167 1759
229 1438 1503 1641
707 830 958 1057 1064 1636
127 1057
950 1690
42 814
291 1067 1470
60 178 1161
650 1644
419 593 617 996 1253
651 931
844 1025
77 943 1436 1743
892 1374
68 259
835 985
215 1249 1488 1578
1023 1031
935 940
909 1065
411 894 1187
528 762 1398 1668
1047 1219
318 733 1073
698 1611
2 1329 1359 1360
566 600 1736
584 1386 1406
68 1005
271 330 644 884
152 638 642
520 535
324 377 1700
1173 1361 1553
586 1272
434 1212 1616
572 1292
498 1041 1384
224 1249 1576 1710
774 1213 1374
553 1041 1260
835 994
417 1671 1727
29 510 513 652 816 1441
378 386 469 923 927 1625
897 1350 1433
757 835 898 1651
609 930 1131
192 1475
1415 1529
775 959
199 691
175 842
132 733
942 1302
207 284 516 635
792 1133 1659 1721
77 344 670 1479
1077 1563 1598
134 739 1384
13 661
69 673
9 703 923 1043 1209
77 618 683
275 582 1735
85 111 1285 1400
1200 1389 1501 1605 1645
225 594 603 1087
1063 1727
274 560 1220 1414
1173 1300
203 1105
316 1269
95 185 353 635 764 900 1044 1465
321 636 862 1501
739 1601
370 785 797 1339
562 692
1156 1190
570 1102 1324 1326 1667
517 1191
3 1523
871 1478
332 1059 1449
1334 1497
355 746 1418
1106 1109 1612
42 166 1080
291 344 462 823 1449 1608
845 1470
452 773 1169 1597
830 942
1083 1600
695 972
1252 1663
319 1627
779 896 1171 1759
582 1281 1614
669 1032 1732
684 846
35 1003 1469
196 1189
379 790
186 795 1360 1717
116 141 891
550 1531 1685
167 234
982 1484
877 962
667 847
107 315 529 1446
1158 1361
285 1384
435 1391
958 1458 1655
95 586 1140 1469 1723
913 989
1220 1319
377 1577 1749
1308 1451 1472
229 1136 1409
869 1603
1175 1733
123 401
1280 1317
149 488 834 1580
368 1376
346 645 747
83 430 1459
162 944 1469
892 956 1502
255 341 1553
1146 1329
19 431 686 720 782 1509
64 792
166 1195 1290 1747
266 575 633
380 1289 1755
206 631 1317
710 801
542 987 996 1691
337 497 685 731
713 1081
101 1602
1055 1405 1644
812 1175
376 590 962 1086
615 965 1623
198 598 1259
182 686 908 1190 1388
618 1244 1536 1584 1647
249 1474 1722
619 924 943 1029 1434
146 606
298 1245
654 720 1134 1467 1608
887 1151
341 1038
370 1659 1717
451 1245
671 728 895
639 1426 1468
34 814
550 1373
689 1214
1122 1253
768 920 1011 1597
225 284 1185 1317 1414 1668
230 1636 1699
157 1127
658 1356
130 1034
576 613 1610
579 904 1273
374 1145
88 969
266 328 1471
116 456
527 791 820 1366 1429
162 325 538 1341
659 785
253 1137
1032 1082 1348 1647
994 1474
839 1136
793 1470
847 1377
1291 1608
653 1052
58 995 1035
593 1703
650 1424
202 628 1691
36 307 680 973 1727
666 1014 1025
362 631
312 515 1491
1068 1199 1361 1475 1536
756 1045
13 1288
51 1677 1741
103 632 1657 1758
534 665 886 1551
687 835 1260 1336
93 843
224 1018 1078 1315 1387
69 852 1507
126 352 1176 1533 1615
1306 1429
1247 1502
97 578 1352 1588
1059 1291 1527
404 560 1422
1231 1410 1706
85 232 254 1589
84 204
772 1263
3 326
612 616 846 1167 1334 1661
315 1192
95 324 562
994 1405
42 566 775 1710
211 652 1403 1561 1622
96 1732
911 1183
367 386
299 923
100 639 707 1130 1371 1532 1596
1074 1371
362 500 1524
782 1169
1122 1582
1130 1439 1520
299 1273
773 1429 1604
234 570 1352
954 1437
1028 1376 1517
112 457 613 886
470 642 889 989
427 1129 1501
1624 1736
269 975 1577 1629 1729
419 1596
160 224 1173 1238
29 45 565 1339
67 1618
338 949 1671
698 970 1586
195 396 1157
381 461
379 974
155 694 1447 1474
383 1045
400 502
352 1080
283 289 989 992
459 1463
620 1698 1705
173 612 1350
339 706 1735
70 844 1219 1504
783 798 911
99 1620 1694
58 1124 1481
157 577 867 1448 1582
140 1673
259 1272 1542 1756
47 1392
1028 1048 1338 1564
592 632 713 1504 1561
6 499
118 534 619 1690
310 529 717 1302 1444 1566
401 553 598 601 1025 1387
83 942 1399
69 617 1125
1140 1568 1637
583 1093 1126 1756
205 1155
3 34 41 77 458 928 1028 1207
488 995
1308 1454 1642
397 630 890 1263 1498 1540
413 445 573 1704
194 725 876
316 1033 1625 1678 1700
352 1121
163 882
75 883 1055
356 401 514 912 1116
167 962 1002 1590
381 435 536 592 1533
226 1070
1542 1759
346 1426
221 1150
644 713 913 1500
10 606 1283 1287
175 537
493 813 1389
158 1707 1737
349 556 1135
458 1145
547 1119 1477
1006 1183 1364
232 284 1141 1591
125 183 192 908 1454 1658
368 1210
184 1090
1140 1531 1585
980 1517
71 1205
1279 1390 1464
874 1048 1174
87 1555
125 621
413 923
551 555 1576
39 140 984
650 921 1624
355 1591 1602 1607
215 1305
58 570
739 1625
1381 1585 1594
646 1364
24 612
631 870 871 1085 1408
985 1047 1519
122 970 1653
466 541 1549
488 1580
578 1542
314 1661
29 1130 1457
1358 1477
404 439 596 644 1209 1686
818 951 1533
961 1187 1404
134 718 1534
510 642 789 1009
352 556 1078 1672
732 887 1080 1502
509 960
688 737 957 1276
332 1225 1521
18 79 188 202 697 990
55 450 1175 1446 1640 1643
951 1654
31 379
489 1271
149 291 324 425 557 587
948 1386
467 1695
449 531 687
429 727
396 1569
432 1049
89 1585
164 722
357 1061
533 1657
1190 1698
502 541 975 1090
525 683 1388 1391
190 850 1240 1551
875 1291
105 824
1368 1375
205 360 570 669
564 1116 1268 1396
400 1427
970 1561
1154 1205 1296 1578
938 989
438 1140
649 1491
1098 1176
1284 1580
98 364 1380
554 900 1190
237 553 944
172 774 782 797
67 744 901 957 1159
507 851 1580
466 1618 1619
727 1309
127 376 679 1233
13 1003 1716
572 743 1671 1723
161 220 1486
251 722
116 947 1627
42 1036 1236 1469
509 1235
445 454 1171 1276
982 1262
202 1516
1520 1637
713 1031
734 954
146 190 250 1275 1297
193 493 1006
91 783 911 1268
330 1167
315 1387
847 907
500 707 912 1554
838 1459 1696
374 659 1017
630 1363
1528 1651
206 1046
659 1067 1122 1744
942 975 1240
7 542 756 1469
194 453 1426
1307 1381
674 701 1100 1402
383 727
659 1141 1402
364 929
21 674 899
919 1049
301 317 341 511 1105 1656
124 1097
487 989 1617
762 1451
396 548 710
167 314 1335 1397
81 610 802
668 1081
215 621
570 1049
417 987 1168 1517
980 1657 1697
482 630 744
207 822
999 1206
196 1290
204 1415
427 1444
159 874 1236 1434 1477
55 197 424 1109
447 814
637 925 1306 1519
261 591 915 1117
1223 1328 1727
1564 1709
123 189 225
259 1112
176 464 1319
63 145 539 614
419 548 766 1692
1136 1224
360 1157 1240
243 1723
315 667 836
349 501
300 872 1564
256 1081 1731
233 448 1074
619 627 815 1667
119 568 748 812 900 1753
57 77 1099
11 321
148 1551
602 1395 1592
635 725 1102 1592
36 317 723 1115 1129 1138 1273 1439 1443
92 587 699 863 1534
667 1007
281 663 1310
545 948 1413 1536 1582
442 672
50 1501
98 585 610 706 1430
215 605 1425
590 686 853 1077 1091 1408 1628
534 998 1146
508 808 1458
359 386 1079 1296 1599
538 554 568
294 658
78 1252 1374 1718
127 160 1036 1639
447 1158
785 1072 1721
437 1110 1340 1511
68 1447
373 442 748 831 1199 1446
252 1155
656 1023
847 857 979
92 113 801 1346
895 1361
377 387 1246
196 419 839 1165 1414 1484
986 1696
56 397 999
55 1235
212 1254
282 944
1016 1581
107 241
184 268 970
122 690 1386
38 663
1188 1248
275 903
89 1229 1234
939 1328
1527 1715
21 630 1338
369 1201 1672
657 790 1213 1508
38 104 410 454 466 713
594 1303
35 672
454 1169 1406
514 826 1668
124 504 1421 1590 1755
717 974 1361 1388 1618
24 380 1000 1454 1670
459 919
657 693 1436 1594
402 526 1165 1618
463 902
91 299 1273
36 149 291 1005 1010 1211 1352
287 1022
48 148
449 745
127 324
780 1316
688 1324 1374
169 1074 1337
398 889
632 686 1735
553 1587
224 475 564
417 754
430 507 647 905 1387
930 1606
682 1168
202 346 1526 1687
202 684
96 175
193 1624
760 1033 1274 1399
24 446 1207
85 1509
317 669 1590
542 650 767 1250
210 1001 1194
11 617 749
408 1098 1201
269 927
664 731 738 1192
221 812 1250
895 976
758 775 805
573 1464
337 382 1016 1404
336 844 1296 1725
97 1625
127 1343 1749
19 343 1091 1657
874 1175 1413
369 1036 1098
470 1492
107 647
525 1280
11 1305
296 1060 1350
259 827 1025 1140 1580
160 972 1466
1069 1071 1640
116 1117 1514
488 525 1265
8 318 712
559 1189 1383
640 1272
504 1340 1417
514 1201
424 946 1015 1468
815 1204 1686
631 938 1149 1370
1083 1089
515 816 1621
257 1110 1390
831 1512
1125 1243 1726
580 1166 1212 1698
140 1282
285 1638
348 706 1607
204 1236
519 628 1487
758 1303 1698
223 462 1126
206 514
818 826 1142
331 384
493 1379
79 811
134 255 1288 1491
341 1241
893 941 1585
760 1082
58 124
94 102 1578
933 978
14 1157 1195
381 532 546 1372 1380
1 41 92 388 1068 1363
20 722 1125
609 1578
358 1340
569 922
18 256 409 504
607 635 839 1320 1508
141 279
1144 1199 1200
166 1609 1726
68 1450
246 1636
310 584
792 1668
106 471 706 1157 1446
585 1212 1511
250 1474 1487 1541
18 29 89 243 936 1028 1225
896 1611
162 266 1481
829 912 1380
894 1234
495 580 878 1480
736 1220
162 578 1269 1416 1550
183 719 1626 1727
261 478 1529 1610
132 171 1743
343 640 794 1240 1691
617 1679
435 1088 1737
1006 1123 1757
151 943
1328 1373 1419 1690
42 1312 1553 1574
944 1492 1543
158 895 1632
748 929 1127 1429
1173 1318 1473 1474
481 554 813 1249
452 627
701 1272
548 928
178 517 1143
802 915 1457
337 549 1153 1739
655 825 827 928 1513
125 750 916 1156
668 704 781
866 894 1118 1139 1656
269 1289
438 1348
262 388
647 1472
579 1065 1095 1389 1448
307 916 926 1705
468 697 1012
33 1659
2 1079 1125 1749 1756
112 221 1273
1518 1595
519 523 1355
578 694
508 510 1429
686 981 1023 1356 1738
551 1250
643 716 781 1100 1690
128 1328
555 729 1648
620 1736
744 812 930
97 1214
406 575
1219 1641
995 1166 1249
51 353 387 874 1091 1517 1651
819 1106 1324 1386
362 997 1753
147 1007
68 1487 1547 1681
324 1507
341 1209 1696
508 636
15 1218
923 1154
177 575 1412
41 575 1653
699 1680
250 723 938
148 879 1010
549 870 1157 1630
332 978
9 317 325 1292 1726
97 696 1230
650 1424
517 1330 1553
447 596 1241 1277
1106 1183 1385
881 1447
296 380 535 1332
1068 1246
827 1372 1552 1714
89 918
454 1400 1492
598 1004 1468 1652
8 670 1483 1753
258 1059 1397 1630 1633
98 729
718 1326
687 900 1347
728 990 1563 1737
414 542 1688
319 463 577 643 884 1138
644 855 1231 1460
848 1727
830 954 1405 1545 1722
657 838 1289
305 710 924 1605
627 1591
111 567
838 1454
9 302 495
308 762
1303 1702
114 832 1606
874 1464
316 700 733
758 1411
50 128 269
1164 1756
440 1158 1688
187 1424
1044 1093 1495
196 682 884 1531 1615
346 471 658
406 508 820 1086 1577
104 759
671 1006 1619
176 379 1087
1216 1217 1255
373 682 897 1381
140 195 1262
1015 1740
1093 1188
674 1264 1460
1185 1399
612 839
149 563
312 1042 1185
1204 1534
330 1521
136 530
400 448
271 515 1038 1138 1170 1712
157 710 805
47 1749
992 1553 1608
161 1066 1156 1269 1494 1524 1600
78 108 523 1607
1233 1563
163 1474
299 993
257 1648
994 1602
394 436
157 661 692 859 892
1 683 691
138 866
738 844 885
687 1386
108 1053 1370
582 896
154 1178
497 764 1567 1660 1681
117 315 648
104 373 464
793 1333 1371
548 957 1159
808 1179 1288
216 330 1116 1673
955 1285 1732
396 1661
1088 1579
653 1102
447 500 745 1427 1454 1498
807 1541
804 1495
510 1025 1094 1244
387 611 1356 1489 1725
223 1568
287 524
505 783
450 660 874 1376 1414
106 519 1058
782 1065 1347
369 407 750 1242
712 896
211 862 890
742 828
37 88
8 291 1303
1310 1633 1715
114 423 499 1198 1322
148 670 879
551 937 1218
61 946
60 610 656
748 1261
315 1053 1460 1482 1716
271 1011 1384
933 1236 1362 1576
555 1531
313 466
37 339 716 1488
857 975 1099 1337
419 434 816 839 1487
194 290 657 1368
203 565 1753
56 779 1252 1313 1338
154 383 496 541 662 1567 1692
994 1060 1277 1498 1724
284 871
953 1056
974 1180
594 1249
82 1366
801 873
51 1078
625 1302
604 1106 1112
287 1388
824 1073
1243 1569 1721
485 1247
1 695 1697
414 541 732
432 442 600 800
470 807 962
1489 1629
298 344 1032 1081
338 1173
456 1085 1158 1335
1118 1610
437 1642 1727
166 338 724
199 530 1176 1731
761 1159
914 1029 1255
281 1027 1347
6 1034 1270
185 733 1166 1710
46 1058 1284
579 1693
886 928 987 1101 1158 1486
1342 1361 1748
355 569 680 1282
202 373 884 1087
835 1029
702 1197
784 1118 1515
11 118 173 494 1392
1083 1420
386 985 1520 1662
35 969 1305 1465
829 1091
65 777
413 450 664 1410
1525 1623
1294 1628 1656
259 295 383 1353 1711
44 1174
110 891 938 1494 1593
1123 1463
658 831 1609
171 601 973 1209
385 1004
260 584 716 1212 1307 1369
1480 1656
600 1013 1560
476 506 723 1348 1605
1043 1620
250 782 809 937 1225
472 779
864 1190 1475
1286 1577
1152 1239
862 890 1133 1175
232 1637
425 1581 1715
266 1428 1430 1537
39 1113
453 1493 1622
239 1549
325 443 728 757 1244 1574
515 1315 1359 1651
1265 1682
736 1424
314 661 1698
271 520 1353 1628
1057 1163
544 1218 1263
91 249 904 1041 1381
478 833
76 177 466 857 1081 1240
1054 1243 1293 1756
24 1071 1633
203 295 1693
92 660
637 1274 1349
274 411 1702
1003 1557 1732
179 313 645 819 1541 1543 1663
404 934 1279
50 734 988
237 249
494 800 839 1411 1635
601 631 1164
47 968 1554 1599
450 466 1359
512 1394
237 751 1589
8 910 1251
55 131 336 368
287 952 1290 1406
384 1567 1636 1736
372 883 998
394 850 1005 1053 1390
734 1145
463 588 1141 1405
984 1738
157 1526
1008 1265 1308
588 634
468 690 778 1179 1755
173 309 320 375 1152 1235
364 1555
9 369 1376
8 1015
536 938 1151
108 1005 1535
157 1258 1592
30 312 913 1088
383 687 753 1442
369 457 471 761 763
20 241 1329 1335
299 1067 1601
34 752 797 936 1743
239 844 1371 1596
662 669 1746
331 853
874 1389 1518
378 467 1072 1372 1520 1678
586 1443 1755
411 1055
100 122 773 1187
270 816 1003 1004
349 1056 1062
623 1281 1554
514 949 1547
58 87 651 773
126 876 981 1131 1579
448 952
23 142 411 1436
488 951 976 1107 1179
190 588 628
730 1616
140 968 1197
631 680 968
374 1573
150 155 439 1213 1497
170 400 937
214 799 879 1160 1463
707 888 1231
109 725 780
1025 1679
842 1153
10 563 709 1306
175 178 680 1495
203 212
1157 1546
1078 1261 1270 1487 1490
715 934 1208
133 279 469 1231 1405 1690
362 699 808 896
7 199
475 1516 1599
1186 1661
18 92 891 958 1246 1287
1468 1682
1114 1230
535 821
1118 1194 1642
73 103 193 195 369 948 1011 1065 1703
1257 1614 1627
150 799
907 1471
88 661 1302 1363
40 152 427 535 800 948
863 1535
6 205 991 1445 1496
715 1425 1616
362 838
360 891
199 830 863 1288
367 819 1606 1722
25 871
171 640
343 502 571
277 360 1490 1593 1682
849 1230
790 1229
28 554
1035 1116
231 541
423 1178 1182 1356 1557 1691
7 1224
170 563 1270 1326
1298 1348 1465
122 499 778 907
176 1282 1495 1530 1607 1627
1670 1682
128 287 1080
266 596
336 667 1479
734 736
855 942 1715
725 864 1454
212 548 1752
1061 1536
379 682 1291
203 694 1164 1501
443 672 698 819 899 1254 1453
364 642 811 1344 1414
1060 1489 1740
76 588
1143 1492
560 1284
288 1573
132 234 462 1128 1338
705 1111
81 180 1255
1058 1491 1523
570 1422 1460
1051 1091 1185
499 1189
774 1040
58 65 1628
318 476
774 1373 1488
31 977 1225 1251 1353 1402 1435 1746
1469 1605
744 1404
918 1086
780 812 1170
597 1714
895 1564
974 1656 1699
29 1572
915 953 1463
514 1733
320 647 733 1474
198 1387
171 272 959 1427 1709
339 958 1660
119 1693
406 549
193 731 1405
14 1076
251 960
500 1426 1628
343 657 723 1355
7 1032 1664
903 1541 1750
377 445 974 1466 1552
297 1504
244 1523
101 930
425 1318 1331 1570 1575
18 986 1348 1353
56 178
926 1367 1389
183 825
510 1057 1502 1635
822 1189
200 428 1160 1456 1711
578 756 1099 1525 1617
964 1018 1511 1748
148 311 1744
582 665 919 1404
266 594 775
32 455 818 1264 1581
772 928 1520
1624 1629
371 402 447
1137 1751
219 271 1112 1584
410 996 1260
12 609
128 1304 1607
263 871 1441 1468
753 899 1453
809 956
123 321 1308 1549 1714
827 960 1389
928 1458
195 952
134 797 1030 1294 1309
396 719 1052 1304
25 239 271
50 546
292 1690
682 1409
131 838
1735 1746
399 784
890 1230 1739
1529 1708
513 616 732
14 349
1075 1107 1291
42 705 1227 1708
155 583 1408 1560
86 722 739 965
275 894
261 435 947 1532
733 1340 1417
50 115 1385
551 853
144 620
538 1223 1657
462 1290
530 701 831 1466
109 936 1357
95 1534
167 1003
250 362 1233
1308 1674
1093 1170
447 1427
255 286 478 1199
848 954 959
21 35 874
202 374 1130
504 624 742 973 991 1132 1264 1450
1376 1648
111 147 304 1020 1463 1524
129 1321
560 1096 1350 1481
223 1094 1401 1534 1604 1654
297 1362
46 843 1289
291 578
413 845
169 918 1024
673 1597 1646
857 871 1284 1670
989 1467 1535
837 1065 1610
1388 1626
479 923
1061 1197
335 878
115 244 281
1262 1514 1708
816 1261 1470
84 860
220 714 1458 1536
425 1629
848 1728
191 901
458 1224 1286 1338 1406 1714
625 1595 1646
192 505 805 946
632 924
356 1063
305 503 1674
574 1495 1613
52 723 745 1339 1525
1524 1600 1746
142 1156 1164 1262 1355
299 830 1648
36 783 954
1356 1741
558 1204
95 1396 1532
268 456
715 801
767 1723
494 916 1734
393 479 1669
527 929 1453 1498
945 1002
591 625
215 1679 1725
384 587
21 1369
406 1605 1662
339 1436
428 1075 1110 1376
120 196 1055
177 870
525 895
87 149 512 1274
395 419
446 579 588 701
493 525 1692
256 1071
295 967 1328
96 140 345
185 292 318 1664
930 996
616 1102
545 1042 1239 1677
1372 1491 1539
48 125 146
205 1166 1258 1731
801 1244
132 1447
12 494 505
1086 1124
1125 1544
324 482 1693
304 396 932 1535
5 134 1255 1291
729 1587
438 479 873
429 1321
1062 1115 1184 1550
389 1161 1417
91 1318 1567
325 713 1142 1455
296 585 1144 1293 1387 1699
38 94 863 1678
878 973 1095
770 1079
539 1173 1182
136 187 486 1120 1194 1215
383 988 1232 1417
166 422 490 1268 1502
471 1089
512 639 931 950 1071 1221
1452 1666
217 821 1360 1458 1536 1627
87 1012 1716
29 1721
85 277
1490 1515 1551 1630
1237 1585
544 1054 1154 1540
149 374 811 897
90 1496
649 715 1134
601 976 1201 1390
771 1344 1465
98 1013 1129 1263 1287
529 1130 1183
832 1036 1087 1133 1283
989 1252
177 1276 1470
906 913
331 485 667 679
378 408 422 1393
675 1221 1435
1201 1428
535 1070 1673 1703
592 1642
411 546 906 1077
314 485 757
662 1353 1461
725 1081 1247 1397
118 995
1423 1435
861 1182 1212 1223 1428 1671
34 607 1106 1261
397 464 587
270 660 856 1065 1113 1136 1230 1491 1532
209 367 508 530 1317 1405 1457
425 476 890
3 1086 1386 1420
922 1028
21 1259
1090 1271 1282
266 1525 1678
1568 1735
380 1663
84 478 1119 1517
1473 1663
236 816 1399
724 1082 1244
339 901
133 829 1583 1693
38 954 1317
567 1589 1746
274 994 1605 1733
310 1319
1357 1744
404 1275
445 1202
130 214 434 1636
441 787 1637
467 541 1425
641 816
95 530 656 729 910 1502
513 640 743 1179 1691
70 859 1012 1361
193 577 1317
600 1134 1194 1556 1734
501 1516
284 1495 1516
634 850 941
577 1723
220 1043
982 1010 1400
76 187 1079
417 515
153 1088 1655
166 548 643 1241 1582
408 578 1170 1355 1725
82 355 901 1660
1154 1616 1715
526 731
707 1637
1137 1180
904 1060 1188 1326 1355
250 488 1412 1676
878 1229 1698
912 1406
213 299 1196 1351 1429
685 896
257 1150
317 1702
152 639
80 689 1742
154 318 476 881 1397
409 702 777
55 108 1755
349 859
91 343 831 1457
51 660 1100 1229
194 1273
607 1496 1585 1730
550 847
1499 1733
123 271 423 424 439 658 691 1101 1465 1496
208 424
302 599 1622
996 1126 1189 1550
1258 1434 1614
1050 1098
141 198 404 1322 1750
963 1711
371 643
1197 1406 1742
64 266 913
669 1106 1258 1690
74 442 537 1142
298 378 778 1415
494 700 1056 1082 1738
176 435 773 1454
504 749
1581 1756
62 412 1102 1601
559 569 854 1310
732 1114 1400
539 1288 1587
261 981
530 773
186 1143
322 345 726 983 1332
150 304
239 1475
256 792 1019
278 1487
109 615 835 1595
2 44 734
339 1582
681 1387
212 1263 1269
8 176
1191 1486
836 1533
163 1115
560 705 1716
445 770 1664
767 896
645 1090 1145 1509
196 1481
978 1338
361 1192
399 1109 1644 1701
659 724
16 268 909 1187
287 1549
1242 1359
292 1223
268 307 363 709 1235 1408 1602 1744
937 1444 1626
124 171 626 797
259 1363 1417 1525
790 865 1456 1496
933 1010
87 1423
776 1010 1384
1286 1522
673 971 1657
65 1031
305 803
347 386 891 1363 1701
289 1129
117 1044 1056
524 1167
175 382 453
206 261 355 1151 1294 1574
35 396 419 671 900 943 1629
1125 1182 1387
1417 1436
724 873 1412
335 580 1129
1046 1422
545 1004
268 536 1613
69 277 1264 1711
501 609
286 1249 1283
281 606 1169
540 949
542 1184 1415
207 820 1465
929 1099 1281 1407 1622
1122 1429 1654
36 1431
1506 1746
410 620
127 868
362 1167 1492
766 1162
11 61 517 810 1154
177 795 1672
115 286 1314
1237 1470 1491
608 1578
398 704 987
97 1073
106 311 494 1143 1371
430 1243 1322
107 698 1402 1637
125 227 1621
1033 1233 1490
502 1187
88 1156
296 1392 1404
1607 1638
1209 1466
566 1490
409 709 871 1151 1157 1274
57 386 968
221 815 1067
278 738
1091 1409
77 1550
280 801 870
693 701
17 915 1488 1639
687 711 1400
230 609
805 1365
644 885 1302
743 834 1126
1390 1667 1727
116 297 796 1446 1660
1095 1183 1195 1212 1340
643 853 939 1098
47 452 709 740
1319 1662
568 1483 1563 1731
134 521 850 1369
278 323 1329 1659
528 1126
88 121 831
1337 1625
274 291 1544
52 298 1465
487 981 1691
207 444 925 1053
1316 1674
446 626 903 1579 1640
82 683 856 1187
1289 1389
703 772 1415 1513
444 1044 1121 1315
341 959 1661
628 683 1439 1626
445 1259
658 821
257 1435
201 1084 1205
299 1101 1527 1671
148 1391
270 545
1347 1374
954 1451
795 1000 1234 1380
56 314 777 1055 1610
160 225 568
141 302 1405
33 1535 1745
115 1682
199 540 1325 1488 1707
39 387 510 716 1033 1167
1017 1053 1152 1670
152 1046 1252
702 1308
162 1427
103 442 738 1083 1279
686 821 1671
56 596 1752
19 220 607 1486
255 531
441 482 1604
84 178 975
277 1013
623 1389
1290 1596
1624 1648
365 684
385 1423
582 648
70 153 1292 1651
103 403 594 1304
478 664
64 653 1098
368 835 1356
132 208 330 949 1132
391 765 1441
1213 1517
530 1369 1510
946 1269 1362
779 1297
901 1029 1170
514 794 813 1420 1645
408 564 691 1562
504 1322 1513
64 91 360
406 802
550 916 1028 1071 1353
170 966 1470 1599
855 1337
796 1349 1500
785 1685
92 764 1191 1380
201 1210 1277
119 1364 1556
287 903 1438 1567
1021 1390
284 594 635 847
141 778 1514 1565 1585
902 981 1467 1611
1109 1424
707 1425 1664
7 288 404
78 1181 1587
89 658 796 1097 1234 1414
359 1157 1552
1458 1580
72 851 1073 1281
58 116 1218 1492
863 1527
409 717 1484 1584
53 1038 1408 1558 1589
84 109
1611 1614
482 1233
912 984 1008 1574 1755
186 1261 1689
342 450
39 858
60 121 439 856 1173
287 1142 1534
204 219 567 1225 1694
591 764
157 1160 1205
179 1393 1481
864 1526
589 1099 1232 1719
775 1047 1299
146 499 529 753 999 1031 1229 1287 1685
461 682
788 914 976 1309 1439 1514 1657
796 1685
342 420 436 914
884 1580 1658
293 739 1100 1637
670 807 1154 1202
349 466
1153 1460
639 1007 1441
89 125 469 629 1201
263 757 1606
533 806 1273 1660
363 1260 1421 1491
863 1501
707 764
50 179 1105
163 349 1258
182 321 1666
423 1128 1494
129 623 800 832 951 957
110 1529
400 1561
211 734 1121 1645
430 1508 1728
16 1588
318 519 1100 1154
1068 1504
220 470 1078
1070 1242 1430 1698
282 518 536 604
164 269
972 1125 1702
236 479 800
153 524
1083 1369 1633
244 1459 1708
585 904 1160 1213
464 1131
748 859 1364
145 1075 1121
499 1220
286 374 1573 1684
433 536 781 1636
295 955
526 830 942 1131 1161
466 884 1332
178 1600
106 1196
60 759
268 639 1073 1282
25 352 1060
431 787 890 1079
701 939 967
1044 1549
651 1525 1672
245 910
386 1592 1731
1372 1527
1165 1417
850 1083 1408
132 193 964 1647
79 153 1266
13 1013 1589
234 1589
607 678 847 1104 1195
618 653
149 325 468
190 937 1023
280 780 956 1405
162 1462
555 1202
39 90 683 1237
596 619
263 680 1329 1620
128 1087
196 1048 1410
1044 1104
712 795 1001 1361
880 1118 1410
599 1357
484 941
287 908 1224
782 1707
933 1241
419 695
175 589 668
177 1350 1658
672 952
525 825 1608 1733
385 467 1175 1655
96 1174 1669 1722
387 417 515 985 1306
949 1031
876 943 1373
341 491 1097
22 525 1332
807 978 1703
62 554
3 226 1021 1422
268 918 1049
307 815
142 1645
95 311
562 724
398 1541
145 232 886
885 1133
909 1072 1371 1556
19 155 1008
883 1366 1484
50 1370
1117 1547 1757
1010 1538 1756
785 1301 1483
320 690
142 309 416
371 1442
322 662 1119 1192
637 984 1109 1615
562 782 1717
19 691 1366
36 472 1430
550 1061 1178 1627
499 803 1012
122 1083 1203
701 1363 1674
1251 1374 1375
288 1702
174 623 946 1359
581 1497 1754
190 442 1366
215 360 1673 1698 1726 1740
296 797 1233
534 602 1525
61 100 848 1029 1223 1312 1490
456 738 739 1454
285 1007 1561 1734
411 1423
669 871
1155 1611
1193 1427
297 582 659 684
179 1404 1476
339 1593
1166 1335
348 829 974 1007
135 273 1427
333 1276 1489
442 780 901 1067 1523
213 289
76 152 198 545 728
385 610 800 1186
285 644 923 1540
30 168 221 813 846 924 1665
80 849 1215 1370
146 281 819 980
628 970 1396
484 1043
285 643 1441
630 807
1183 1316
589 1281 1285 1439 1440
69 1662
381 1006 1052 1566
969 1059 1677
407 653 1165 1468
581 801 802
38 505 1725
186 340 785 1136
130 1482
432 583 1326 1402 1553
49 1260
471 690 864
85 292 536 601
323 335 1404 1593
608 1242 1529
424 670 776
1061 1358 1424
422 969
312 320
72 685
130 448 1529 1536
248 270 1324 1325 1686
32 343 445 1063 1667
18 231
454 1372
317 1755
119 476 638 1541
525 694
404 1332 1362 1372
259 972 1733
892 937 1343 1552
793 856
405 567 987 1682
837 1190
686 954 1246 1398
942 1204 1304 1363 1628
1468 1722
1319 1682
37 994
