4406 6602
2651 3036
928 3857
866 1350 3761 4347
433 1827 2932
1130 1150
2121 4241
93 1110 1704 2072 2474 2835
712 3284 3458
2585 3629
2599 3134
30 706
517 847 2085 2548
1887 3180 3720 4110
841 4167
1254 2644
2076 3154
2591 4125
805 1210 3444
541 3010 3041
443 822 3313 4201
1804 2527 2921
362 1287 1674 1838 2066
874 1572 3223
2912 4035
3218 4099 4130
408 639 2573 2862 3328
873 2202
155 945 1083 4022 4056
3034 3811
17 2512 4134
2709 2739
265 1078 3428
857 3926
754 1404 2766
3038 3295 3607
302 1905 2694 4185
973 1513 3221
2047 4237
1283 1609 1738 2422 2875
602 2680 3404
568 1741 3803
1976 2148
145 3015
937 2682
543 3571
1067 1071 2804 3451 3804
1359 2887 3588 4179
506 2272
1118 1956 4298
1191 2393 3250
1152 4141
895 1364 1899 3735
162 966 2300
15 1893
130 475 3937
1050 1387 3209 3372
1309 1724
2672 3552 3579
1356 2069 2466
507 928 2291
1441 2469 3053 4217
1252 4155
1168 1252 1438 2097
237 1748 3187
148 1079
12 327 1554 3241
120 991 1080 1456
1022 2517
2931 3925 4001
2743 4185
593 4085
1183 1903 3300
233 2837
390 2526
181 3847 4048
460 538 3089
1258 1566 2116 3370 4144 4339
201 755 2172 2663 3488 4315
2 1122
21 2672 2872 4010
1901 2589 2897 3981
1548 2221 2637
1895 4121
2061 2663 3044 3667
1192 3269
399 3966
1299 2360 3333 4215
499 1177 1733 2438 2925 2974
1539 3374 4243
1142 1805 3163 3368
3059 3123
78 1240 2408
276 652 1646 2519 3564
440 1175 1933 3588 4038
2247 2482
1728 1949
2820 3168 3584 3686 3980 4009
891 1204 2242 2836
34 674 2828 3689
2092 2101 2892 3448
818 860
109 428
1088 3730 4048
1289 2924 2964 4070
5 257 2898
864 1450 1989
1633 2479 2557 2968
2727 3361 3827 4216
409 1435 2819 3902
26 2044 2091 2577
861 3067 3867
2436 2709 4294
545 2616 2622 4002 4167
2782 3924
367 650 1323 1696
119 2498 2514 2638 2989
845 3053 3409
886 2903
1407 1816 2773
1295 1320 2435 3693
667 870
1240 2465 2648 2980
149 1347
371 3498
1481 1516
175 404 2373 2426 4120
534 2086 3081 3189
2277 2610
2217 2932 3003 3188 4060
1576 4372
1071 2405
25 141 2736 3812
345 1911 1929
514 516 4129
274 644 3065 3987 4100
1113 1447 4045
202 1027 1524 2281
1026 3908
2270 2426 3362 4260
778 1215
268 1298 2337
3388 3920
481 516 1378 3554
6 1749
429 2097
904 3751 4340
135 727 3273
195 735 2717 2988
683 3338
700 3398
1540 1809 3456 3845
1887 2421
808 1419
2976 3794
571 904 942
1450 2849 3119
439 978
1215 1303 1473 1972
1687 2045 2481
558 1252
1823 3568
449 1438 2211
1123 1659 2556 3610
321 1052 2531 3451 4334
181 799 805 2365
4337 4374
1290 1615 1984
147 748 1188 2415
1183 1429
685 969 1318 3467 4305
1856 2072
1042 4348
1075 2249 4260
763 3213
609 929 4249 4305
674 1250 1815
546 1668 2051 2894 3559
2655 3250 3581 4135
960 3341 3647
1 3643
90 1583 3145
1139 1776 3891
2870 4327
469 688 735
364 959 2658 3081
1741 3699
3655 4362
1233 1991 4320
461 1513
165 1549 3637
103 498 3064
1278 3087
1694 2535 2682 4012
438 2535 3534 4281
1276 4306
3409 4227
67 201 947 1917
966 4148 4369
1716 3361
527 2842
412 954 1471 1618 2036 3637 3936
469 1708
300 661 2801 4079
3472 3876
1655 2262 2708
2375 4040 4088
471 2149
3365 4015
14 118 2131 2465 4330
1225 3012
1128 3877 4135
1621 1904 2497 2842 3520 3872 4099
2002 3786 3948
249 2915 3455 3914
1069 1631 2812 3677
1913 2821
2883 3409
1627 3621
298 641 1793 3332
1218 2172 2200 2921 3712
49 612
575 4151
787 1963
988 2031
614 1034 1684
2006 2137 2705 3532 4242
691 1205 1382 2384
1301 3257
2045 2114 3349 3627
1708 3091
484 738 2264 2457 3726
797 1723 2528 3986
542 576 3385
2698 3014 3448
1088 3115
230 271 1005
150 1409
3205 3623
1264 3022 3363
1143 3708 4251
1350 1849 4149
1434 2782 2867 4339
168 891 2537 3326 3828 4140
1149 3369
1290 1332
822 1348 1437 2497
1093 2672 4012
1357 4227
1884 4260
1047 3161 3861
2958 3594
835 3186
3282 3789
3904 4033 4225
908 2480 2494 2745 4383 4393
712 3850
980 1096
1756 2608
1300 1451
937 2031 2300 4246
1319 2976 3186 3408 3942 4071
109 839
734 1804 3196 4098
777 807 3872
613 1536
42 2311
1932 2529 3382
641 2485 3460
1102 1479 2314
1466 2157 3194 3635
360 1156 1619
3229 3851
217 3724
832 890 2104
1104 2572
290 4249
436 3138 3757 4030
213 1818 2199 3951
1268 1719 3533
413 420 1789 2887 2933 3604
1178 4075
48 1031 1079
2015 3513
575 2466 2847
1222 3945
2238 2626 3164
3457 4097 4126
104 2711 3196
3903 4071
2289 3143
1372 3976
732 884 3122
329 1490 2453
1764 3931 4389
1009 2451 3043 3314 4395
2127 2583 3243 3262 3949
1066 1865
555 3836 4232
1847 2250 3872
1478 2795
77 4317
19 1175 2441 2563
858 1949 2382
1387 2667 4001
459 2206
2278 4290
1882 3675
523 1284 4048
1281 2476
2073 3964
635 2485
1980 2884 3283 4062
145 3401
168 1136
235 236 3817
2265 3125 3523 3604
880 3187 3756
601 611
392 1135
84 1551 1779 1814
573 705 2321
182 832 1499 2092 2190
1013 3374
1469 1966 3087 3717
213 787 1307
703 1564 1652 1931
1127 2271 4084
50 1155 2033
840 1542
339 898 2223 2671 3914 4056
625 1272 1755 2223
2839 2935
445 1405 1498
1048 2399
638 3964
499 2525
68 197 788 4257
1508 3865
2860 3614
235 590 2885
1833 2694
652 660 2628 3571
993 2898
1038 2688
131 2385 2896
3276 4030
501 1391 2897 3986 4029
461 744 833 4025 4388
229 1435
2018 3396
558 606 619 1692
2386 3948
2404 3092 4187
246 1266 2303 3673
1664 3043
896 1286 1374 2387
2582 3806 4018
700 1195 2839
23 1064 3688
1470 1530 1782 1877 2394 3609
629 1891
921 3261
2200 3529
926 2053
1515 2368 2469
1684 1746 3727
405 1335 3888
403 1061 1109
1354 1579 3498
252 897 1198
1664 3004 3283 4090
134 522
851 4251
1217 3937
149 1832 3752
721 1392 4221
413 611 4005
1144 3096
1927 3065
7 1274 2928
1817 3400 3443
1143 1278 3672
2070 2826
1440 3113
952 1508 2880 3229
1918 1958 3128
861 1593 2549 3160
578 1135
2426 3823 3867
1109 1273 2006
940 1110 1563 3694
2165 3135 3743
2409 2849
2022 4213
507 2856 4128
2734 3189 3860
714 2157 3146
412 683 895 1031 1891 2544 4371
1282 3654
2058 2674 3627
1867 2040 2721 3460 3793
833 1810
1520 3349
734 1862 3642
997 1136 1624 3083
1119 1992
600 2929 3741
375 2730
1961 3278 4348
897 1420 2339 3361
1581 2884
906 3307 3714
334 886 3906
1222 3084 3411
149 1198 4247
1246 2155
1061 1324
930 1440
1820 4112
2096 2491
2262 3584 4000
2858 3124
3554 3791
215 349 600
974 2168 2980
1098 1129 4261
1239 3621
448 1570 3796
2471 2672 3521
4069 4206
1104 3511 3875
222 832 1573 2280 2467 3366 3527
798 1133
160 1804
1002 2773 3710
842 970 2964
1574 1684
862 4052
827 3546 4041
934 3129 3395
16 1479 2213 2641 3769 4045
1530 1977 2525 2872 4154
1728 1881 3621
3145 3302
441 2366 2613
754 4275
136 2715
1084 2524 2768
2062 2451 4189
185 796 1071 1673
891 1033 4012
44 1113
1245 2569 3213 3324
1836 1915 2656 3044
736 1052 2405 3172 3855
42 2591 3192
234 3149
1246 4288
1224 1944
715 1210 3559
3662 3802 4256
950 3488
164 2112 2586
1239 4149
1318 2431 2902 2956 3787
3847 3940
2734 3829
2361 3823 3971 4094
356 1309 1627 2700 3317
2044 2531 3925 4260
1838 3764 4381
350 4141
2731 2902 3129 3643
2322 4288
146 325 736 1131 2492 3187 3236
544 1239 2183 3660
523 1798 3067
145 880 3263 3515
634 694 1955
660 1155
1022 1064 1082 1458 2638 4120
103 2435
96 1492 2246 2415
1619 2072 3673
1352 2338 4149
601 3707 4001 4059
461 2866 2921
2962 3496 4211
2399 2471 2567
2909 4125
206 1767 3823
1313 2522 2736
487 2455
1292 3619
3711 3979
1059 2657
971 1564 1893 2478
1977 2106
2794 3030
3496 4285
21 2224 2391 2864 3948
868 2222 4349
162 182 1009 1140 3003
450 822 2039 3715
1793 2395
74 1042 1463 3044
1631 2354 4373
861 3262
785 1352 1478 2648 3140 3761
759 3316
3223 3944
404 797 2533 2949
700 1944 3448 4027
135 2181
518 2332 4234
109 1761 3377
2813 3118 3921 4227
2522 3340 4272
2776 3217
3721 4083
832 1338 3746 3769
487 3595
2256 4380
1329 2512 3175 3858
2455 3322
862 1537 1619
3460 3633
182 739
3793 4271
232 681 1185 2693 3171
1363 1651
466 2403 3311 3512 3518
2886 2962
2174 3409
21 1977
2106 2560 2567
589 1491 2577
662 3062
2107 2253
184 2803 3272 3335
1447 2019
2853 3518
1900 3936
68 304 3413 3724
468 1683
606 2327 3773
605 1052 2995 3197
1762 2698 3715 4033
1789 2054 3469 4025
2003 3273 3561 3702
1413 2167 2715 4092
3329 3982
1348 2033 3087 3505 4256
1796 2751 3364 3904
389 893 3521
3141 4206
1810 4090 4380
1439 2468 2762
1146 2175
1075 2636 3902 4277
1888 1906 2757
1514 1971
2312 3370 3564 4371
341 576
281 422 4106
117 3706 3771
1883 3915
1564 2254 2857 4064
41 384 924 2547 3975 4232
766 1480 2320
10 1664 2220 2814 3234
2874 4244
195 486 1574 3483 3500
195 804 2901 4144
1033 2754
3299 3431
1040 1376 1843
599 709 1875 3945
768 1513 2356
1424 3080 3252 3861
1760 1953
1306 2285 3794 4122
607 1167 2159
634 1553
600 2129 3179
46 1318 3139
1477 2565
2265 2720 3709
1428 2202
1539 2690 3763
1044 1464 4005 4013
1319 2180 2731
67 1783 1888 2067
2966 3671
59 2678 3036 3139 3253 3352
1686 3867
790 2079
2495 4337
1571 1765
939 2493 2877 3780
2993 3358
188 2263 2828 4169
1178 1347 3474
317 614 3992
160 1911 3137
446 1901 3501
1154 1988
701 1861 4074
1357 2271 3302 4300
77 555 1600 2236 4195
1023 2896 3886
327 938 2053 2208 2600 2633 2961
960 3789 4197
1853 2352
208 3072
1142 1595 3412
236 1992 2246 2984 3188 4223
1898 2411 2855 2896
1728 2976 3263 3629
1779 2814 3877
2451 3130
591 1203
40 1162 2657 3559 4011
333 2155 2332
2055 4339
1578 2321
569 665 809 3174 3905
17 2744 3253
1417 2589
1413 2157 2765
634 1489
3111 4279
1660 1903 3490
658 3105 4221
492 1321 1951 3139
2664 2770 3232
1705 1891
1333 2177 3060
2609 3408 3561 3674
1363 2050 2156 3602
404 744 2804 4123
2856 3144 3701 4313
705 1370 2245
1051 2425
478 4015 4299 4332
431 827 3016 3223
387 2595 3268 3971 4339
2884 4217
935 2310
1670 2322 4325
506 2812 2948 3333
1835 2483 4275
1077 1595 3476
1408 1512 1708
3131 3739
1458 3738 3862
1108 2096 2304
3252 3694
2145 3145
615 1947 3093 3824
189 1544 2647 2839 3044
652 4093
1392 2920 3246
972 1233 3947
106 905 1339 1950 2792
3281 4163
746 2666
496 749 886 2493 3019
390 1949 1963 3872
469 782 949 2885
848 938 1017 3533
2332 2561 3914
1772 2232 3220
1482 2590 2681 3165 4223
1597 3586 4187 4204
1907 3375 4214
2003 2203 3525 3541
259 446 2714 3839 3858
1876 2150 2340 4192 4350
2258 2718
336 720 3332
1149 1457
2840 4354
1488 2286 3171
3591 4153
1894 3825
932 3078
1208 2301 2549 4208
3015 3184
796 2005 3409
420 2337
2155 3444
461 1432 2602
155 1154
697 4028
22 549 2966 3658
161 1920 2234 2972 4100
2966 3160
541 2789 2996
1042 1463 3360
622 735 2078
1488 1619 2728
1676 2477
825 2598 2790
1214 3831
254 496 2978
1445 2872
358 943
3302 4063
1304 2933 3840
1818 1921 2030 2804 3764
3139 4046
357 842 1035 1681 2513
143 936
2046 2192 3396 3408
513 745
2049 3441 3472
344 3923 4180
300 1689 2878 4077
1150 2996
3067 3665
1100 1831 2450 4189
533 1880 2484 3922 4388
718 1938 3820 4373
2163 4332
113 1524 1886 2470 2776
2623 3060 3406
1401 1413 2201
1692 2327
1590 3098 4372
344 985
193 1590 2732 2749 3637 3715 4184 4291
1486 1541 1631
207 274
1386 2614
912 2746
1906 1944 2326 3451
2347 2774
18 637 834 2228 2402
2104 2106 3507 3676
1110 1276 2952
1291 3084 4166
422 3850
645 706
877 2921
570 2653
187 2234 2587
286 1926 3137 3759
375 2356
2351 3506
158 640 3069
650 2105 4335
1359 1615 3663
145 2608 3288
493 2199
475 966
1170 2662
1131 3455 3610 3854 3964
1639 2197 2354 3335
3427 3564 3971
364 2009 2935 4039
156 2626 4044
902 2142 2167
525 2966
2613 3584 4300
1288 3253 3842 4312
531 3122 3963
1328 2291 2911
2256 2723 2804
306 383 867 1150 1808 2896
1728 3745
1668 3352
2498 2869 3035
2480 3568
2153 2622 3120
800 1972
3207 4190
2754 3236
403 1381 2264
3971 4255
8 2966 3531
592 2289
870 4158
1623 2116 3223 3988
543 2482 2497
1088 1204
2285 2760 3818 3885
1273 2560 3414 3810 3960
697 1883 2796
2163 2502
1123 1951 2639
556 567 2793
60 1139 2585 3474 3669 4349
1233 1637 1688 3348
3633 3762
2171 2853
1163 3842
418 943 1357 1594 1809
369 3181 3226
428 2200 3101
1850 3154 3401
260 1011 3052
989 1004
463 3024
1523 1832
318 1495
1065 4013
2778 4035
138 983 1618 2695
2169 2444 3552 3756
2399 2540
477 2261 3937
1263 3252
1259 3400
1505 1685 1898
1225 4371
2242 2379
401 1430 2486
854 3276
1385 2107
1328 2105
1617 3188 3629
1245 1885 2734 3789
2157 2349
1668 2181 2234 4212
103 537
880 2125 4280
232 2207 2333 2761 3303
97 978 1706 2680
463 2328 2732
793 1325 1694 1946 2277 3371 3754
2333 2482
2402 2648
2000 3652
66 215 2816 3657
908 1996
1430 1972 4084
1484 3597 4363
283 2567
1780 4338
151 311 2839 4286
1686 1884
226 472 1328 2652
22 1246
1754 3986
936 3158
2476 2554 2604
160 283 4019
2020 3802
519 1042 1966 2695 3545 4182
2454 3907
722 2091 2359 3134 4219
415 3748
1881 3714 4261
698 947 4403
423 1338 2166 2353 4341
1410 3368 3764 3907
415 468 641 1335 1754 2016 2502
1830 3352
100 2612 3324 4018 4164
2537 3030 4142 4219
153 995 2592 3222
2134 4374
632 2214 3033
50 2193 2941
1010 3853 3867
1573 1944
990 3924
424 3971
970 3762
2578 2813 3750
978 1049 1392 3613
102 3875 4203
2727 3543 3860 4245
559 872
692 769 3267
929 1161 1675 2600
1988 4342
1434 1884 2204
2303 2647 3131
3758 4193
1316 3367
462 522 1524 2283 4264
532 3406
1904 4190
2676 3050
237 388 2220 2759
1881 1947
46 1813 2725 3020
3469 3709 4303
398 3084
1758 3691 4114 4190
808 3423 3492 4208
334 868 2166
2752 3982
329 1639 4080
1302 1505 2935 3689
1923 3222
1644 2072 3145
1630 3877
2239 2942 3767
879 1021 3271 4304
1607 3001 4065
604 731 1083 2552
1316 3153
303 2061 2198
2462 3128 3848 3947
783 1128
69 735 952
688 910 4312
936 1434
1188 2330 2581 3777
751 2014
1031 2395 2670
2510 3449
1154 2839
112 588 2934
1217 3625 4243
228 254 1637 4211
1151 2349 3627
1269 3980
246 1056 1375 1466
286 2119
480 2095 2283 2376 4000
613 2248
2871 3964
1210 1665 2167 2335
3308 3942 4160
2690 3576
1129 2172 4000
1044 1624 3307
90 117 960 2896 3036 3525
2736 4218
150 1229 1576 3469
460 1175 2192 2527
2493 4021 4356
230 1160 1695 2001 4286
1663 1921 2554 4269
3462 4008
313 2023 2821 3103
580 2629
1428 1582 1887 3775
1338 1416 3384
987 1926 2608
921 2152 2821 4124
1100 1244 3094 3631 3809
161 1580 2121 3838
384 487 2891
718 1700
109 302 1920 4256
344 1144 2812
990 3589
658 1242 1509 1766 2663 3035 3785
2503 2505
1916 2134 2342 4390
1096 4202
99 1887 2337
1199 2940
781 1236
230 592
1328 1333 3348
516 1928 2975 3627
2284 3705
864 869 1012 2497 3141
923 1174 1976 3013 3509
2589 2640 3243 4066
593 1129
200 480 995 2071 3463
362 595
2745 3620
323 2633 3285
847 3998
1877 2379
452 1962
280 1828 3429
379 603 669 2714 4241
711 2828 3142
624 2842 3976
354 1272
515 1040 2555 3163 4132
1618 2047 4045
954 4217
453 2030
126 454 3741
232 1361
870 4259
1868 3893
1847 1927 2869 2912 3187 4355
199 4306
952 1814 2269 3252 3347 4292
461 2387 4229
167 487 3582
46 2129
2157 2820
3286 3306
2026 2657
3840 4192
1901 2381
152 216 1633 3376
37 1123
2015 3615 3812
391 1165 4236
336 947 2844 3868 4045
1564 1752 2243
814 1562
715 1535 1748 3648
1816 3513
14 1151 1959
480 1243 1636 2517 3092 4406
1180 1587 2586 3356 3835
2211 3737
2871 3759
697 1040 3337
537 2191 3329 3482
79 266 3992
2066 2269 3998
438 1699 3151
905 1673 2983
2059 4222
1211 1402 3120
851 859 993 1737
400 648 2385
880 1755 3339
873 1444 3904
1249 2371 2668
228 1131 3855
1705 2217
1966 2570 3036
176 3264
1876 2071
57 83 99 385 2767 3741
1650 2251
572 815 1034 2455
79 1687 3276 3335
89 1125 1589 2674 2711 3231 3969
488 607
2221 2598
964 3180
2046 3653 4256
1222 1682 1711 3449
213 1883 2199 2593 3089 3766
2192 3743
327 774 1070 1079 1876
2061 2704 3038 3425
1972 3058 3328 3439 3912 4322
1336 2500 3118 3201 3824
1607 2048
882 3062 4287
1666 2399
1393 2156 3960
40 678 1983
188 592 1966 3488
1836 2669 3060 3225
578 1050 3215 3434
1249 1824
59 3752
2734 3118 3245
777 1232 1312 1448
918 1451 2005 2810
1876 1921 2395 2482 3104 3247
793 880 1237 1819
2703 2704
1851 2472 3211 3960
5 3371
999 4054
400 2474 3930
1666 3033 4112
814 1965 3621
386 483 1668 2003 2434
101 426 1453 3785 3888
1726 3235 4186
428 1530 1759 2861
1294 2666
3220 3774
791 1949 2644 4271
2794 3855
1675 3734
1617 1822 2621 3382 3930
432 1319 3850
1400 1860 1911 2480 3765 4204 4344
2232 4286
151 382 4303
1362 2854
342 2496
1445 2812 3432
656 3083 3380 3589 4225
2997 3127
1466 1607
526 1345 4008
1558 3759
478 2174 3797
237 2782 3893
40 2399 3325
3788 4106
652 1494 2571 4193
2417 2504 3494
944 1869 2167 2978 3270 3286
3921 4367
71 2618 3672
2447 4202
1270 2010 2465
3697 3698 4228
1076 2328 3449 4360
73 168 718
979 1122 3525
2430 4077
1674 2635
2435 2840 3240
1756 3696
1628 1816
3804 4223 4406
2942 4051
2962 3173
520 872 2616
25 1296 2018 3428
1438 1655 2030 2031 2507
1108 2454 2467
3010 3212 4263
80 1426
1820 2800
732 4261
1920 3032 3410 3919
72 678
199 2071 3479
872 1962 2663 3822 4138
2067 2898 3781 4202
1278 3260 3683
419 1228 1525
2784 2807 3646 4180
1936 3018 3103
3107 4340 4363
970 1262 2489
460 1521 3446 3721
2623 3449 4222
2268 2873 3770
23 2522 3837
244 855
494 1458 3741
3387 4022
687 2663 3758
770 1976 2884 3025
438 2682 3475 4386
3041 4355
597 740 3649 4083 4256
3457 3840 4258
216 3527 3575
194 4206
436 4379
411 1983
1722 1853 2371 2732 4192
940 2411
370 2985 3756 4175
517 3015
743 1010 1269 1823 2533
803 1490 2865
1782 2008
18 1578
3223 3413 4398
164 726 1438 3724
3458 3685
586 621 4274
350 469 1378 2891
3152 3353
1183 4018
2528 3865
914 2106 2811 3302 3655
3405 3917
3431 3737 4160
28 1393 2921
130 2677 3276 4084
1238 1445 2581 3468
717 888 1979
696 3351 4175
3768 3884
2202 3050
45 361 2643 3132 3228 3610 4070
327 2601 3424
324 2690 3131 3295
776 1398
365 1017 1465 1502 2499 2913
300 404 3804 4050
122 2870 3950
1383 3298 3603 3943
949 1057 2504 4040
619 691 705 1526 1836
846 2157 2352 2881
245 910 4337
2770 4359
33 1214 4299
1258 3343
1735 3041
1075 3420
719 3443
383 1159
851 3232
417 2860
1079 1613 2326 2652 2872 3382
1847 2994 3100 3833
339 2287 3670 4126 4395
526 2733 4395 4399
2900 4333
530 698 1756 1816 4191
915 1011 4399
780 2768 2967 3587
523 2717
1432 1957 2377 3447
1390 3060
3044 4121 4219
1958 2312 2499 3897
335 1883
1467 2579
385 1559 1659 3467
1844 2100 3629
3053 3373
2966 3546
490 3671
516 967 1583 1925 2381 4046 4390
165 1074 3947 4093
2612 3997
2617 2877
367 1008
1145 1551 2348 2810 3713
491 1421 1861
2420 3284 3977
2728 2840 3814 4398
200 2220 2644 3672 3949
53 2579 2933
1192 1651 2251 2259 2262 2340 2806 3018
3315 3709 4252
420 590 3601 4187
744 1128
268 2491 3164
181 813
293 1438 2057 2622
137 1243 3253 3680
134 494
1547 4386
1558 2053 4392
1520 1916 2150 3815
2155 4077
411 669 3115
961 987 1715 3674 4401
761 1858 3956
2602 3954
1239 1343 1627 2692
346 2090 2384 3751
272 744 2082 4245
492 3505
1085 1340 2812
1944 2576
2186 2297 2599
8 3047
514 1217 2206 2652 3164 4318
921 1787
666 2917 3744 4381
1926 3413
452 3878 4078
97 356 2867
1625 2637 2994
751 1278 1980
773 4155
1676 1769
97 4231 4236
12 1381 2202
1266 2173 3553 4386
1206 1643 3270 3548 3562
3693 3914
217 3231
1166 1966 3142
359 1056 1228
196 270
3050 3858 4044
1649 2053 2107 2373 3417 3949
3459 4146
1692 3413 3728
1416 3660
311 889 2439 2708
30 965 1195 3368 3927
756 2024 3060 3223
536 3194 3724
2547 2767 3260
418 1485 1656 4241
1441 2183
1160 2825
1319 2337 2855 3611 4135
584 1134 3853
2332 3232 3332 3888
1676 1785 1932
1847 2009
1919 4360
2175 3977
667 779 1014 3321 4330
1684 4169
1030 1895 3253 4085
1987 2460
311 3782 3981
361 1845 4326
1037 1898 2623 3226
1176 2496
2427 3537
653 2402
856 1331 2174 2706 3193 3387 4236
94 2720 4172
189 1411
435 1393
836 1271 3477 4070
1114 1435 2490 2657
1447 2934 3934
188 1422 2086 2444
1279 1624 1828 3023 3746
2082 3950 3995 4220
1114 4248
2331 4225
659 707 845 1263 1343 3738
3057 3580 3771
17 2889
226 3534
1294 3568
25 1547 1817
448 834 1246 1585 1861
242 2097
744 3875 4373
84 715 1528 1802 3570
268 294
2087 3596
897 1588
609 1033 1758 2306 2814
345 3464 3646
1 3680
1009 1186
510 1040 3490
3122 3364 3851
1959 3545
1486 1494 1576 3098 3696
575 3250
1425 2623
1919 2823
207 312 1834
259 2678 3634
479 1034 1100 2930 2955
21 3220 3998
3312 4050
2546 4321
1656 4168
624 760 1512 2593 2683 3915 4289
158 1077 1574 1775 2243
76 915 921 1026
300 1489 1627 3689 3756
3019 3196 3767 4326
799 2095
1438 2493
1384 2788
742 2397 2662 4224 4389
1266 1424
802 1548
1633 2029
144 4211
386 2116
62 233 1566 3439 4310
604 1337 2171 2219
208 298 995 3906
1388 3556 3746 3869
343 1590 3573
235 2455
221 845 3392
893 3266
102 796 1463 2620
1165 2531 3437 4372
517 2076 2203
1750 2553 3750 3916
1697 2045
1596 4282
38 325 431 841
132 953 3465
2273 3316 3573 3674 3919
895 1898 4116
1563 4326
294 2574 3601
160 175 2688
3025 3544
561 2470
259 309 859 3262 3302
2 422 1343 2004
123 431 1986 2229 2968
1754 3406 3469
909 3093 3957
369 478
1663 2092 3846
461 2945 2968
2849 3502
377 3893
1321 4247
846 2348
2330 3270 4130 4264
1513 2316
608 1743 2345 2762 3759
1602 2957
1362 3203 3319
132 2465
3251 3941 4406
604 2259
652 3006 3470
820 1655 1896
851 1720 1748 4215
36 3006
95 254 299 513 2727
327 920 1704 3118
1029 1775 3940
2738 3744
404 1201 2755 4035
212 3322 3394 3403 3867
296 504 2022 3068 3338
263 2869
601 2154 2717 3309 3861
1162 2992
1641 2995
411 894 2969 3657 3728
2188 3406
322 1325 1542
16 1140 2592 3593 4150
2387 2969
1290 1460 2936 3618
522 618 3869
246 1367 3958 4081
86 535 951 2453
144 4133
706 1937 3577
1928 3393
922 1851 2954
208 2151 3366
120 991 1132
64 66 1613 3906
1193 4363
1987 2106 3581
1385 1925 3672 4099
3644 4278
376 3525 3821 4109
1601 4243
1267 1949 4301
2166 2770 4070
1224 3061 3795
5 686 1887 2906
18 2386
1311 2623
559 3750
239 859 1967 4154 4405
1585 1694 3681
729 1724
1767 3941
480 1133
841 3204
101 1936
2800 2911 3697 3886 4105 4289
386 630
990 1569 1823 2253 3382 3807 4204
93 1466 2670 3778
2980 3721 4396
2092 3018 3148
3008 3541 3954 4020
1714 1884
789 1317 2085 3307
783 1754 2570
74 1162
1217 1648 2737 3519
194 262 1777 1983
906 1363 1929 3761
1176 1813
1197 4028
1225 3589
716 788 2110 3056 3550
264 1096
2729 3644
2008 2389 3918
318 1427 2662 3025
179 1743
1096 3191 3266
1242 1353 3662
1930 2096 3622 3636 4329
1441 2175
1036 1495 2841
60 2663 4369
962 3459
355 2207 2695
497 1897 3185
723 1723 3290
1865 2690 2833
2711 3823 4182
101 1769
2448 2500
127 875
291 1746 2165 2661 2727
1831 2514
232 270 3237
705 841 1996
1575 1865 1980
804 2302
906 3782 3941 4399
1106 2648 3451
1452 1668 2091
1188 1885
2396 4259
2968 3135
1110 1272 4162
300 3253
304 2888 3813
1892 1920 2935
578 611 4368
904 1327
63 983
840 842 2835
1866 2229 3579
645 2915
2335 3975
516 728 3655
1659 3712
192 4022
159 809 883 3516
702 1783
2306 3181
830 1447
1184 3378 4001
934 1749 2683 2821
2266 3119 3821
1228 3194 3358 3869
584 1335 1640 2637 3354
1338 2571 3222 3412 3447 3979
1310 2960
414 2861
733 2261
626 3090
739 2019 2410 3170 3680 3784 4088
871 1386 3505 3756
1125 1756
486 3726
497 517 1990
1606 3794
829 1929 2125 4352
778 1648 2225 2398 3731
2577 3040 4190
2064 3610
2200 3282
884 2984
20 2438
2846 2927 3647 3683
2963 3885
941 3317 3753
1261 1904 3641
395 1085
216 2070 3709 4163
77 274
3550 3718
1913 2493 3411 4089
573 3088 3301 3593 3619
1169 3530
959 3130 3492
36 461 1701 3070 4168
968 4168
1763 2221
442 2658
3784 3934
1052 2483
350 617 2583 4051
2375 3507 4314
51 409 936 1330 1823 1979 2015
79 975 3003
182 246 865 1269 1815 2630 4276
384 2520 4130
2791 3951
379 3319
751 1741 2554
918 2940
339 1017 3357
460 887
678 1044 2875 3582
1926 3302
1336 3006
145 1977 3518 3687
902 2168 2832
1018 1983
2064 2486 2561 4253
135 682 1286 3462
2389 2712 3182 3545
457 3667
248 1652 2184
357 1011 1760 3678
1578 4286
261 382 813 2950
137 662 676 2748 3554
1294 4320
1884 2301
1302 1988 3211
623 2228
717 2143 2751 4339
1494 2134
885 1204 1915
2276 2383
1963 3858
1599 2786
459 735 4273
646 1100 1429 4406
506 1760 3044
1142 1219 2513 2835
917 1140 4182
1016 3111
81 337 2595 3133
1362 2976 3988 4166
582 2426 4259
1435 4265
8 51 184 2375
133 3514 3936
682 1561
446 489 1127 2135 3752 4154
867 1728 1979 4373
270 279 1779 2406 4036 4151 4189
4107 4233
2415 2543 2592 3047
1860 2954 3575 4128
321 388 796 820
1509 3359
1303 3287
790 2058 2945 3925
935 3763
3164 4113
112 2228 3093 4348
708 920 4193
401 1354 3596 4367
927 1362 2708 4138
853 1883 3673 3715 3868
1052 1467 3563 4001
104 1729 3478
1464 3754 3953
540 3756
213 1364 2031 3906
729 887 1343 1644 2198 2904
1093 3332
75 3962
1341 4322
1671 2900 3450
3229 4071
1053 2627 2656
1182 2507 2720
1031 2610
1199 1535 2600 3318
1142 1474
678 1309
271 1286
2500 2703
194 1931 3703
381 2180 3053 3559
3423 4262
167 3479
1314 2198 2423 2962
414 790 1290 1351 2744
319 349 2026
519 1657 3882
485 2840
779 1266 1850
1305 2792 3278
2779 3393
1681 2336 2655 3580
319 2431 2779 3419
168 790 2117
1328 1977 3208
1750 3369
400 3004 4013
929 3191 3577
111 1098 3510 3966
1990 3183
58 320 2693
1057 1568 2357 3465
3319 3320
15 485 935 2922
2000 2010 2100 2925 3858 4223
717 4241
124 2269 2392 2670 3053 3785
1489 3175
216 1352
334 2764 3759
1928 2928 2959 3176 3609 3854
16 760 1952
516 3878
3571 3613 4181 4231
1761 2564
3137 3852
2238 3691 4122
579 1497 4012
60 1399 1778 3665
290 1029 2275 4156
527 1701 1996 3252
2200 2478 3694
1258 1385 1605 2266 2369
1641 3197
291 534 909 1465 1740 2471 3005 3870
4218 4302
2219 3832 4079
305 1766 2200 3030 3381
1031 3215
807 1719 2165 3706
2319 3691 4400
1789 1886 2395 4380
578 2273 2578 3062
2521 3309 4357
3066 4389
377 3329 3403
224 2345 2404 3266 4356
410 2495
49 2954
369 1861
2 854 1365 1384 4143
690 922 1782 3497
1802 1990
1678 3930
333 2427 3279
327 1176 1848 3386 4136
1607 3446
333 3684
637 1680 3686
666 680 1316 3358
581 620 2287
1444 2665 4335
1089 2133
307 2493 3227 3507 3884 4109
1241 4217
59 575 1154
1154 2660 2691 3871
2811 3672
1307 2518 2537 3560 4038 4172
324 1548
213 2557
10 963 3821 3941
3007 3134 3778 4376
150 1334 2559 3075
516 3273
2291 4345
2643 2698 3034 3038 3409
552 3963
464 2963
565 3764 3828
1122 2001
117 2080 3389
2116 3340
129 475 673 1986 3144
1592 2058 2865 3348
1591 3704
2329 2450
1585 1592
1071 2600
1235 2112 2924
727 1654 2152 3338 3972 4280
3060 4146
3142 3746 4189
401 655
1546 3920
438 782 2232 2548 3686
2532 4209
439 2280 2461
331 2219
1911 2930
3736 3947 4391
101 493 2735 2808 3166
1061 4031 4368
1850 3105 3465
1485 1928
643 2693 3467
3624 4306
2 3598
2991 3966
901 1304 2559 3134
703 1340
1421 1824 2781 3088 4307
237 1506 3206
2687 2917
1498 1977
1126 1158 1518
1640 3251 3311
554 1984 3020 3042 3465
1404 1547 3234 3792
841 1898
518 3025 3716 3825 4291 4392
2137 2861
20 202 362 1116
138 494 1873 1886
2322 4316
341 3640
780 1693 1981 2575 3630
1501 1586 4070
712 2761
703 768 1680 1726
147 1253 1645 2187 2862 3164 4324
1318 3172
103 523 694 3809
324 1077
254 1404 3749 4378
2311 2599
1184 1335 3854 4293
706 3780
2451 4240
3733 4093 4231
530 3058
2581 3488
1925 3811
896 1708 2639 2760 3441
217 3559
2006 2062
1734 2143 4189
406 796
938 2178 2934 3294
1528 2582 3001 3149
981 1156 1372
1497 2029 2496 3625 4034
1968 4242
1156 1684
338 4148
2611 3277
318 1235 3859
1076 2069
794 1849 2323 3258 4114 4200
15 31
1026 3400 3652
295 2986 4222
235 804 4270
955 1522 2111 4008
468 579 1050 1335 2369
2559 3101 3136
6 1024 1061 2750
774 2359
932 1157 1445 3882
443 898
595 1830 2745 4110
37 506 2724 3994
1881 3705
3885 4325
125 2620 4399
580 1161 3206 3593
139 3125
2135 2824 3482
1392 2346 4027
355 3594 4248
145 554 1250 2819
1486 1958 3052 3206
2340 4287 4301
236 2406 4034 4203
545 2238 4172
3014 3046 4150
688 799 1355 1444 3301
668 1417 1463 2981 3431 3488
257 371 386 743 1776 1961 2844 3990
717 1001 1273 2904
2166 2253
1133 2307 3176 3516 4171
2050 2785 3950
2093 3332 4179
242 2134
610 734 783 1481
1751 2203
1380 3457 3735
263 1893 3215 4165
1269 2390 4011
2489 2909 3421
2094 3226
260 848
1719 3540
2110 2121 3776
2107 2708
1444 1549 2103 3019
666 3027 3362 3830 3998
428 719 1430
985 2168
1313 3860
212 283 1006 3753 4280
432 1831 2454 3176
570 1927 3254
682 3982 4281
1224 3629 4094
1489 1540 1965 3489 4291 4356
933 2292
1039 1330
1662 2659 3741 4050
3539 3792
454 2064 2439 2676 2839
328 1107 3588
2583 4249
1157 3349 3920
371 4108
103 441 1313 1355
1760 2135
2028 2622
1406 2701 2794
2136 2794 3259
1507 3311 3536 3974
1321 3715
1640 2459 3798
1574 3062 3673
1612 2303 4015
2419 2869 3418
3908 3933
923 1149 1217
1785 3040 3804 4318
61 123 1037
3585 3976
2385 2475 2698 3922
2516 3166
2218 3084 3648 4178
100 3854 4310
486 3301
845 1164 1509
293 516 852 1324
1977 3372 4012
1487 1578
635 2351 2398
3518 4064
360 718
1605 3287
1111 2267 2908 3192
2302 2388 3375 4316
230 911 3886 4080
2010 2335
2026 2101
2513 2534 2983
205 1308 4199
84 3018
267 1132 1689 2830 3599 4064 4188
383 1898 4109
908 2084
345 1584
544 642
1217 3972
1289 2451 3837
3161 3257 3349
344 1122 3405
1174 2408 4401
2386 2578 2684 3549 3996
439 606 2721 4393
243 1134 2589 2660
2115 3210 3938 4101
1717 4258
856 2680 3653
1366 1673 2880
978 2123
1048 4202
464 1610 1754
138 910 3331 3799 3816
2593 2915
213 2285 3489
1346 1789 3354 3977
2678 3112 3845 4055
888 3862 4148
350 450 2657 2966 4337
258 2732
1581 2534
1614 3070 3581
142 2858
97 273 928
1153 2093
3560 3731
875 888 3019 4383
1587 2394 2497 3360
3102 3355
3301 3411
1058 2363
806 1044
106 327 650 1259
115 260 760 4380
1012 2398 3400 3826 3900
1052 3361
251 1836 3628 4141 4244
1267 2341 3964
940 1498 4112
321 2576 3890
1928 2534 3459
932 1904 3092
896 967 1101 1720 2119 2707 4355
1474 1888
1412 3845
1213 2929
344 2835 4236
1421 2770 3560 4010
750 1480 2540 3316
2248 2802 4084
2684 2895
2309 4274
697 1136 4361
50 3088 3180 3230
939 2086 2624
1005 2347
589 1383 1626 1901 2095
1636 3912
537 769 1255 1321 2140 3367
57 407 1204 1885 3791
974 1303 3644
660 2042 3997 4057
1838 1917 2048 4034 4334
640 1401
981 3181
3566 3670
2348 3150
1199 2198
974 1104 1562 3282
1653 2760 4054
1266 2182 3047
3389 3589 4132
69 534 1409 1667 3125 3999
4328 4402
205 1257 1547 2085 3164 4238
136 897 1044 1427 1741 3894
3163 3264
21 1543
69 2455
401 1509 3416
315 432 804
1016 1527 2010
815 2454 3579 3796
604 1075
1149 4352
456 4077
3288 3837
743 1737
2148 3160
3575 4312 4397
2460 2472 4165
826 4060
1638 3495
2752 3623
333 466 708 1376 3530
1558 1708 1811 2759 2818 2981
85 375 2009 3134
3860 3867 4007
1998 4176
1202 1823 4165
631 1239 2739 2850 3982
1232 1257 2550
1079 3411 4024
1827 2013 2204
1814 2399 3483 3738 4325
612 2919 3737
1394 4369
349 427
2887 3255 3433 3437 3889
1595 1630 1914
1320 3440 3547
362 914 2195 4196 4231 4396
1235 1766
1459 3501 3992
422 4118
1262 4158
709 2386 3336
736 3422
976 2745 4212 4255
4230 4375
2930 3853
3172 3229
458 1196 2113
1064 2224
1781 2389
2377 4211
819 2014 3175 4081
343 1422 2704 3777 4079
908 1424 3290 3737
2979 4220
1666 1997 2008
1003 3617
1525 2822
1812 2003
432 3684
1152 1928 2969 3319 3713
2043 2130
2086 3483 3750 4111
1117 2170 2235
51 153 243 663 1966 2134
3355 3845 3982
1065 1787 3126 3275 4145
1577 1727 1856 2144 3885
566 2053
2953 4080
2266 2449 2572
1318 3932
482 1432 4317
1834 2232
1538 3629 3695
325 3539
2046 3375
1654 2341
90 970
620 3262 3713
1949 2466 3854
1413 1693 4363
435 2747 2866 4164
3837 3838 4287
1419 1526
10 2426 3399 3598 3783 3930
1056 1184 2351 3665
3893 4075
2531 3186
312 709 719 1236 2700
999 1199 1203
626 1046 1512 2566
54 3805
10 138 3451 3918
1583 2187
569 2498 3591
195 511 2170 3377
879 1277 1932
2691 3172
1335 2582 2833
1057 1727 2968
826 2377 3157 3400
1110 2060
1626 2805
603 1141
2114 2842
1458 3204
1358 2166 2610 4127
12 114 2096
2037 3383
1385 2312
863 2080
766 2632
700 1233 4042
89 1245 3399 4035
462 3470 3562
964 2832 4208
2535 2565 3227 3437 4096 4106
1415 3293 4380
254 2574 2967
259 1571 2318 3078
667 3014 3413 3573
312 3482
755 2435 2968
1062 1178 3741 4079
931 1092 3477 4085 4088
1100 3219
871 1774 2615 3756
2218 3922
768 1191 2182 2797
537 1583 1773 2280 3280
1683 1997 2757
3956 4073
239 353
258 1079 2991 3414
556 1566 2012 4075
1722 2057 3321 4032
34 914 3951
336 2369 2990 4022
526 1426 3249 3811 4087
1249 2582 2898 4018 4225
82 148 369
1871 2402
2220 2750
274 2269
24 477 2133
996 1343 2005
531 1080 1178 3806
1701 1785 3434
1114 1830 1966
1606 2241
592 1155 3965
1845 2938 3350
1118 2313 2685 3239
2196 2776
443 1084 1697 3012
466 2494
390 2711 3004 4398
320 1273 3135
305 1495 2569 4094
870 2750 3058
2736 2993 3521
328 2348 2822 3968
2041 2549
893 1600 2033 2392
3158 4109
917 1919 4213
648 1407 3142
529 4112
2424 2889 3313 4140
1908 3176 3881
117 1027
2459 2571 3519
15 1628 1749 2036 2119
1765 2667
1485 2007 2246
582 2072 3479 3619 4047
297 1781
266 2752
384 1770
914 1210 4163
2841 2952 2984 3267
1352 1912 2508
319 3459 3465
117 628 3769
222 566 854
1583 3600
861 3422
65 383 778 2884 3387 3795
84 1092 1366 1902 2026 2565 2859 3546 4085
1373 1882
3924 4115
1598 4404
814 2355 2633 3108
140 1427 3694 3724
2127 2328 2714 3483
2262 4085
812 2717
917 1085
261 1359 2678 3699
2997 3866
2023 3316 3823
2484 2772 3722
94 709
1017 2897
3050 4095 4248
746 2745
2867 3601
424 892 3596 4205
1702 2378 3308 3809
44 2501 2808
2532 3248 3622 3866
496 2359
433 2362 2695
735 3534
1378 1479 1754 2097 2146 2385
3505 3974 4293
2366 3274
1683 1829
65 4356 4390
99 290 1076 1933
793 4221
502 4350
252 2186 4331
940 1237
128 674 733
3238 3721
1232 1754 3561
744 939 1011 1142 4354
2010 3896
97 238 3077
2157 3403 4179
1251 2689 3872
333 3107 3550
3062 3163 3490
139 4044
893 2369
143 1261 2606 2608
1286 2136 3418
769 797 4369
979 982
208 836 1175 2145 3468
137 715 1263 3880 4406
460 1821
2655 2766
897 1220 1538 3260 4244
574 778 2492 3441
459 981 1324
1149 2170
2012 2754 2765
857 1474 3040
1226 2144
3030 3053
848 2176 2814
758 2538
1061 2574 3215 3350
3113 3606
1188 1725
769 1082 1545 1827 3224 3506
440 828 1748
565 3358 4035
615 1922 2247
280 3763
2670 3426
144 911
817 2325 3548
1145 1642 2057 3861
469 1615 3556 3580
2383 4016
2235 3129
1693 1787 1868 2619 2963
629 2446 2993 3120
635 4212
832 1100 1259 2622 3530
138 825 3957
1193 2934
572 1941
1745 4195
258 617 3173 3330
1319 2563
987 2556
2476 2477 3224
184 999 3349 4007
2022 3750 3827
1149 2314 3395
1196 1904 3976 4308
2844 2983
3247 3380 3861
172 1184 1248 1355
78 2152
412 1471 1647
1049 1817 1953
504 858 2040 3851
352 806
650 1357
872 2382 4002
2805 3312 3359
29 797
1120 1561 4212 4393
79 2433 4296
436 1240 1366
450 1258 2636
95 217 2629
1222 4224
2180 2319 2393
705 4029
680 3932 3956
1166 1168
3030 3683 3794
937 4292
1959 2182 2788
509 2353 2662 4196
1808 1936 2982
2263 3269 3304
2452 2772 2959
1684 2146 4357
2826 3936
415 969 2602 3456
718 3408 3637
1071 3939
950 3113
1778 2291
611 2603 3796
1848 2555
528 3857
915 1433 2152 3788
1628 3112
3049 4083
655 2010
1892 2534
1138 2230 2678
1865 2690 4063
675 764 1417 1575 3256
552 2041 2965
1759 3619
911 959 2865 3046 3883
594 3903
2016 3316
52 2070 3193
1051 1373
1577 1655 4098
382 2372 2509
2514 3743
2598 2790 3926
1253 2852
3020 3192 3363
32 2181 3795
194 796 3206 3644
7 13 1483 3363 3682
679 2933 3140
708 926 2013
694 760 1458
316 1060 1410 3230
2536 3634 4356
2129 3648 3692
532 2158
1474 4047
2525 2858 3709
913 4031
871 2903
145 3068
396 1874 2156
1106 2029 2727
147 2572
426 1252 3453
1583 1925
1184 3223 3903 4347
563 1077 1959
1920 2572
729 1083 2066
606 1794 4332
2956 3722
1021 2672
1422 1927 2981
1263 1950 3971
727 2767 2773 3481
566 1246 3612
1483 2909 4196
3653 4379
104 3469
630 3037
367 530
573 2837 3882
368 2590 4260
1480 2439
2465 3920
2921 3167 4059
931 2890
137 1908 2596 3591
52 245 900
505 2153
634 888 906 3679 3706
1164 3449
732 2134 3042
783 1181 3780 3790 4311
2524 3402
60 522 4089
2652 2796 3791
3343 3475
366 973 1152 3500 3609 3743 4391
2682 3907
338 846 2090 3863
987 1219
98 603 1332 3282
403 1627 2456 3714
169 1259 3660
501 1240 1565 1921 3975
677 1625 4279
439 1314 1525 2855
1154 1477
993 1123 2570
522 1085 3787
277 809 845 2913 3753
716 799 2642 3569 3610 3905
16 3211 4381
622 1266 1438 3636 3964
992 3122
1863 2993
1897 4148
304 3763
413 1318 3546
375 3697
926 1553
1669 1716 3065
509 1293 1696 3735
699 3900
175 1344 1835 2591
898 4026
712 3906 4214
2702 2809 4190
1298 2497 3290
2263 4298
319 1837 2352 3316 4090
14 1667 3568
754 954 1272 2679
1548 2417
644 2574 3510
1244 2478
1624 3579
283 744 3729
539 2878 2987
19 1086 3761
1069 1987
229 570 3852
381 2546 3604
1153 1533
1871 2328
1033 1582 2168 4265
1040 4121
2510 4246
771 885 1541
156 1320 1428 2150 2961
1555 2016 2988 3422 3749
2690 4283
2284 2292
2646 3392
1330 1370 4080
611 3379 3496
1858 3821 4314
1664 1990 3170
30 2496 2804
1318 1705 2150
813 2028
3024 3838
1034 1553 2273
854 2546
3013 4191
919 3376
931 1217
1844 2064 2286
2777 2801 2956
1610 2016 2843 2992
881 1218 3981 4101
318 1832 3523
1751 2871
1007 3942
382 4184 4189
2007 2979 3702 4071 4182
411 2502
1167 1903
1831 1885
1259 4134
219 2173 2789
2400 3118
671 996 2329
1635 2293 3958
252 3097 3550
2522 2577 4185
887 2285 3260
175 1031
116 3278
1048 2633 3057 3154
1242 1578
347 986 3335
235 2564 3522
793 870 2582 2884 3106 3726 4353
97 3555
1051 1298
4021 4223
865 2162
3409 4344
1029 2023
698 2029 2636
558 1759 2759 3045 3160
1959 3337 3546
1555 1752 3156
486 845
746 3307 3936
470 2242 2766 3261 3503
1286 1922 3580
1372 2479
125 1215 1674 1887 2377 2698 3380 4190
1384 1568 2470 4230
2932 3247
809 1279
1351 2545 2737
1653 3133
185 1009 1543 2643 3718
583 1241 1734 2223 3293
451 1179
420 2808 3829
2410 4043
204 4230
2374 2995 3559
301 2628 3298
3196 4249
2790 4121
75 3179
478 2234 4370
67 2415 3443 3795
808 1419
141 1324 3837
279 379 1318 1473 3865
547 1252
124 617 4022
2121 2967
3793 4251
64 2511
1561 2539 3414 3525
92 450 1022 3233 4005
467 2447
462 1519 1571 1638
181 472 1956 2353 3326
1224 3473
2019 2091 3553
2737 3411 3992
1860 3846
1077 1618
232 1168 2685 3034 4351
2233 2342 4390
6 331
236 2352
1883 4006 4343
246 2385 2701
252 1291 4249
1738 2668
1726 2026 2552
139 1348 2966 4325
1921 3274 3973
171 336 1078 1967
815 1008 2938 3539
754 909 3004
435 2889
2953 3299
1301 2267
390 2631 2810 2899 3607 3745 3924
2765 3008
154 265 3620
3532 4192
1765 2110 2413 3691
4180 4272
468 1220 1536
2660 2664 3315
2 2052 2281
126 850 1405
1946 2785 2953 3706
168 398 764 1146 3823
2418 3550 4317
412 1984 4298
454 2927 4396
462 919 2135 2561
2503 3087
1312 1991 2749 3233
981 3577
2983 4190
477 577 2368 2489
743 1048 2267 2714 4110
1781 2977
1575 2828
1944 3038 3331
1398 1789 1881 1959 2808 4149
1382 2581 4243
526 1435 2584 3918
433 1764 2743 2950 3140 3372
2371 3431
2490 2894
2633 3167
2060 2759
1929 2360 3315
3 283 514 2079 4303
975 2001
1410 2329 4245
1638 2579 3829
3748 3895 4163
2829 3486 3777
1005 1565 3237 4054
240 259 1033 1983 2153 3270 4030
552 1751 2880
45 2810 2857 3850
1471 2518 3065
1478 1940 2222 2305 3707
1040 2962 3098
20 1996 2047 2382
45 4097 4151
996 1642 1681 2757
3461 3746
67 1486 2384
1865 3013 4272
1776 3557 3944
333 2004
3117 3374 3687
635 3161
2373 4105
880 1714 3369
1164 2033 3941 3979 4212
440 1447 1477 2504 3699 4125
161 1859 2981 3849 4336
373 2166
436 929
4108 4306
142 275 1384 2470 3362
492 1447 1490 2236
322 795 3257 4063
613 3919
1704 3902
332 1421 2230 3018 3441 3934
780 2610 2621 2841
1933 3403
1037 1487
232 2387 2742 3991
208 1679 4259
1119 1143
13 2059 3588
713 4146
2080 3298
2670 4173
828 1045 1404 1911 2245
1857 4106
2452 3201 4314
1860 4219
993 1543 2525 3532 4343
526 732 1114 2429 3082
18 1441 1755 2482
691 1946
70 339 736 767 1823 2023 2595
1389 2406
680 1588 2622 2991 3073
1167 3884 4368
633 1220 3433
1276 1915
2004 3853 4017
382 2920 3601
879 993 3226
3844 4315
350 672 1386 2145 3087
671 2505 3877
367 763 796 1626 2742 3924
1410 1939 2984
1306 1950 2960
2981 3795
794 1974
1330 3858 4157
3154 3520
2150 2700 3372
788 1131 2788 2988 3320
14 2130 3323 4193
269 3469
836 3151 3600
1347 3233
10 1001 2360
2699 2965 3598
479 2369 3011 3266 3856 4069 4382
2949 3491 3705 3876
1199 3223
1854 1953 2402
1026 1457
3493 3534
1639 3636
543 799 1176
3474 3745
745 3615
2222 2353 2469
1848 3875
2689 3685
598 2958 3697 3859
2821 2995 3176
469 3992 4356
84 1344 3001 3746
1183 2340
310 3472
1880 1893
570 1129 1671 2739 4348
1877 4219
4198 4297
2129 2151 4262
83 3474
859 1708
945 4030
1866 2892
549 2699
1250 4067
2912 3004 3151 4005
886 1731 2423 2498 4324
978 2557
235 1907 3071
597 1271 3876
699 3319
92 902 1811
616 2751 2876
378 1992 3286 4148
158 1686 2450 3422
1822 3506 3844
263 632 1228 2901 3663
1978 2493 4344
3197 3346 4180
791 3035 3091 3915 3960
1845 2174
536 1843
2190 2985 4209
2054 2683
1205 3153 4224
1339 1663 3493
2104 3727
1101 1335 2218
1394 3352 3468
197 449 2114 2817
1183 1931 2738 3799
3292 3467 4152 4250
864 1991 2540 4344
401 769 2990 3735
1204 1363 1917 2461 2961
1120 1185 2864 3991
3613 4112 4192
854 1853 2652 2881
576 1797 2220
1177 2979
728 1911 3006 4197 4360
58 607 4030
939 1425 1744 1781
946 2708 4136
2219 2245 3917
1359 1802 1888 2802
242 4017 4057
346 2101 3328
470 3552
90 815 1139 1443 1753 4251
327 761 1265
1220 4166
389 921 3036 3545 3559
435 3796
1501 3622
306 3416
1070 1801 3486 3743
2525 2658 3662
1735 2464 2676 2977
937 2454 3346
2464 3459 4387
235 979
565 2010
3006 3728 4092
504 945 2090 3698
3508 4082 4196
2475 2954
977 3571
217 241 1489 3893 4395
57 1259 2410
789 1018 3255
1550 1713
1493 2813
1099 4272
764 1694 2585
1099 1659 1785 2146 2309 3544
565 1053
2004 4105
515 869 3298
177 1073 1736 2352 3693
5 4072
111 3850
2050 3548
308 2450
2326 3630 4336
393 760 1084 4077 4406
676 3143 4162
1662 2274
242 4059
1556 3094 4046
2024 2526
3144 3249 3821
767 1088 3596 4021 4094
2832 3225
671 2098 3334 3957
920 2409 2858
247 793 3192
1819 3391
894 1464 2774 3089
1669 2571 3057 3222
338 402
1224 3044 3594
2635 3271 3753
707 978
475 2709
2292 2939
171 2065 3920
1101 3674
1228 3364
246 1114 1586 1885 2161 3917
271 1931
583 1711 2428 2626 3462
2959 3583 3988 4128
921 2896 3009 3252 3379 3827
179 860 3650
1935 2725 3829
1065 1743 3431 3607
862 4230
116 3632 4034
3100 3410
451 2171 4322
732 1676 4193
1638 2029
93 1818 2471 4138
350 790 985 1641 1800
150 1159 2406 3174 3896
686 701 1686 3607
217 3406
136 3015
202 1303 2925
1432 4285
1420 2347 2506 3117 3266
1041 1219 2685
636 2631 4003 4164
1376 3140
322 800
2658 3455
509 1416 1492 2239
197 3149
411 1413 1471 1505 4323
2459 2532
961 1758 1958 2371 3137 3781 4031
20 937 1374 4242
80 427 456 2524 3380
570 816 1146
25 1971 2747 3129
215 3241
1443 4187
106 1990 2355
613 1759
2245 4002
697 2198 2549
750 2139 2630 2842 2994
627 1841 3410
847 2288
896 1318 2878 3826
2659 4249
144 2240 4353
1174 2545 3074 3433 3749
857 2186 3855 3890
177 1425 2467
472 595 1757 3286
95 590 2009
1033 1455 1614 1784 3661 4379
285 334 570 2379 2803
410 725 1282 3379 3781
1394 1468 2846 4058
1617 3647
1394 3462
1024 2824 2954 4043 4182
1636 1837 2617 2708
785 1959 4270
225 374 2470
1628 2064 2748
629 1535 2298
347 3068 4157
1721 2375 3581 3763
1191 1233
432 1558 4171
191 2876 3100 3899 4179
130 225 2924
194 936 1915 2452 2565 2660
2214 2329 2405
667 753
644 4372 4403
261 470
910 3817
745 1419 1649
674 1460 2858 4005
443 2327 3938
614 4168 4222
444 2653 4144
26 710 3461
1495 1542 3445
1724 2297 3647
493 1637 1786 2165 2316 2579
568 1409 3733 3967 4043
2174 2791 3271
1007 2219 3651
334 3205
759 3899
1642 3083
1071 1314 2370 3859
480 954 2407
663 1865 3878
411 1181 1752 3253
2731 3854
640 825 1861 1985 2851 3606
337 2629
297 1637 2355
1874 3366
477 1448 3090
3762 4146
2743 3851
1037 1207 1302 1989 3845
411 1520 1862 2453 3079 3914 4015 4104
1802 2311 3229
405 2724
162 2665 4041
2610 3560
641 3040 3251 3652
1008 2527 2983 3388
557 1024
875 3950
242 701 753 3135
421 2193 2951 4321
2050 2962 3597
302 617 1032
2774 3543
59 1423 3081
453 1629
781 2735
656 2003
2736 2885 3036
4075 4152
326 3165 3179 3782
1747 3021
1808 2046 3628
866 1049
1422 1566
1188 1249 2983
780 4314
1133 2791 3782 3937
931 1083 2393
1312 2190 2860 3874
470 1298
464 2241 3212 4232
414 4020
1588 2961 3281
1077 2577 3366 3491 3970 4344
895 2242 2383 3387
320 2078 2532 2801 4324
1188 1708 3440 3620
2496 3616
3777 3925 4246
198 3515 3671 3692
1205 2391
961 3582
2725 3811
960 2251 3039 4213
2544 2644
110 3352
3150 3688
470 3177
710 2718
3170 4135
1822 3912
1124 2422 3100
44 3817
231 2497 3505
330 1263 2015 2211
553 2999 3788
1313 4195
743 3641
1235 1498 3431
356 2428
164 1837 2839 4031
354 2211
1683 2185
2048 2649
255 2565 2947 3338
228 413 2732 4313 4351
2035 2950 3395
790 1002 2058 2080 2940 3934
291 3625
349 1200 2360 3342
396 444 872 1581 4083
2747 3048 3135
1783 4049
1065 1244
597 1599 2189 3831
436 3371
2962 2987 3918
465 972 1539
254 2655
3789 4189
700 1435 2762 3558 4138
1 2961 3299
1284 1815 4100
908 4375
576 1695 1760 4091
1010 3395
1114 2709
1973 2411
1201 1410 1791 4206
240 3171
2344 4053
1725 4304
569 2444
1184 1401 2288 4282
601 763 879
257 376 2386 2763
1235 4141
1161 2871 3857 3874
410 2973 3580 3702 4047
837 1103 2651 3887
754 1747 3382
1928 2731 3705
1136 1514 1545 2282 3915
1996 3081 4151
2331 2841 3313
776 4009 4074
177 2186 3337
2919 4024
2399 2711 3014
66 4177
2171 2486
630 1774 2294
649 2324 3403 4244
1694 2748 3076 3882
1689 2166
509 2336
763 3265 3497
389 1970
950 1225
2551 3141
794 1358 1827 3674 3979 4057 4103
88 968 1686 3141 3317
1328 3773 4230
539 1090 3323 3456
459 1881 3653
2746 3673
3082 4298
2501 3468
242 1127 2231 3343
728 3094 3980
6 324 991 1201 2400 2787 3144
1628 2865
449 553 1187 3120 3150 4185
2660 3627
148 4362
582 1389
1531 3353 4061 4165
2842 3915 4232
1053 1633 2935
1625 2051 3259 3852 4301
2891 4032 4221
356 1759 2068 2639 4096
1027 1147 1725
756 1228 2907 3152
841 3924 4146
396 2378 4108
309 2301 3815
21 209 1005 1250 1984
357 1629 2457 2624
812 923
696 3886
3191 3304 4145 4182
534 3023
1069 2843 3660 4089
46 1461 1757 2979 3715
159 4281
310 504 813 1618 1920 1992
59 3539
1016 1957 2773
2099 4013
1276 3978
2565 3905
1065 1378 3731
1187 2202 2291
1199 2984
455 1188 3560
3116 3443
2144 2932 3888
2722 3131
2512 3615
1170 3744
1518 2486 3064
699 1010 1995 2592 2664
115 3965
543 1471 2100 2181
3311 3951
689 3514 4329
3629 4328
183 940 2998
230 1377
328 2401 3694
274 1603 2652 3137 3332
1667 2322
484 4277
14 1615 2027
1882 4138
490 3387
1118 3615
12 3069 4202
3508 4223
2510 3197
54 708 2079 3055 3067 3490
476 1644 2098
1603 2245 3677 3764 3917
154 1390 3324 4003
156 1989 2148
279 4175
682 1807 3514
1915 2910 4246
948 2816 4106
340 1906 3502 3908
1936 3691
13 1871 2870 4076
3814 3912
1560 2292 2320 2513
587 1177 2909 3855
1510 2698 3589
539 1661 3088
153 2386 3894
2427 4029
245 1961
1859 3304 4369
348 2038 2340 2510
1203 2819
3126 3157
243 451 1291 2232 4243
17 704 2656 3053
1099 1422 2617
450 1331 1985 3309
993 1963 3312
486 1125 1203 2263 2773 3193 3761
360 2561 3398 4304
2260 3092
3888 4389
346 1848 2341 3349
349 1768 2797
3128 3767
3729 3954
1887 1896 2453 2581
349 2591
46 478 1671 2417
1881 2840 4023 4360
302 3266
1612 1627 2161 2367 3798
1772 3508 3527
1256 1767 4155
541 2875 3131
3349 4152
3674 3841 4007
1547 2192 3750
904 1605 2626 3040
290 1858
1020 1976 2038
69 3054
803 4032
2136 2165 3109
600 3511 3807 4024 4334
97 2435
2467 2846 2909 4321
1062 3801
1560 3572
1222 2151
954 1568 2320
917 1809 3945
674 675 891
940 4332
1278 3318 4320
548 852 2099
3619 3644 4319
529 1149 4072
329 2484
252 1977 3693 4309
528 1822
460 2764
1804 2868
2218 2556
193 1499
61 93 1964 2843 2878 3421 3753 3991
2343 2945
947 1182 1229 2173 2344 3552
581 1586 1969 2459 3740
77 878 1708 2024 2256 3514
1523 2082 2997 3405 3512
239 3598
1601 2401 4017
42 1528
857 1756 2279 3499
2157 3741
556 2305 2657
321 2737 2856
112 2467
880 2356 3441
3638 4044
1805 2549
3699 4099
685 804 2050 3840
2991 3551 4209
184 1322 1764 2635
2184 3026 3436
68 4316
1786 2976
570 804 3591
8 4244
2087 2100 2293
708 919
2592 3904
1773 2379
530 3347 4335
655 2797
3176 3351
1273 1363 3868
753 1905 2605 3497 3905
3400 3694
403 2060 3270 3578 3915
1793 3295
87 577
3496 3815
2561 3872
725 1984 4186
153 2051
2019 2298 2959
390 1891 2163 4350
2246 3944
1542 3223
2001 2436
603 1537 2057 3406 3713
230 3994
87 1009 1135
1873 1971 3085
8 1603 1977 2182 2931
244 1402 1541 2218 2895 3130
422 1146 2500
306 3790
625 2680 3589
382 2064 2737 3684
159 3241
631 2624 3675 3796 4082 4271
1429 2405 2456
322 581 2662
699 1677
862 876 1098 2000
592 4379
13 1824 2175 2819
3892 3956 4047
3087 4012
539 2291 2999
3018 4224
1451 2530 2892
2457 2574 4166
817 855 3479
62 852
3395 4339
61 1139 3182 3893
594 2271 3017
397 901 3730
3124 3537 3874
625 984 1513 2701
508 577 2192
565 791 1913
1967 2309
478 1808 3668 4212
1372 2423
3294 3617 3899
2156 3165
514 2320
1799 4319
190 3661 4270
300 1954 2879
1567 1808 3661
1155 2527
1325 1564 3037
4064 4169
441 3936
28 970 2690 4321
2609 3262 3445
1375 2805 3823
1839 3015
223 512 1651 3446
1118 3889
546 4178
1139 1583 1993 3518
1216 3204
530 811 1891 2766 3416
1034 2260
615 1393 2787 2896 3144 3415
586 764 1373 3663
1815 3020 3314 4073 4217 4274
1917 2501
619 798 1081
124 892 1902 3199
496 3741 3798
49 755 2415
658 4288
186 1080 2037 3735
273 338 1557 1832
1749 2577
538 835 2779
1978 2005 3551 4215
143 3709 4336
639 859 2486 2930
1114 3053
297 1523 2533
2314 3175
969 2892
387 2052 2108 4285 4395
32 1324
48 1355 3063 3611 3699 3757
605 638
1458 2051 2250 2772 4205
226 983
2085 3844 4018
541 3610 3766 3891
413 463 3076 3187 3496
464 2647 3061 3105 3222 3854
1491 2344
667 719 785 2020
1962 2666
2715 3298
2517 3105
364 887 2254 3249
3886 4393
1653 2838
553 2706 3630
640 1667
94 2685
2429 4210
1334 3919
3181 3256
130 2749
1593 2119 4193
2736 3511
263 1253 2063 3516
517 1738 4328
1491 3016
3742 4208
906 1918 2253 3769 3877
384 676 1626 3880
1085 2758
3917 4329
74 2941
342 415 831 1578 1971 4294
1120 1531 4274
3876 4241
777 1893 3387
41 625 655 1761 2972
693 1555 2736 3117 3440 3519
2093 3929
464 1316 1492 3076
2651 3235 3443 3514
1450 1811 2770 3264 3417
657 1665
1302 1436 1472 3686
3430 4290
1291 2876 2949 3622 3738 4132
286 2412 4380
597 1305
1238 1789 1916 3578
929 3241
765 2221 2772 3302
670 984 1128 1424 1715 4039
299 445 916
2242 3140 3263
1655 2165
1457 2165 2634 2877 3356 3953
156 3457 4257
1200 1715
739 1922
1050 2110 3476
1135 2095
1232 3769
1369 3005
187 263 1672
518 2686
744 843
759 4335
1035 3868
118 2129 4037
644 2390 3620 4046
1102 3250 3293
817 2615
1899 2911 3776
372 1719
658 3201
1711 2258
826 1294 2304
2465 2987 4266
398 2714 2922
971 1140
545 1303 2546 2860 3096 4381
196 1810
1518 2669 3079 3716 4147
198 1580 2079 2992 3279
20 1435
863 1279 3417 3438
915 4374
1407 3683
888 1210
473 1149
1843 3333 4309
27 4034
1525 3656
1957 3826
506 3007
346 3812
552 1122 1789 2129 3987
288 2424 3298
240 1471
423 2461 2506
1394 3004 3098
2865 3448 3511 4143
1520 2755
2584 3278 4132
175 1517 4282
569 689
482 3704
824 2045 2109
439 987 3722 4344
1411 2601
398 4161
477 2797
1022 2504 3195 3837
1683 3117 4064
1354 1392 3998
1373 1776 4114
390 2932 4116
714 2426 2510 3211
567 3865
1019 1570 2049 3927
626 1064 2681 4025
1320 2325
2016 3614 3672
498 2045 2171 2653 3394
3543 3764
1058 1255 2683 4311
2556 3259 3456
122 648
393 2662
239 1488 1629 2705
1593 2632 3801 4125
955 2734 4014
2195 4037
975 3809
197 1975
375 2050 2105 2771 3902
563 3490
298 355 1585
1725 2222 2655
338 1240 4363
434 1026 3224
1942 2236 2454 2942 3808
334 573 1634 1652
2581 3192
1422 1793 2189 2775 3337
786 1429
69 773 2238
247 782 897 1323 1569 3484
3665 3668
70 250
889 2396
3518 3677 4021
3002 3780
922 3294 3355 4008 4126
373 1085 1213 1906 2843
1187 2222 3601 4238
1416 3087
927 1158 3693
14 3195 3504 3800
1979 3902
2765 3293
3945 4104 4179
232 3314 3924 4086
757 3475
3081 3442
927 2220 3145 4335
2476 3589
937 1557 1742
2366 3650 4320
124 782
372 886 1261 1652 4301
1552 3836 4369
2078 2770
1237 1428 2667 3502
226 1540
2688 2852 3923 4093 4248
506 788 1546 4046 4331
1924 2617 2673
514 3390
722 2537
796 2013 3471
1479 2819
844 971
581 2478 4240
943 1357
1098 1518
756 1102 2424 2911 3569
2281 2790 3186
1084 2386 3175
911 1797 2215 2395
1167 2032 2863 3145
632 2598
893 1189 2811
1236 2673 3150 3909 3988
1252 1720 1979
699 1981
435 552
184 2696 3001
2814 2962 3008
78 631 1775
1194 2321
863 938 1290 2114 2129 3194 3549 4028
17 760
822 1925 4002
1491 2969
698 1746 3979
257 557 719 945 3048
1199 1510 3172
69 1386
849 1245
1315 1584 2552 4178 4301
1486 1715 3127 3843
462 2542 2947
692 803 1559 1722 2464 3230 4237 4373
2809 3733
1235 1243 4280
363 493 692 3775 4348
1557 2406
1428 3155
682 2469
465 2359 3080
821 1659 2054 3708 4074
897 1897 3341 4223
989 2395 3169
841 866 1792 3002
322 1242 2521
2271 3519
1842 2908 2977
1909 2950 3556 4076
909 2717
1723 3179 3556
1486 1834 3832
157 1035
583 1922 1980 4174 4238 4297
2549 3899
95 3241 4342
2545 3196
1026 1487 2557 3369
536 2437
570 2885
1320 2378
1062 1553 2180 3892
2269 3963
697 4154
3485 3643
761 1597 2392 3258 3340 3553
2576 4107 4125
2446 2873
2034 3855
825 835 1007
876 1724 2684 3799 4175
2282 4282
1512 2956 3102 3901
693 1029 1366 3601
895 2136
334 508 3015 4225
418 889 1033 2879 3048
337 478 2020 2093 3619
1799 1925
2185 2870 3580 3672
1870 2260
3219 3623
576 2745 2854 3075 4083
914 2236 2487 3819 4242
766 864 1722 2344 2653
177 546 862 1082 3047
581 1054
1332 1958 2254
849 3163
271 2928
1133 4157
89 679 3453
1312 2606 3562 3613 3710
1367 1423 1521 3483
329 375 2452
291 2059 2219 2480 4039
341 487 1813 2501
456 3695
2220 2884 3964
294 1132 2851 3851
2044 2164
472 1914
953 2292 4401
532 1098 1275 2523 2575
1012 2872
625 2298
1302 2142 2388 2667
482 3924
1829 3177
1608 2038 2913
71 2385
2131 2815
1257 1360 1906
2146 2250
168 693 2488
227 3675
2636 4364
1879 2018 2484
193 962 1676 2021 3622
1016 1300 4031
1015 2231
1915 3016 3832
331 2984 3530
199 490 2936 3948
624 927 1785 2234 2666 4271
412 1467 2113
1001 1501 1970
1910 2457 3337 4148
1398 4152
634 3241 4158
2160 3855 4093
4231 4243
79 661
2202 2704 3832
651 2772 3925
1343 2393 3068
2059 3951 4374
1051 2507
1842 3065
712 2118 2485 3885 4085
48 206 1442
3836 3982
604 1289
2249 2725 4156
506 3857
702 2013 2774 2919 4331
281 722 1193
1062 3851
579 612
1088 2488 3406
104 233 1378 1876 3778
682 1784 2020
195 1839 3587 3644 4318
903 967 3123 4354
447 3678
35 50 1194
2458 3502
388 1248 1466 1827 2936 4183
450 1769 2587
1728 2693 3408
1453 2775 3378 3809
188 405
3527 3635
1976 2909 4361 4362
3039 3766
15 2468 2787 3678
926 1353 2116 2162 2283
3112 3326
606 4136
986 4296 4348
1524 1779
984 3788
2530 2604 3866 4351
712 1164
4236 4333
313 3944
886 2168
3973 4285
202 1001 3392
1153 2616
3757 3769 4206
777 2175 3158
667 2196 2419
76 373 3907
639 2074 3815
1744 2136 3678 4204
64 2917
2355 2863 3886
1979 2429
635 1509 1807 1918
1236 1821 1903
182 633
1108 2107 3490 3701
270 437 1207
3572 4322
112 773 1576 2834 4150
2872 3626
1704 4154
3663 4057
688 805 4251 4316
678 779 2238 2480
3025 3475
1537 1648 1839
415 4108
1741 3031
2387 3227
1514 2578 2760
998 3019 3695
2285 2918 4049
12 95 1606 2041 3426
392 2538
2767 3329 4222
1239 3470
228 2231 4035
1712 1725 3289 3465
2170 2310 4205
609 2026 2896
639 671 1653 2494 2568 3319
1370 2439 2853 3361
1007 2203 3596
40 4012
74 189 3198
1395 2148 3261
1161 4320
1540 2783 4247
1942 4189
1753 1848 2848
215 804 2378 4346
1248 2474
1630 3457
2069 3876 4064 4316
425 2446
1456 2945 3084
3236 3411
582 1150 2371 3277 4019
1324 1938
284 1245 1646 2256 2306
95 2206 3568
1044 2869 3923 4151
1109 2015
293 1376 1715 3057 3376 4064
238 518 605 656 1854 2076 2338 3397
1159 1314 1826 3519
765 1040 1560 2250
1067 2123 4360
1145 2104 3001 3838
1185 1580
261 2567
3562 4398
2409 3700
1296 2411 2726
174 3314
45 1232 1403
475 799 1261 3532 3557
99 861 3869 4329 4392
2121 3948 4273
686 1560 2561 3028 4181 4337
1636 3602
1067 1222 2563
692 2655 2762 2848 2886 3318
43 1195
3933 3969 4207
2374 2823 3646
1404 2611 4159
209 299 390 773 2046
3022 3194 3834 4288
2151 4182
315 1334 1844 2673 4050
3002 3053 4389
270 3743
2293 4187
1836 3798
1024 3849 4108 4391
1897 4227
2606 4157
159 2693 3214
355 996 3568 3991
1298 4199
2792 4081
2958 3421
620 1026
3798 4199
1268 1631 3264
167 480
1295 1986 2067
1737 4212 4390
265 1996 3008
1902 2893
902 910 2490
2653 2963
496 1347
725 1927 4376
190 881 1364 2293
816 2556 2942
220 2322 2944 4112
92 994 1127 1382 1400 3961
492 694
800 2454 3404 3732
1922 2066
143 1431 3444 3534 4268
1228 2960
2682 3600
3388 3529
420 1180 1853
187 1073 2218 3097 3282
3394 4060
1779 1875 3304
1081 1185 3342
135 1914
349 2503
305 1283
3874 4116
1331 2093
2424 2852 3918
27 918 2622
714 3155 3826
74 499 2188
1678 2499 2963 3726
1276 3250 3652 4277
1470 2055 2871 4185
1065 2031 3862
82 546 1008 3035
1355 2552 3201
269 583 2384
934 1095
633 1634 2291
1093 3689
1641 2890 3121 4147
660 1644
362 781 2200
118 148
3080 3604 4342
84 3082
89 1016 1030 1840 3664 3813 4211
42 982
590 2967 2970
549 2578 2604 3071 3080
3400 3682
904 1412
1210 2559 2994
391 583 3726 4232
1674 2041 2283
625 865 2656
537 1889 2233 2298
910 1307
608 862 929 1300 1350 1768 3502
1147 1629 3713
770 1905 3035
319 525 3533
1983 2277
628 782 2322
685 3754
1073 3775
572 1443 3886 3951 4080
1456 4012 4117
1562 1970 1976 2647
1844 1980 2739 2981
599 1919
122 1877 4146
451 2060 4137
126 202 2824 3443 3671 3984
934 952 1887 2100 2398
394 1042 1266 1357
95 197 239 725 2203 3044
518 1243
488 558 1663 2034
2031 2542 3873
812 1289 1777 3528
3409 3878 4106
561 1633 2512 2665 3011
2137 2971 3075
567 3663
113 2303
345 1564 4386
3065 3580 3716 4293
1184 1383
509 2525 3410
58 2384 2658 3144 3729
2398 3520
2944 3510
1273 2559 3003
480 1592 1722 2053 3697
3636 3683
368 698 2387 4265
2205 2866
809 3390 3852
3153 3471
2979 3343
132 495 1558
472 3068 3776
867 1204
1229 3509
51 1427
2968 3274 4007
762 2961 3825
269 851
825 3342
926 1608 2327 3726
549 1204 1463
2883 3448 4084 4135 4403
986 1360
4024 4245
295 567 3470
222 1073
641 666 2481 2799 4090
217 978 1102 1546
1693 2887
1667 2127
1327 2860
370 1261
915 3802
746 1740 2340
2437 2797
2418 2990 3051
724 2994 4029
1381 2808 2905
210 246 2904
485 2009 2500 2693 3439 4132
805 812
42 422
1865 2354
265 1217
261 2239
1907 2766 3299
318 3962
321 3887
2339 3064 4319
54 2979 4362
1495 1590 3928
1370 2167 2293 4017
1498 2559 3437
1029 1856
2973 3556
2655 2758
15 1932
336 3847 4101 4204
2602 3775
2889 3888
2457 3230 4063
1467 2263 2305 4095
388 1303 1984 2776 3242 4264
1773 3218 3405
1649 2210
564 1284 2057 2535 3934
951 1605
837 2664
3098 4107
556 2225
2254 2340 2819 3707
1368 1641 4282 4406
3680 3859
555 2885 4177
2085 3117
352 1525 3450
317 2401 3533 4029
592 2558 3303 4212
168 765 2450 2924
645 2387 2715 3643 3927
374 1772 3013
868 2460 3729 4240
1032 2162 4143
38 3764
495 1205
1122 1474 2871
2833 3006
453 4033
260 924
7 1046 1323 1510 1881 2764 4210
1034 3736
125 1679 3798
2542 3956 4292
1616 2915
1412 2549
356 3377 3518
1197 3044 4319
1436 2002 2533 3367
962 3453
473 1722 3176
468 768 4277
297 403 1770 3606
955 4112
419 1681 3064 3948
971 1976 2747 2922 3457 3888
1297 1935 2019
813 1023 3227 3538 4355
24 692 2192
338 808
1145 2207 3405 3676 3789
718 1927 2021
2445 2614 3757 4086
1413 2097 3545
576 2011 3019
1985 3396
439 2311 3324 3417
540 650 1932 3986
561 2003 2607 3973
1108 4329
140 1191 1963
357 2518 3880 3896
2817 3072 4264
472 1406 2203 2891
2735 3166 3780
28 1232 1584 1616 3522
1187 2524
1961 2146 2495 3312
598 2369
1279 1540 2830 4371
1352 1978 3499
3653 3972
650 1362 1394 3505
879 1889 3216 3568
565 2926
1263 3108
334 449 1831 2029
355 1575 3090
315 524 1356 3016
56 132 875 2464 3976
1141 1372
931 1920 2422
20 725 1911 2452
63 1228 1892 2065 2128
746 1088 1620 3628
851 1322 3422
1597 2007 4217
715 1761 2292
719 787
860 2912 3525
1570 2006 4225
66 1347 1485 3191
834 909 2643
209 2537 2772
504 1562 2928 3656 3706
1530 2207 3494 3581
1271 2374 3966
2375 2509
1922 3416
1348 3008
1921 3468 4365
466 772
1410 2257 4076 4121
23 2199 3416
87 2490 4222
480 2862
202 861 2516 4322
769 3667
1354 1721 2356
1257 2865
2577 3276 3348
2635 4337
1022 2218
831 4053
169 982 1958 3908
321 1422 2365 2390 2436
1116 2110 2393 2409 2913 4400
800 1936 2284 3872 4384
47 1599 3096
470 4150
1240 2852
1631 2769
2785 3205 3683
2285 2330
2926 3267
79 3127
3227 3863
2936 3987
2775 4139
968 3668
1143 1245 3587
143 3242
44 679
723 1003
1983 3726
855 3211
702 3804
1028 1193 1983 2373
2660 4231
995 4180
696 1546 4020
208 851 2300 2530
582 3506
869 1187 2344 2377
2006 3425
1508 3134
1775 2954 3241
1490 1936 3899
480 602 1062 3472
2104 3614 3788
1078 1692
638 1970 3023 4332
1602 2608 3251 4035
1314 3525
802 2129
2358 3606 3894 4059
1159 3192
608 3471
2682 3161
1927 2756 3619 4232
2453 3709
664 1303 2442 3252 3651
381 3170 3384 3787
2550 4209
1142 1177 2816 3530
505 2827
74 2587
2158 2327
1637 2286 4281
1386 3845 4143
1258 3429
727 2060 3902
1129 2203 2511 3977
689 3188
346 667 2035 3236
6 2572
1101 1385 1512 1700 2173
2555 3960
373 568 912 2749
1246 2655 4390
768 1066 3392
1366 1744
755 848 3382
1066 1398 1644 2398
1002 1438
763 1206 1539 2392
408 3143
1251 1990 2356
1439 3651 3862
974 3477 3998
1542 3418
614 2019 2435
385 1091 2173 3954 3955 4319
1323 2707 4213
153 497 3512
759 3446
753 1455
1664 2944
612 3911
93 741 813 1034 1152 1468 2078 4040
64 102 1573 2432
1113 2004 3294 3523
826 893 1040 2428 3913
1198 3072
2791 2815
803 2091 3014 3080
837 3104 4122
472 1811 3064
202 309 1210 2125 2656 3577
1605 2810
960 3745
1084 3127 3209
1135 2845 3147 3537 3691
1057 1969
966 1396 3902
410 4058
5 1731 2422 3400
1329 3530 4357
233 3626
1662 2967
341 840 2625
346 528 3928 4222
1400 1453 1520 1951
871 4399
201 2028 2630 3450
269 970 1737 3719
1551 2449
88 901 4330
416 1754 2237 2585 4344
3418 4122
1030 3516
1879 2159
558 609 974 2518 3357
3083 4165
239 1802 2063 2241 2821 2887 3008
1194 1290 1520 3238
60 2358
1279 3335 4161
1552 1583
712 4211
868 1599
319 1019
1367 2079
1587 2333
124 3408 3437 3732
1624 4148
1305 1847 3583
3826 3958
1291 1670
705 2805
687 2683 3422
412 667 700 1668 3084 3582
58 2232
289 2954 3038
1010 4020 4255
578 3598
2380 3885
1166 1547 3519
158 2581
2102 2960
1671 2588
2569 3405 4371
2610 2761 2979
654 1101 2181
3219 3551 3581
1261 1483 3512
1790 2068 2777
3915 4227
281 1813 3404
419 1684
2251 2300
837 4064
1135 2771 3287
1669 2070 2864 4057
1088 1610 1717
2456 4089
1826 2742
2360 4057
2103 3614
2190 3252
2048 2839 3719
1532 2154
122 2900 3934
10 2573
374 2009 3165
1470 1704 2512
2202 2715
534 1197 3206
647 2531
1725 3863
383 1787 3853
449 2293 3714
457 1577
1011 2273 3582
3231 4175
961 2167
2578 3103 4195
582 2145 3494 4304
1773 2447
594 1158 2487
1917 3124 4079
1412 1506
1045 3926 4088
413 2639
873 3343 3529
304 2512
1143 1210 2206
412 2708
3817 4375
1234 2607 3318 3469 3850
1080 2085 2492 4406
2088 3191
1422 1605
2325 2700
1288 2163 2216
3504 3951
924 4011
868 2864
168 2184 3420
865 1233 1464 1534 3357 3926
918 1345 1723 2305
1737 2378 3229 3663
2581 2871 3505 3868
1316 3536 3621
1689 1875 1885 2075 3205
336 1672 3211
620 1166 1377 2294 3947
2734 3067
1384 3004
382 751 774 3166
1995 2526 3611
154 629 3098
1970 4004 4192
2734 3180 3765
1637 4386
984 1687 2553
909 2078
783 1617 1965
541 961
1995 3249
2204 3694 4296 4318
385 1079 1366 1460 3512
1267 1331 1926 2009 2528 3379
58 603 1398 2353 2372 3345 4259
187 962 3775
158 1969 2932 3286 3305
1044 2311
513 938 4371
136 1227 3171 4087
143 2008 4171
3648 3684
468 606 1094 1490 4284
337 3791
3203 3231 3456
206 1454
357 449
621 740 1681 3081 3795
372 729 804 2039 2244 2356 3965 4023 4285
703 1295 3323
2484 2507 4396
245 1655 1737 3561
3652 3795 4301
694 2120 2472
12 3114 4122
1235 2202 2400
2284 3025
496 4280
436 1795 3923
212 778 1695 1965
1688 2217 2713 3149
405 1815 2716 2938 3141 3599 3994
2311 3215
362 579 2038 3054 3532 3591
154 996 1557 3339
64 1624 2014 4135
3139 3252
137 2436 2915
766 3067
1965 3288 3782
588 1286
193 2102 2901
1456 1626
948 1031 2242 2691 3690
35 141 364 2325 3029
806 1461 2160 2903 3706
331 372 373 596 3622 3703 3727
1192 2017
1201 1338 2593
1377 1394 1919 4292
1125 3841
100 258 2845 3907
1692 4023 4403
66 3750 4031
1426 2243
396 2344
601 3640
881 2406
1996 3701
1793 4307
1006 1137 1426 1882 2880 3617 4388
1322 2147 3321
2518 3008
1727 2990 3969
984 3452
831 1279 1327
1748 3048
2903 3374
608 3219 3583
2111 4093
2368 4179
2419 3849
1534 1813 2178 3741
639 1692
2248 2439 4226
641 1393 2749 2830
1792 3746
968 1974 2028 2865 3331 3821
24 33 1339 2350 4076
2036 2325
152 1280 2156 3543
85 1053 2761 3355 4250
362 2907
1570 4127
1050 3365
1938 2652 3013 3103 3188
152 962 1673
105 3008 3736 3922
637 1557 3127 3745
992 2262 3423 4293 4325
1434 1566
3178 3435
2310 2658
660 4288
668 2005
24 972 3229 3423 4360
126 1386 2938 3222
2006 2775
173 2876 2940 3977
891 3913
3682 4266
776 1255
219 501 1108 1411 1562 3847
523 677 1828 2296 2374 3166
688 941 1853 2501 2979
3724 3753
1631 2852 3015 3254
1069 2516 3946
2319 2906
1172 4142
876 2828 4112
1964 2016 3018 3632
1339 2564
2541 3060
1689 2194
1607 3623
2470 2775 3105
10 3788 4177
1499 3321
2245 3247
24 932 3797
2912 2924
1843 2522 3232 3778 4121
1158 4049
3446 3554
1231 1357 3553 4257 4383
923 2264 2685 3090 3307 3844
168 414 446 1412 3575
3228 3522
3091 3427 3998
2627 3326
1611 2252 2945 3495
2 304 3691
339 1129
3498 3701 4286
788 1953
351 964 2362 3590
100 1548 1775
945 2621
911 940 1733 2731 4002
148 1518 4311
2670 3181
730 1199 3273
487 1170 2633 3140
2315 3434
61 927 1880 2200
1356 2431
748 3319
3448 4141
1538 1936 3857
1611 2021 2504
2143 2437 4007 4225
2604 2813 4109
356 1648 1820 2946 3930
164 2257 2451 3516 3585
151 2587 3581
709 3495
3692 4079
3583 4083 4299
25 126 2781
583 3906 4257
2873 2975
126 2704 4273
211 2041
226 457 466 2364 2741
298 349 3584
325 776 1240 2212 3672
39 2105 3501 4064
398 3425
3920 4284
156 1998
633 887 2035 2099
1146 1336 2632 4352
331 969 2852 3106 3689 3765 4079
828 1207 2018 3496
122 1354 1585
924 2652
868 1865 2119
685 4017
790 857 1304 3005
1160 1323
1469 2791 3886 3935
468 4148
1609 1964
353 479
699 1087 1697
150 442 1812 3992
557 3198
165 721 1094 3023
1074 3312 3963 4235
318 4125 4197
2928 2965 3487
2553 4254
1877 2707 3593
927 3041 3516 4008
2820 3113 3191
172 1216 3905
888 1133 2320 3355 3828
3728 3814
479 3372 4277
1339 1475 2452 3610 3923
1302 1562
59 2183 4265
606 1551 3772
608 1435 2406
1134 2901 3242 3797
3354 4205
1488 3840
437 1585
141 2637 3056 3369
1210 3013 3848
2312 3318
374 1449 3628
4 3379
2644 3678
2774 3502
2727 2959 3121 4101
670 839 1323 1759 2900
922 2193
2080 4309
2866 4294
1693 4000
2865 3427
1096 3150
7 1219 1902 2697
1965 2312
1413 1888 3425
3080 3899 4257
265 3403
556 1337 1514 3337
261 514 972 2395 4185
1957 3035 3096
805 2990 4138
17 3697
1385 1389
1084 2812 3736
2434 3011 3329 3546 3614 3853
418 2924
832 1086 2684 3899
531 555
759 2393 3810
517 2368
2464 4325
1390 2975
946 2113 3387
1966 3516
1575 1915 3520 4104
794 1945 2307 3156
342 543 1401
879 3627
568 1203 1251 2194 2638
2088 4086
600 4125
3848 4210
288 938 3539
33 3385 3534
1429 2882
592 718 779 861 3219
860 2894
862 1171 1542 2144 2811
895 2785
2515 3095
3040 4184
1278 3379 3971
73 2242
1349 2108 4279 4352
160 371 381 2041 3020
519 1013 4373
1814 2275 3492 4258
1673 3279 4041
99 1295 1716 2965 4053
2489 3398
2007 4345 4373
479 1689
694 2520 3436
1023 1515 2101 3499 3650
899 1075
848 1617 2537
44 497 3198
2832 2937
225 1495
2787 3720
934 1144
99 853 1164 2630 2861
147 554 1178
2513 2746 3386 4065 4374
1135 1160
612 638 987
2810 3681 4206
1142 3781
224 2230 3414
1087 2396 4058
1537 1837
222 3448 3698
2466 3311 3789
463 1068 1582
2435 4076 4311
222 504 1491 2139
751 1616 2835 3194
226 1527 2172 2749
154 342 466
926 1471 1790 3877
784 4309
130 698 2973
3291 4033
984 1893 1986 3602 3625
1407 2060 2764 3377
848 2484 2633
626 3993
955 2104 4145
2564 4082
675 802 4234 4243
3602 4071
2404 3249 4282
178 1016 4283
1426 2059
2360 4005
199 1822 2480
820 1791 3589 4391
862 2452 3078
688 808 1016
47 597
891 2438 2964
2685 3398
106 1704 2241
482 2147 2283
1226 3888
771 2839 2861 3322
1980 2950 3649 3754
1368 3742
431 2152 2798 4287
166 2189 3235 3367 3660
126 2287 3037
2015 2462 3351 3903
1654 1855
362 625 978 2313 3389
83 908 1009
118 1165
926 972 1154 2611
1776 3013
973 1439 1497 1625 2135 2774 4111
1233 4330
121 1831 2535 3602
1644 1755 2704
1220 3950
829 1586 1804 2121 2559 2632 2819 3811
328 1742 4325
808 1518
225 3289 3327 4076
460 2230
240 3959
1768 1938 2551
208 1389 2154 3519
2741 4326
303 876 1384 1406 2231 3442
2871 3446
2149 2926 2935 3838
1042 1709 3494
2238 2873
1194 1253 4278
512 1042
2235 2567 4168
896 2512 3607
734 1152 1766
181 1276
831 2348
196 3813 4240 4399
2290 2380 2445
385 3479
592 2898
1087 3782
2049 3537 4253
2578 3853
42 942 1887
1991 2405 2436
1925 3469
1950 2866 4147
337 355 1182 4079
189 2389
2686 3537 3706
1052 1182 1759 2269
3032 4355
752 2465 2861
882 1227
243 1185 2599 3625
1231 3106 3118
530 963 3066 4325
3735 3914 3980 4065
3054 4041
1742 1784 4247
171 2320 2611
176 952 1832
812 1723 2000 2063
465 1397 1726 2989 4324
787 1874 1987
366 1732 2308 2481
854 1443 3622
1971 2637 3213 3596
235 3229 3650
1476 3787
1427 2934
3282 4205
322 2056
2717 3153
1272 3463
888 2433
452 1331 1943
1944 2748
656 3295
633 2808 2999 3432
655 1140 1498 1958 3279
218 759 967 1146 1173 1215 1478 4291
3955 4363
1950 2543 2880 3038
1478 2929 3930
279 2006 3933
1771 2333
57 228 1187 3562
1515 2538
1195 1701 1930
1322 3170 3709
1674 3564
979 1699 2972
119 4289
457 3758
180 302 1787 2510 2630
1471 3417 4260
1401 2542
273 1323
845 1225 3537
1390 3135
1828 4135
416 2253 3091 3863
2422 3731 4165
477 1554 3514
993 2388
155 746 3414
1565 1965
724 1631 2461 4013
2114 2542
714 806 2243
2259 2304
966 3937
2237 3174 3352
2360 3640
521 945 1030 2804
50 1058 1196 1728 3611
400 1620 2907 3099 3231
51 1804 2399 2761 3723
1728 2819 3762
812 1271
92 1730
641 2287 3219
2900 3961
1077 2483 3721
207 737 2990
1120 2448
213 2949 3851 4130
233 1867 2527 2995 3263
931 1874
2297 2372
203 1312
81 1791 2422 3260
892 2904 3078
2417 3098 4337
426 1278 2332 3702 4251
832 2731 2936 3153 3230
1660 2564 3042 3360 3781
1979 2152 2657 3966
336 3514
24 4039
2791 3046
254 1499
591 1606 2965
51 813 4388
1334 1362
245 3035 3169
2248 4275
970 1005
1678 2184 2644
1606 3603
84 1783 2189
2229 2582 2895
1972 2919
3319 4229
894 964
608 846 919 3312 3884
3007 3774 4261 4367
35 3804
767 1176 4386
1272 3534 3715
156 2015
1757 3021 4021 4044
2923 4130
443 2166 3868
419 2444 3753
3014 3295 3924
3461 3877
2587 2733
567 983 3338 4267
2309 4119
3231 3704 4177 4203
493 1045 2546
366 3912 4197
1952 4053
1195 3731 4008 4172
973 2350 3097 3532 4273
519 729 1567 1907 4354
1780 3606
1638 3858
1150 2166 2688
384 1599 2715
686 1860 2614
816 2945
58 470
2 440 446 1874 3476
1181 1390
50 1952 3501
644 4213
260 4082 4166
1079 3181
544 2985
2321 2579 2988
1839 3518
1221 1748
2332 3838
1542 2387
1000 3010 3713
297 3937
243 1801 3451
484 1175
1645 2817 3041 3092 3194
560 3547
831 1025 2000 4380
996 1814 3715
774 1443 2474 2662 3033
1049 2474 2997 3091
522 2189 3186 4004
1134 3470 4368
1049 1761 2378
603 2843 4083
629 1996 4219
729 1021 3343 4104
1371 2502
2060 2082
2184 2372
1029 1808
769 2579 2766 3584 4210
233 2535 3064
117 186 650 1351 4125
172 1829 2495 2895
1227 4093
136 855 1822
2126 2648 4172 4340
76 754 2222 2399 3264 4089
389 971 3732
829 1416 2255 2283 3951
1039 1086 2448 4118
1231 2299 3666
2525 3117 3811 4023
1127 2733 3620 3958 4311
3449 4247
4136 4268
2069 2917
1201 1436 2498
861 1489
177 1014 1440 2193 3035
1441 1537 2566 3235
549 1701 1915
802 1039 3994
2695 3292
2809 4033 4091
437 925 4230
40 1065 3000
291 2787 4065
1032 2193 2472
572 1112 1294 2814
249 1057 2455 2522
540 3055 3472
754 1343
36 446
1719 2801 2885 3811
85 119 1022 2499
2913 3386 3964
304 782 1526 2700
1070 3082
863 1571 2586
572 1655 2122 2683
256 950 2789
1304 2303 3810
3716 4146
465 3352 3745
443 463 894 4155
193 4393
947 1247 3865
416 595 4134
253 1051 3504
1467 2300 3482
2902 3238
1224 1278 2518 2580
190 2055 2190
2816 3091 3337 3745
971 1947 2676
129 1848
675 2764 4104
2100 2222
1970 2890 4021 4288
905 2520 4352
208 781 868 1709
2154 2443 3832
1224 3231
2495 4088
1070 1842
1969 2438
801 2768
3382 4221 4334
1135 3198 4136
2058 2947 3656 3880
686 3356 3539 4157
1193 2675 4011
18 355 3120
2379 2469
2780 3448 3527
3253 4060 4332
1386 2334 2938 3960
245 3304 4311
4045 4271
1267 3437 4151
877 3498 3697
1427 2877
222 2030 2852 3491
631 836 4376
1878 2954
886 2093 2880
280 3434
1847 3857
747 3259 4404
740 2405 3628 3708
2635 3317 3950
33 132 2624
240 265 281 3134 3699 3842 4045
400 3392 4070
948 1469 1889 4357
1601 2196
1759 3686 4122
149 677
496 1509 3452 3902
1660 2864
3127 3341 4344
2171 2304 2466 2870 3677 4157
1186 1246 2174 2765 4278
1401 2850
341 4316
380 598
803 1064 1895 2447
1254 1396 2469 2584
2537 3255
199 1169 1225 1930 1987 3374 3521
1241 1245 1354
628 1446 3265 3520 3557
68 509
469 826 2611 2828 2997
3849 4318
350 1033
715 2610 3100
964 2576
2104 3598
2016 4264 4360
605 2110 3608 3719
2368 2724
408 686 1225 1703
99 382 860 3112 4134 4404
751 4164
754 2535 3670
838 1473
373 2737 4346
1566 2113 2282
1298 3907 4261
439 4295
934 3342 3552 4328
983 2058 3905
459 811 3969
1987 2595 3371
947 3260
738 4283
260 538 580 1677 2039 3242 4141
465 2606
1320 2602 4024
1152 3364 3403
1337 2205 2293 2794
247 319 2892 2922 4292 4385
462 2314 2600
93 2898
310 1844 2246 3112 4354
1876 3617
373 3462 4335
504 701 1178
3348 4236
1431 3939
486 4388
41 334
2710 2830 3156
1001 3615 4129 4265
2670 3714
1376 2752 3111 3875
384 1402 4196
406 940 972 1379 2987 3201
706 1223 4182
940 2011 4177
548 719 1506 2454
419 1919 2009 3180
1565 1649 2976
309 1830 2425 2857 3640
958 3515
291 2872
873 1495 4015
2078 2491 2975 3791 3910 4108 4221
2776 3716
968 3914 4027
1888 2546
221 1214 1409
621 1083
1561 2076 4046
1706 3973
3609 3787
876 2489
2217 2265 2463
608 871 1325
1030 1203 3334 3472
1069 1659 3315
1736 2401 3706
2199 2636 2975 4068 4272
3129 3452
497 2578
2982 4069
2791 3020 3571
417 1205 1676 2747 2984 4164 4205 4310
1123 1648 1695
596 1132 1693 2963 4072
82 1256 1578 1842 1934 3870 4343
2138 2772 3773
596 2587
1829 2090 2600 3149 3689
964 1289 1663
836 1311 2024 3137 3380
52 1882
1134 1678
566 3890
1451 1455 2273 4362
449 1926 2082 3736
3072 3285
1206 1331 1997 2021 2180 4003
1167 1700 1888 3379
1338 3113
638 1793 4396
459 1587 3889
173 4038
371 2557
3274 3574 3811
2520 2985 3653
1378 2564 3285 3680
455 668 2082 2269 3389
337 2019 2151 2328 2676 3464 4097
1123 2211 3436
2989 4088
1358 3124
3276 3359 3770 3856
1328 2026 2052 2765
329 3129
1127 2355 3973
2306 2793
2228 3529 4206
2701 3686
1057 1113
2743 3332 3537
2693 4291
287 3750 4102 4122 4189
2644 3385 4304
2037 3617
846 2560 4013
1358 4142
588 1248 2135 2621 3344 4401
536 1068 2758
587 1444 1671 2820
1406 3440
668 3033
311 958 4310
1196 1410
2168 2635
1381 2718 2903 3611 4050 4093
778 2929 3005 3014 3116
1543 2616 2997
266 1427 3807
590 1980 2041 2165
484 603 2907
181 740 3359 3531
85 3170 3623
1110 3038
389 1958 2407 2993
72 310 998 3042
924 1762 2933
1567 4333
728 2437 2932 3311 4362
985 3714 4365
64 897 1488 1555 2200 2486 3971
42 540 2102 2210 2706 2799 3440 3591 3821
280 2316 2539
775 2606
6 356 3439
204 1352
1167 1342 4372
814 2258 4177 4272
375 703
1378 3746 4388
1798 2344 4331
1985 2360
3908 4383
1426 1497 3098
544 1984 3481 4386
842 1201
2359 2563
1471 2464 2977
562 3648
228 4257 4345
475 2926 3844
881 3222
473 4396
1212 2499 3837
2294 2734 3916
391 431 1345
1071 3030
1391 2039 3836 4151
436 3863
919 1510 3300 4107 4116
1678 3277
1991 3137 4239
1021 2765
2171 2491 4162
1001 1872 2450 2980
1503 3078
2316 2836
880 3065
12 3945
57 1905 3212 3259
293 889 1173
499 1022 1477 2319 2429 3179
1327 3499
872 2790
1002 2062 2190 3188
396 2737
515 2401 3752
1030 2419
2639 3979
807 923 3729
55 3187
1100 1477 2934
805 826
1009 1453 2365 3472
844 2004 2531 3260 4235
962 1042 2063
460 1680 1874 2593 3041 3298
1829 2304
2374 2798 4145
1196 2491
1644 2055
659 4073
42 317 3728
1848 2243
410 575 2856 3720
1205 3658 3883
926 4042
2303 4028
76 1637 3768
822 1075 3462
704 1524 2005 4169
1064 1320 1427 2743 3463 3946
66 813
627 1617 3951
314 2909 3408
3150 3925
65 78 892 1405 3345 3956
3511 3520
372 1737 3712 3879 3926
1106 2513
1537 2851
484 1228 3773
519 944 1104 2093 4273
1799 3267
2900 3313 3474 4123
924 2661 4162
1912 2144
1612 1748
53 167 615 858 3880
1696 1796 3354
381 774 1444 3392
206 471 837
2599 3800
632 2467 2916 3452
1082 3777
213 474 1685
1694 3415
1493 2410
2853 3166
509 3078 3217
829 2512 3139 3807
89 1160 1320 1917 2132
842 2246 2428
2534 3232 3268
732 1094 2343
34 2451 2540 2554 3113
719 1095
984 2773
409 921 3103 3326
2207 3270 4009
60 3144 4072
469 755 1057 1542
1941 2948 3831 4092
1904 3593 3949
1652 3011
2103 2610 2765
360 4107
1621 3278 3967
1061 3337
2982 3821
201 1094 3906
775 2400 4390 4400
742 3278 4274
1560 1933 3067 3279 3467 3600 3702
2174 2226
834 1002 1671
1609 1984 3107
2811 3414 3907
238 603 3744
995 2746 4144
727 761 1095 1136 2069
536 1913 2454
1656 1938
1005 1140
770 3553 3723 3733 4394
193 539 1743 3025
845 4396
2643 3941
6 572
213 2005
870 3087 3531
55 291 1842 3335
1615 2936
1775 2286
345 439 471 2579 2688
626 1263
1309 1819 3408
1242 2352 2718 3390
2563 3125
1499 1918 4150
619 680 2406 3394 3699
1929 3894 4277
1773 2254
142 4088
130 1295 1843
1947 4252 4291
687 3969 4000 4303
215 906
2245 3745
570 2316
1624 3908
2193 3398
2731 3366 4305
606 812 2118 2599 2857 3534
1244 2358 2877
568 2940
1307 1523 2408 3434
158 1330 2591 3789
971 1209 2753 3593
1362 2902 4100
4113 4262
1981 2648 3195
773 784 1081 1266 2611 2626 3636 3969
615 4104 4262
2096 2654 3007
1139 3204
165 279 3415
1195 1451 3935 4230
644 1389 3096 3991
1368 2536 4265
2322 2395 3298
747 2940
73 231 1307 2069 2143 2368 2388
1375 2333 2360 4245 4303
410 3816
561 1081
2114 3621
1827 4403
466 486 3216 3734
1626 2718
1076 2609
6 79 547 1047
528 1242 1564 2123 2151 4234
814 817 1524 2091 2768 4352
1248 2267 3787
357 1453 1813
1585 2241
921 1121 3945
1590 3622
402 910 4047
668 1805
458 1829 3209
733 4023 4251
1008 3213 3997
103 2424 3326
185 1585 2259 3988 4187 4194 4288
1653 2055 2225
868 4349
2074 2351 3098
156 2258
1008 1742 1760 3832
3340 4342
817 1180 1973 2003
3672 4365
2415 4203
1166 2715 2797
1642 4011
1325 1641 4043
2122 2568
30 205 1577 2388 3790
728 1150 3153 4381
1550 1778 2154
1132 1994
2113 2351 4261
1010 1929 2262 2403 2630 3514
218 1683 1823 4348
410 3351 3939 4027
2577 2758
9 1929 1962 2058 3457
2743 4273
765 1021 2497
302 715
234 996 2613
205 2559 4374
2218 2806 2867
85 1125 2232 2468
372 685 945 1255
2188 2761 3273
897 3680
1404 1485
2452 2606
1 3807 4316
1370 2745
2333 3847 4234
751 3065 3918
1034 2237 2660 2686
578 2263
190 2844 3435
147 270 337 503 1556 2332 3153
1243 3851
106 207 214 938 3035 3190
1451 2552
1562 3868
624 1377 2902 3864
497 1593 3994
42 4089
3178 3458
1067 3339
282 1547 2232
1666 3639 3680
1138 1960
708 1078 1294 1493
57 1358 2165
1140 1874 3104 4250
132 1235 2062 2744 3628
595 1196 1364
1193 1908 2740 4145
920 2156 2969
941 1052 1590
2218 2501
2179 4004 4047 4094
37 1062
1416 4213
1419 2727
892 2003 2281 3317 3960
2300 3422
2254 2752
278 986
1050 2949 3760
1905 3860 4211
462 1286 2762
60 3913
49 2794 2917 3968 4297
596 833
1055 1846 2345 3299
348 1526 2617 4326
2494 4032
2095 2283 2335 3134
1422 2848 3188
1279 2217
54 1374 4166
2572 4006
401 443 727
1365 3434
1276 1719 2926 3491 3685
234 1939
1372 1392 3116
40 2182
1244 1896
443 3024
1483 1970 2312 2507
65 161 2245
1279 2156 3629
3989 4404
2814 2919
2356 3815
170 1897 2042
1057 2006 2022 2414 3831
1453 3588
27 1407 2089 3714
2138 3005
630 2045 3157
59 1166
43 2020 3305 3417
252 3547 4107
531 1884 2413
1314 3155
1074 1469 2148 2556 3541
452 3831 3914
1403 3831
7 4212 4331
89 2614
2327 3263 4234
1046 1526 1555 1883 4316
2006 4047 4355
2391 4268
1901 2318 3775
963 2440
1695 3224 4300
550 1063 2719 2895
1150 3940
1542 3410
3593 3860
2110 3636
1167 2232 3320 3708
464 2238 3898
681 1580 3296
1368 2946 3800
2545 3021 4252
704 3103 3511
645 2445 4045
617 951 1392
2657 4029 4302
1276 1629 2702
366 1349 2840
432 678 3827
23 1755
1739 2191 2398 3813 4053
912 1839
857 1989 2306 3813
1108 2464 2860 3089
3284 3686 4400
3206 3541 3853
388 689 2358 2389 3300 4374
457 3201 3677
3101 3934
1024 2080 2103 3813 4332
351 453 526 3849 4264
1011 1491 2700
295 3562
607 1696 2136
1787 3876 4336
1286 1963
148 2677 2861 3530 3568
258 584 1391
1287 2012
1641 3790 3819
2048 4000
3064 3947
906 1087 1345
675 1359 2063 2235
398 1528 1798 2244 3047 3697
583 1776 3665
575 2709 3423 4316
2332 2693 2987
1874 2453
5 2623
917 947
322 921 927 1875 4358
1742 1947 2375 3495
675 1863
87 1514 1515 1781
2104 2379 2471 3181
3610 4272
1871 2171 2288 3097 3436
707 1082 1256 2333 3045
304 2111 2306 2932
385 1526
1506 1558 2649
729 1779 3194
454 507
2183 2199
152 3620
541 1443 1773 2969 3737 4132
441 4126
597 807 2525 3150 3443
1746 2155 2258 2416 3007
177 2061 2416
1219 2920
26 876 1131 2126 3052 3524
196 2766
207 2792
2402 2973 3263
1042 1383 2637 3342
788 1035
40 1481 1498 1743
2638 3498
1344 2384 3287 4050
815 2922 4282
69 4094
24 221 803 1607 2598
700 2030
417 1600 3392 4099 4335
1262 1994
2734 3731
1010 3641
863 2753 4158
3427 3659
604 4020
106 351 3342
97 2298
3157 4084 4379
68 960 1214 4332
2759 3454
891 3353
216 641 774 2272
1997 2160 2486
778 2709 3129
1383 1410
120 905 2147
553 2658
194 670 866 1612 2472 2775
956 1965 3153 3167 3548 4075
464 669 1775 3115
1051 1774 1836 2300 3737
1768 2870
3025 4236 4310
3387 4392
2570 3636 3861
877 3825 4131
901 1016 1689 1723 2991 3849 4200
690 2062 3671
1630 4148
1283 3896
3159 3601 3748
2914 2967 4318
2335 3713
1351 2656
451 652 3467 3615
2463 3606
1678 1945
1252 2104
405 1100 1429 3057 4108
221 551 1785
565 2809 3969
291 1306 1394 1836 2091 3004 3781 4268
2493 3342 4130
3005 4299
1540 1545
880 1621
696 1818 2781 3359
1195 1205 1551 3276
2055 2077
424 1947
568 2207
222 727 3396
3232 3728
1262 1931
641 1914 2076 3230
1267 1837
1401 1595 2838
431 3625
1375 1751 2873
2434 2457
1951 1982
1614 1757 1873 2591 3250
315 2251
852 3225
2261 3643
1928 2558
404 2172 3200 4060
498 608 956
656 757 1687 3379
1083 1738 2143 2335 3576
258 2630
902 1664 4112
3829 4320
89 163 728 1932 3231
2739 3779
225 848
1661 2771 3995
2158 2350
3121 4076
1495 3028 3158 3903
1162 2319 3386
584 1855
165 2411 3953
2081 2231 2457 4107 4393
1087 1397 2224 3398
244 1122 3196 3310 3735
2451 3931
3198 3858
382 2683 2789 4034
1158 3247
3234 3483
1647 1668
356 2985 3162 3731
1058 2047 2242 3560 4144
1244 2277 4295 4310
360 2053 3868 4177
649 866 2593 3264
2143 3414 3939
1986 2484 3535
2067 2317 4294
2321 2938
3807 4195
3308 4060
1359 1864 2986
1326 2182
448 751
3247 4321
620 1784 3491
224 2743 2968 3521 4233
1633 3243
216 797 1902 4234
504 1061 1250 1948
20 1105 1778 1814 2613
366 1258 1458 1913
162 1201 2572
1531 1912 2739 3698
1857 3863
29 1298 3606
2787 3890
412 503 3197
639 1825 3407 3936
252 1545 1547
146 339 425 3773 4040
2053 2285 3604
3632 3880
739 3606
1442 3826 4281
809 3557
550 3099 4156
2311 3485 4280
694 1882 2657 3960
739 820 2181 3427 3594
724 1698 2902 2938 3002 4314
668 896 3358
1624 1747 3543
204 331 1858 3607 3949
1757 1785 2500
99 3173
1352 1510 1702 2224
622 689 3743
464 1307 2783
842 3485 3689
239 850 955 3859
1251 1588 3765
433 1575 3959
1044 1067 1374
356 3015 4058 4114
1505 1651 1710 4045
162 3908 3919
283 1235
249 2093
773 3202
2 302 2047 3675 4028 4049
3268 3632
1102 2977 4372
235 1683 1997
1239 1578 2766
2296 2582 3014
1082 1485 3121 3600
3539 3744
60 2323
239 2819 3882 4256
3353 3654
1449 2958
19 776 1309 2892 4281
1251 4377 4390
539 1995
47 1177 1285
118 2275 3456
13 1158 3433
300 2137 3948 4273
725 3116 4019
1085 3925
1301 1304 2575
1018 1149
327 3744
991 1940 1970 2421
2367 3738
27 135 449 715
1139 2569 3377
127 2273
823 3919
686 2967 3775
2141 2908 3006 3526
1451 1511 3507 3509 3823
2163 2578
718 2380 3636 3942
138 3945
1070 3796
1376 3527
936 3140
350 1442 2309
3220 4104
929 4122
588 1308 1814 4357
30 1740 2138 3909
2280 2359
388 1003 1256
519 773 3103 3394 3825 4037
25 229 2440 3693 4345
80 124 1690
2774 3384 3609
1672 2411 2604 4060
2913 4199
218 254 2204 2848
1630 2890 2940
536 634 1171
556 1300
778 1787
1136 1616 4303 4360
563 637 3126
1786 1838 2011
669 720 1956
1227 1505
543 2742 2987
270 2107 3800 3829
2178 3607
1991 3290 3788
2173 3273 3860
144 416 2170 3210 4396
1413 1488 1587 1886 4008 4205
194 326 3466 4008
1463 2183 3918
113 2187
1104 1679 2245
294 1061
1890 2820 3964 4257
422 2603 2813 3778
132 2514 3557
1295 4170 4252 4321
2128 4199
3055 3115
312 430 3657 3865 4358
981 1434
529 2008 2735
749 2060
499 2121 3867 4260
2485 3116 3591
1495 2330 4104
838 1775 2925 3810
958 1833 4037
1938 2407
2215 2439
603 708 1953 2461 2750
2498 2882
391 904 1894 2891 2978
2053 3798 3893
698 785 1746 2293 3210 4317
3068 4376
1357 1929 2658 4105
1286 2271 4313
217 1496 1630
3510 3769
25 1353 3073
1281 3249
1885 4329
810 1096 2049 3314 3764 4176
1932 3614
949 4344
786 1260
1051 2405
871 2564 2994 3404
1346 3560 4060 4093
414 1604 2407
2705 3257 3682 4120
1707 2356 3377
191 1056 1424 1985
339 2259
450 858
175 1430 1486 3985 4231
191 2546
85 2747
88 2748 3899
1265 3151
197 452
3116 4141 4260
405 1293 1934 2020 4264
526 4320
594 1754 1978 3238
1858 2209
1856 2156
487 1244 3251 4255
185 3179
982 1623 3264 3777
670 1895
159 4089
297 621 2629 3467 3824 4321
2080 3430
534 2522 3150
3602 3983
958 2254 3074 3475
527 2314 3499
2409 2604 3487 3896 4377
1133 2550
33 2272 3931 3988
2408 3378 3691
4090 4227
1005 1036 2932 3992 4388
3164 3292
1411 2584
431 1581 2816
375 3683
1381 3601
1831 2149
2947 3414 3939 4006
152 448 2134
2125 2401 2947
1617 2505 2593 4086
3278 3466
447 1353 1378 2507
3774 4358
92 179 2674 3463
1175 1659 2768 2887 3101 3473
1195 1951
865 1433 3530 4187
2384 3923
278 500 3273
1798 2525 3250
2722 3615
296 1845 2389
375 3798 4049 4080
639 3356 3390 4265
2626 4370
49 1588 2680 3346 3440
1682 3476 3981 4244
2686 2968
1580 2995 3226 3523
618 1973 2978 3219
1489 2818 2915 4176 4279
926 954 1081
1834 2812
2018 4321
1874 1972 3779
604 999 2958 4371
2491 3611 3782
1610 2097
576 2645 3698
2856 2874 3036
296 2564 2853
734 1959 2464 2471 3056
18 3149
3756 4363
665 1426 3277
684 773 1445 3487
1072 1374 2845 3794
3697 4301
1283 1809 2037
298 339 4311
5 77 172 578 3660 4265
1125 1465 1556 2831 3617
146 1450 1788 4352
413 759 3485
507 2811 4031
1350 1518 3457 3480 4243
515 1658
2205 2402
3535 4146
634 3264
2389 3526
435 3711 4226
1093 2981 3985
1987 2403 3681
1294 1402 1881
1194 2729 3275
828 1986 2647
801 1805 2211 4054
1363 3451
883 1273 1970 2157 2601 2738 3912
43 850
2048 2457
2185 3963
753 1132 3112 3758 4402
892 2705 3157
1415 1836
118 1627
865 3300
3483 3646 4311
465 2534 3367
834 3793
1249 1907
56 1355 2480
1389 1879
543 2433 2842 3747
917 3731
329 2004 3785
1536 3601
1385 1546
691 876 2757
499 1341 1897 2318 2378
79 968 1491 2070 2353 2644 3759 3936
1011 1845
2961 4340
464 1450
953 1675 2356 3708
3530 4134
2186 3942
3548 3705
509 3403
2335 3993
216 615 1233 2123 2173 2336
2476 4326
1643 4050
1370 1973 2199
514 2355 2459
2422 3876 3954 4381
349 417 1884
415 557 2934 3124
3314 3817
2149 2385
2083 2352 2556 3186
740 2113 2907
1251 1705 2358 2580
345 1749 3542
21 1803
1665 3610 3797
1813 4203
3126 3201
50 448 1622 2064 2366
402 1639
936 1621
174 215 3324
51 389 1838 3001 3118
2097 2701 3789
2983 3396 3643
230 3092
881 4305
1183 1504 1581 3870
435 985
364 2296 3915 4233
577 786 3179
3236 4196
65 345 1034 2077
1630 3728 3880 4276
1037 1161
2223 3544 3605
130 790
16 1107 2007
3982 4317
1577 2894 4035
881 2781 4399
245 1893 2499
905 3614 4369
190 1097 1120 3108 3491 3954
1074 4056
1019 2993
459 3120
1315 2469 4077
1425 2000
2248 2496 2707 3242
436 586 2498 3259
196 1489 3488 4229
871 1638 2685 3425 3627
379 1430 1540 3446
1991 2153 2545 2715
216 585 3943
2804 2849 2992 3256
2008 3095 3353
1781 3779
1628 3232
1718 2974 3965
856 949
894 1461 2678
372 2512
949 2390 3580
1162 1773 1846 2965 3153
1601 2665
702 1189 3584 3611
2380 4121
785 1349 1633 2921
83 1337
938 2674
251 1385 3738
3397 3778
1220 1370 3617 3948 4302
793 1513 2983 4119
1792 2768
3175 3457 4151
895 3385
2184 2929
100 845 3994
779 1540 2330
1728 1776 3277 3879
1117 3840
1058 3167
470 1064 2680 2803 4121
294 1603 1972 2093 3513
622 2227 4404
1021 3708
537 2347 2566
2507 4095
658 1853 2145 3254
296 953 2876
84 668 1005 3517 3915
189 2185 2269
2621 2684
974 1819 4178
13 1676
439 2358 2568
1632 3356
1948 3549
352 1288 2624 3092
1083 1561 2409 4281
95 961 3467 3500
33 2300 3994
734 3047
1766 2927
448 2128 2421 3896
855 3800
2917 3920
638 1885
858 1413
2485 3219
972 1848
431 607
3060 3363
99 1397
1811 1989
745 939 2947 3117
2205 2946
1463 3511 3840 4356
538 3112
1590 2822
268 1043 2498 2801 3986
1435 1524 1858 3048 4015 4365
270 2409
678 3620
1526 2470 3233 3803
451 600
228 850 886 1478 2615 2809 3706
820 3942
2327 3545 4058 4147 4331
45 705 2841 4002 4216
2538 3716 3766
794 820 3063 3665
1878 3838 4001
14 652 2542 3062
1850 3257
970 1813 2461
1836 4203
458 854 1367
21 1372 1976 2686 4380
794 1906 3233
3194 3749
1453 1493 2597 2788 3692
1161 2009 3809 3886
125 1342 1856 3956
139 310
3055 3604 3856
4111 4355
30 712 2609 3809
650 3304
1662 2959
1400 1867
1174 2409 2644 2714 3646
4022 4068
1039 2904 4152
1110 1319
1781 1933 2967 4195 4277
2383 3693
578 1834 2406 3621
292 1485 1619 1706 3261 3339 3475
26 3875
450 907
2562 3301
1830 4215
1165 1809 4022
3382 4037
493 2174 2760
1859 4001 4106
2128 3454 4126
567 2453 2967 3143 4264
1639 2882 3122 4130
1637 4164
1723 1760
759 1927 2618
3157 3517
892 1150
1722 2001 3857
3146 3687
477 3247
820 949 3826
589 2424 4021
3316 3376
304 979 1232 2392 2849
35 740 1693
3708 4087
2293 2422
555 3332 4209
790 2190 3040
2727 2817
1735 4073 4211 4304
364 768
297 2978
1418 4242
3018 4105
686 2821 2844
1743 3817
2405 3210
198 2514 4084
1991 2473 2545 3392 4141
980 1259
665 2260 3660 4085
675 1148
3553 3735
1098 1159 1685 2721 2820
530 958 1144 2155 2180
2537 3175 3591
3479 3645
609 1391 2429 2568 4379
755 2648
695 3592
656 1949 3283
45 148 1144 2794 4334
1010 1124 3139 3421
440 1545 1690 2256 4146
17 1966 2055 3581
1011 1690 3170
2295 4249
78 1818 2882 4265
1724 4278
1368 1528 1724 1961 2014
498 1402 2262
106 948 2029 2398
1635 1647
59 2316 2752
1299 3143
2606 3874
607 2307
1580 2448 2897
44 1647
15 621 4232
1665 2991 4176 4388
1085 3567
1456 3747
1328 2153 2330
155 1557
1374 1675 2797
1967 3261 3294
3641 4107
1678 2669
107 2489
113 665 2352 3733
613 3297 4332
714 839 1404
1389 3041 3650
1521 2842
48 1348 1778 3810
271 2958 3024 3092 3651
1201 1808 2367
122 607 2760 3711 3973 4335
1965 3217 3352 4292
801 826 1073
548 856 1282 2864
1100 2149 3110 4289
343 1913 1968 2495 3598 3603
309 448 1810
534 1222
645 2000
1414 2894 4027
422 4132 4360
1714 1809 1904 4023
1376 4219
596 1227 2579 3416 3554 3978
1120 1397 1758 3978 4205
2662 3006
701 1021
91 1843 4392
370 1115 1283 3532 4043
1070 1895 4320
3594 4150
756 2134 2500 3228
846 1335 3402 3815
3406 4111
380 2386
3163 4158
1438 3922
1649 3638
1019 2074 2409 3437 3683
2359 3780 3952 4186
1433 1474 2248 2475
662 4196 4304
1175 2903
543 3694 3712 3978
1203 2069
1002 2545
1224 3796 3825
202 1420 3335
252 2403 4053
796 1273 4134
344 447 2080 3167
499 1181 2781 3539 3596 3908 3933
2382 2594
2025 2778 4000
548 2668 2901
2196 4166
239 2051
1805 2267 2928
957 976
88 2601 2957
2124 3827
1170 1883 2961 3621
2533 2591
360 1269 1331 1383 1967
1333 2860 3197
2182 2431
679 3380
1849 3454
266 1373 1518 1691 2660
1101 1376
496 806
259 1843 2641
3531 4303
951 1171
1639 1922 2892
1564 2997
1060 1144 3865 3997
174 1402 1795 2533
1659 2206
136 1237
968 1606 4279
358 652 2031
53 2387 3437 4219
1795 1835 2175
937 1205 2327
935 1383 2666
651 1190 2306 3491 3580 3628 3692 4398
1078 1375 1555 1766 1858 2901 3532
206 1184 3884
1781 3185 3532
793 1704 3940
556 1003 1738 4108
749 1164 1875 2034 2253
16 684 929 2417 2563 4163
163 2450 2451 3006 4110
2385 2898
362 365 2155 2390 2793
2401 3928
3050 3316
3103 3858
1069 1806 2779 3367
783 3576 4288
26 925 1136
601 3125 3602 4279
697 2079
2683 2710 3465 3637
463 822 887 1307 3003
103 4261
825 1742 3023
53 1696 1842 2434
997 2230 3851 4147
1128 1339 2424
670 1768
1903 1921 2145 2538 4291
801 1773 2939
68 759
1230 1724 1901 2853
305 367
196 1109 2345 3769
2347 2791
299 1828
417 1018 3966
81 888 2214 3695
1635 2101 4235
885 2400 2661
1282 2312 2434 3755
1161 1854 3047 3714
1480 1487
588 988 1756 4194
2882 3988
1005 1584 2448
11 222 2038 3766
72 3998
2481 3181 3628
398 4326
3039 3155
391 1103 1125 1506 1549 3933
772 2794 3241 3885
2579 2988 4105
2289 2674 3449
3111 3879 4042
181 2841 3324 4087
250 384 3611 3687
995 3603 3857
531 1145 1858 3869
1041 1082 2702
423 1265
196 2990 4134
50 633 2020 2810 2946 3115 3836
2393 3436
1687 2545 2663 2779
786 1510
827 2740
696 2478 3518 4296 4336
3534 3639
3558 3937
577 1926 2689 3360 3688
1458 1612
801 3204
3318 3461
1355 2371 4216
1160 3551
196 1303 2253
1374 1575
955 995
2881 3779
1009 1177 3379 3889
156 317 4096
1378 3968
2838 3712 4375
2379 2805 3081 3643
346 518 862
528 583 601 1687 3175
1046 3278
661 2672 3955 4155
640 773 1693
2478 2687
1056 4339
1843 1999
369 2028
333 1985 2502 2522
43 4083 4348
161 2928
2615 4299
2121 2587 4184
1074 1451 2298
364 2143 2486 3827
2234 3946
1906 3339
19 2032 2156 3870
1347 3170
1114 1898 2021 2446
3613 3827
2785 2995
593 3004
8 1942 2461
2404 4368
2114 2584 3713 3928
1560 4140
850 2703
397 1265 1500
971 1129 2092 2098 2758 3447 4234 4369
3389 4260
881 2561 3134 3766
451 977 1230 1455 2428
1840 2835 3324 3729 4284 4336
331 3244 4242
374 3215 3424
45 861 1117 3539
2563 3176 3922
66 1144 2533 4088 4225
310 1482 2689 3870
154 1675 2784
876 1601
1510 2081 3144
341 1347 1529
2275 2581
1654 1845 2183
225 4085
892 1679
523 3464
3787 4063
3807 3880
144 2160
1612 3398
1809 3359
270 756 3700
154 554 2520 3803
26 932 1574 2168
1134 1381 3129
2635 3064 4193
305 968 2698 2840 3081 3766
1351 1893 3080
1248 1564 1756 4290
519 3283
598 951 3151 3264
233 1537
189 299 1248
3663 4221
258 3800
849 2367
2928 3612
938 1133
664 2882 3818
1257 2345 2514 2856
702 3022
51 2821
545 2665
1196 1944
1394 1952 3184
515 1290
1184 1426 2988 3231 3553 4236
578 1738 3725
1061 2259
972 2629
2271 3702 4328
1073 2176 3814
2187 2633
2690 3633
2954 3275 3604
191 1146 1477 1725 1738 2794 4185
650 2100 2614
781 1346 3469
2103 2547
125 1094
228 305
1040 1309 1751 2021
162 2001
506 1255 2834
842 3103 4094
3691 3844
3016 3495 3721
932 4217
15 2941
827 1444
442 552 618 999 1616 4026 4389
733 1447 1847 2758
1692 3875
2575 3047
3531 4383
232 675
538 3843
51 2884 4203 4264
595 2092 3912
894 1374
517 999 2925
1083 2035 3292 3882 4178
1839 1852 2036
724 1067 2542 2828
2271 2787 3377
680 1420 2607 2914
1287 1515 2273 2504
2401 3024
2517 4043 4252
171 705 2621 3586
2187 2773 3086
1451 3487
328 1387 3334
115 1162 2779
2858 3377 3772
3423 3711
1729 2039 2198
500 1583 3715
3104 3759
2733 3122 4303
440 1540
2774 3384
193 1916 2330 2949
631 1062 2216
1342 2125 2627
1793 2082 2629
1676 3118 4106 4326
1531 2042 3187 3920
166 2743
443 1105 1275 3650
217 1867 2189
1667 2461 3383
519 2584
2413 2532
199 1518
264 1421 2496 3189 3389
1988 2678
417 1037 2742 3474 3971
32 1878 2996 3197 3513 3533
2206 3120
187 964 1167 1654 2887 3105
20 79 491 3050
143 983 2016 3861
249 321 2613
1481 1487
3613 4097
460 2423
133 2300 2468 3836
201 410 1312 2368 2487 3982
728 1183
120 664
670 788 3604
417 1296 3500
680 902 2822 4076
1815 2985 3734
754 3935
2624 4200
2147 2943 4363
1044 1631 1859 4248
1181 2717
1579 2455
69 1765 2577
968 3957
336 486 3411 3813
1795 2510
25 435 766
2956 3082 4114
441 3456 4079 4282
544 1389
1392 1981 4270
1320 2487 2569
1214 1384 2545
1163 2594 3192 3415
544 1994 2361 2535
1716 2403 2650 3301 3584
2695 2921
426 605 785 1751 3076 4033
832 3987
2393 3565
357 617 2595
369 2759
1011 1305 1667 2946
556 2284
2197 3582
792 1080 2552 3401 3949
835 2931
746 2721 3899
841 1781 4289
1081 1462
366 518 1605 2076 2136
2391 3330 3790 4076
467 581 1179
1571 2100 3266
461 3733
569 630 1279 3209 3628
674 987 4404
3305 4109
691 2566 4290
391 2424 2606 2629 2812 2972 4311
1433 2417
955 1805 2530
2647 3212
1133 1619
2151 3702
644 2286
1339 2607 2660 2684
1624 3784
1779 2700
191 2737
1421 2317 2566 3981 4378
336 1047
97 786 1789 2469
151 917
1829 4289
115 1270 4144
1046 3871
706 4322
2149 4290
1769 2386
3011 3701
517 928 1458
2182 3815
1126 1617 3233
811 868 923 1158 1921 2026 3571
199 1955
328 1742 4188
1515 1802
10 1112 2875
1969 4007
934 1308 1597 2248
175 1430 1801 2445 3404
924 1954 2838 3108 4152
12 194 566 1615 3775
1505 1544
302 391
58 4206
1695 2008 2706 4169
684 2024
485 1719 3918
2564 2956 2965 3721
450 2779
2920 2945 3329
3362 3596
2563 2930
499 2553 2643 4324
478 2169
2629 2856 4241
400 2020
219 1420 4259
437 1566 2014 2195
1291 1428 4005
1758 3125
528 2022
631 2000
108 365
1804 1950 4366
172 4000
3369 3668
136 1302 1340 2489 2508
2534 3068 3817 4210
2109 2665 3667
280 1830 1857 3953
2368 3891
487 626 2086 3267 3954
842 1240
1364 2086 2909
153 522 1323
589 2034 2180 3695 4282
1821 1904 4022
129 615 1392 1696
297 2801
615 1078 1237 2999
2047 2481 4054
1085 1872 2535
1859 2076 2926 3686
514 3036 3861 4304
1401 1544
341 1445 2763 3427
1659 2135 2641 4239
685 4143
