884 1337
223 255 331 333 771 830
439 491
45 73
386 523 806
212 748 863
375 567 633
482 524 548
129 197 308 510
105 308 375 717
397 417 615 754
517 877
626 649
368 657
173 412 524 692 839
62 257 322 819 821
271 401 500
216 849
300 863
70 798
271 501 647 742
22 398 501
275 381 583
138 204 556
31 439 493
62 438 481
99 516
350 650 729
265 444 628
480 736
10 45 97 156 311 448 528
164 263 343 694
78 852
165 270 512 643
294 298 524 753 866
364 687
466 556
29 655
240 345 399
32 255 825
100 239 427
27 625 652
507 619
159 195 233 251 422 637
160 852
273 470 504 851
305 331 367 542
107 647 658
364 567 580 616 882
681 875
449 543 552
33 724
400 527
235 436 467 716 775
37 270 551 618 660
625 648
18 251 554 649
720 748
219 366 428 811
365 847
300 615 815
58 123 787
256 619 679 757
173 623 866
641 747 848
173 280 476 564 673
676 696 714 803
669 689 720
372 764 816
205 315 695
330 439 742
16 107 553
84 238
388 503 526 629
278 635 752 758 765 852
74 472
242 275 484 703 731
93 505 614
56 320 379 425 513
473 733
1 201 440 534 606
102 432 731
43 83 859
593 630 721 806
105 249 437 623
102 169 536 650 826
27 457
225 527
315 628
92 168 354 655
166 314 482 718
135 216 245 397 848
130 779
160 162 633
16 29 364 565
223 232 276 643
582 818
75 308
36 513 708
56 65 187 313
289 735
34 128 300
476 850
95 417 479 505 583
166 376 501 839
94 392
14 241 443 873
344 876
414 447
17 78 326 350 395
310 322 543
680 691
226 418 750
280 338 561 572
106 340 522 716 861
397 728
665 673
42 161 217 360
113 586 628 739 875
176 331
26 81 590
263 812
82 327 607 775 876
337 426 799 815 870
320 421 643 661
212 803
489 557
61 479 532 698
709 840
271 315 358 811
347 361 463
127 332
342 382
372 691
466 485 532
589 702
147 781
194 370 615
201 489 552 820
19 705
753 767
40 199 414 523 525 724
304 828 858 873
94 136 867
11 256 323
87 450 835
89 164
33 136 189 323 463 867
33 121 736
32 78 361 545 726
508 766
36 237 366 414 808 877
25 552 679 849
11 20 123 373 451 752
363 593
376 838
11 400
624 789
435 479 754
216 406 495 662
490 653
31 523 582
293 713
63 114 662 711
54 484 572 678 692
271 350
452 672
393 574 632 773
190 589 816
322 591
88 245 272 383
249 604 742
243 803
46 342
1 715 721
238 340 399 534 682 773
520 630
149 520 652
186 222 547 796 829
247 443
15 190 193
3 436 738
212 342 710
362 684 851
309 730 839
181 407
17 104
475 748 833 856
191 229 327
194 675
27 442 561
396 684
95 142 362 390 509 703 876
103 502 642 786
133 678
191 255 383 410 668 820
549 741
398 482 636 674
265 667
507 554
84 163 276 343 470
40 250 577
17 309
148 224 273
122 443
49 229 282 697 752 821 843
275 450 542 694 716
775 863
27 436 558
80 880
258 732
376 535
118 703
199 271 620
28 580
169 297 680
183 348 530 707
128 594 781
453 519 531 648 768
491 654
103 454
183 787
237 646
239 422 583 629
607 870
283 561 623 738
653 849
53 148
10 408 602
157 183 350 383 821 868
40 641
232 270 321 733
165 520 539
335 380 838
192 492 792
400 604 808
107 413
28 276 322 733
220 260 280 368 488
148 329 425 581
18 336
472 874
21 631
36 771
32 532 796
148 697 841
192 326 807 837
255 610
126 130 271 358 399
67 502 771
591 753
313 375 542 727 822
295 394
301 358 836
621 674
164 720
25 136 680 715 843
436 455 534 707
124 395 514 577
408 597
371 531
49 256 677
359 544 566 876
553 576 640
50 581 857
681 729
634 798
163 490 704
540 739
217 354 624 757
255 530
313 532
70 341 343 412 739
89 380 575
376 789 799
19 107 251 513 875
85 317 637
302 694
266 488 844
208 233 419 630 658
118 551 570
28 69 216 665 691
42 676 722
171 396 839
1 264 394 408 614 621 688
451 520 540
769 858
362 376
706 865
48 295 457 796
23 260 446
69 135 427
88 318
107 462 692
283 880
323 370 610
216 411
276 815 837
14 423 726
265 377 726 785
114 580 812
207 342 501 609 720
354 608
62 789 842
141 522 807 853
538 815 860
254 301 393 624 740
365 648 671
95 147 263 430 674 773 870
231 447 653
267 656
327 360 505 863
6 75
350 373 506
404 728
375 559 607
111 305 400
117 148
283 562
67 382 418
707 742 828
316 409 656
148 477 752
68 875
200 229 237 448 514 762
200 361
540 846
451 802 863
205 292 583 864 871
21 686
238 426
45 427 689
6 78 358 574
535 615
302 681 840 851
92 385 769 865
413 620
151 552 589
260 639
433 826
120 536
145 561 574
75 230 365
290 304 329
57 98 356 651
118 223 705
422 572
79 229 882
63 571 659 758
440 662
448 630
71 542 724 875
179 866
215 342 358 579 741
118 287 521
80 328 623 882
229 620 689
49 256 558 577 589 633 650
400 675 679 700 850
681 857
226 268
117 623 696
266 574 655
220 477 747 860
145 451
353 545 685 846
251 528 579 664
81 431
79 329 498
54 186 264
115 344 639
247 731
156 426 672 758 764
305 505 564 607
477 597
81 262 463 744
9 823
92 330
220 513 600
45 225 526
103 350 846
513 816
49 553
209 506 674 689
38 527
236 347 825
210 282 397 603
158 525
49 201 232
449 458
223 485 516
56 407
85 143 248 429 747
63 130
144 251 677
68 565
139 756 841
252 866
156 560
65 299 581 784
200 286 544 668 802
183 346 391
181 624 760
181 242 566
389 784
79 382
170 861
22 448 621
301 466
24 146 731 772 875
143 408
28 371 398 418 458
173 269 441
54 315 654
91 393 488 673
546 769 842
241 659 767
14 169
816 866
19 311 341 436
294 361 418
393 469
96 235 242 260 539
116 381 798
565 637 724 798
511 715 839
413 553
185 206 320 393
177 325 381 781
78 299
143 173 740
26 108 173 638
150 329 482 677 713
111 395
83 299 412 829
343 779 868
27 107 117
510 690
291 757 762 873
124 326 522 701
134 250 327 354 447 612
465 609 784
140 687
623 702
134 199
233 856
217 239
105 108 219
426 803
323 534 558
281 714 774
136 231
148 346 557 581 762
95 334 779 810
273 444 673
297 423
38 472
250 309 858
346 457 642 735
390 769
102 129 309 394
178 677 683
429 634 666
425 450
162 164 624
82 583 663 809
75 234 485
201 295 366 551
386 416 523 554
68 282
318 779 794
647 786
205 441
534 581 714
118 294 370 789
219 459 511 608 821 853
821 849
22 726 793
472 550 833
231 531 601
159 179
151 594
151 501 582
803 863
301 396 771
60 103 874
183 781 786
132 182 879
295 828
691 800
102 155 455 522 622
110 404 480
182 301 440 659
44 375 459 586 674
3 30 618
273 513
481 623
639 818
35 74 150 193
61 725
169 440 502
174 238 240 802
545 633 850
60 128 145 660
703 715 758
295 346 426 646
192 317 356 810 868
141 217 371 715
36 164 206 475 791 816
141 483
142 355 662
64 106 770
82 88 282 516 702
658 692 830
254 268 471
152 294 726 808 826 884
315 440
15 356 870
349 493
130 147
177 434 527
182 674 838
177 797
347 679
159 187 232 313
747 759
17 750 752 813
179 878
43 331 354 600 633 794
189 556
216 436 830
234 359 492 719
307 369 739 823
248 269 550 659
286 822
56 757
82 350 373 382
553 650
306 511 726
182 283 482 786 814 882
83 253 804
320 666
113 408
38 183 315
563 637 776
83 240 457
583 635
201 457
64 105 781
19 301 615
213 486 778
267 558 698 857
306 458 719
111 612
239 714 737
305 788
61 181 463 499 694 729
244 246 256
81 112 162 186 818
340 399 438 705
29 244
73 158 759
85 516
21 371 648 700 715 801
326 788
8 738
194 467 668
272 444
140 359 419 425 467
21 160 390 652
194 509 627 857
431 443
606 636 877
211 287 379 606 690
140 282
785 855
253 429 564
175 176 320 741 747
364 660 804
774 832
294 333 366 562
200 370 866
266 437
174 438 572 848
51 823
203 726
58 710
520 614
26 798
133 222 794
261 613 657
39 867
49 168 840
235 311 435
125 148
106 340 394 677
197 268 314 432 501 742
407 423
18 146 555 696
13 238 241 327 452
193 325 513
47 535 570
21 87
721 779
38 404 561 840
152 186 200 773
111 536
413 529 707 709
330 839 872
118 291 868
297 380 463
269 316
72 219
345 363 605 683
454 829 854 879
326 505 753
24 781
312 835
207 325 338 846
367 439 530 809 830
205 360
3 48 558 806
151 600
427 488 495
39 852
46 231 469 525 765 862
301 689
232 733
179 272
97 292 761 786
47 176 638 708 815
69 614 835
312 497
426 598 702 836
106 552
190 272 309 602
324 368 762
271 728
529 666
119 259 707 723
322 698 823
67 451
505 792
423 734 763
31 467 475
418 614
162 320 362 365
4 277 280 292
88 853 872
275 618
247 791
375 627
164 480
5 192
496 832
205 405 452 705 750
56 626
42 331
95 232 796
66 208
22 109 828
363 435 773
212 694 812
194 771 857
83 199 232 626 637 821
103 145 872
11 73 120 171 196
239 389
157 263 416
42 451 837
169 637 776
235 432
18 195 415 561
19 228 365
33 326 846
293 311 441 689 874 882
6 32 34 296 484
105 201 233 497 682
35 275 505 768
110 240 413 833
521 760 791 809
452 721 766 831
75 369
165 723
681 700 763
402 450
115 306 620
569 660 668 707
594 875
468 777 850
260 405 866
106 133 523 524 724 806
358 757
9 127 633 861
125 594
14 275 394 493
36 787
326 441
113 364 394 735
65 89
22 253 290 375 568
255 478
559 613
368 446
75 99
186 240 299 515 607
90 605
26 650
440 478
67 216 719
257 480
268 423
98 282 606 824
474 660 709
21 80 120 741 869
70 559 869
44 239
219 412 448 570
117 309 844
333 373
267 876
151 307 578 795
70 302 574
165 431 564 624 731 801
330 468 861
15 131 166 531
133 692 844
421 838
148 413 572 573 597
43 63 99 406 844
326 774
19 75 570 581 657
222 372
98 179 422
94 706
40 417 662 730
415 662
86 280 614 790
366 528
280 352 728 814
6 562 737 866
483 696
193 387
243 300 355
240 446 588
52 274 317 764 793
110 203 247
118 209 576 662 703 798
153 507 670 802 815 851
127 342 664 691
54 771
257 649
37 228 235 408
111 704
88 766
731 762 838
602 879
244 646 852
384 649 659 812
52 60
334 491 616
494 544
19 123 149 759 796 817
325 627
67 316 546 808
66 287
509 645 842
27 37 562 600
143 840
298 466 590
87 507 743 849
130 165
338 566 585 606 659
145 155 521 705
9 617
238 355
370 479
263 386 570
24 37 169 385
113 136 222 344 636
79 264
273 860
545 634 874
439 857
318 575 671 734 784 839
503 522 753 819
111 783
458 499
368 426 799 837
330 746
429 874
57 319 489 583 591 649 802
98 154 344 684 871
134 140
115 140 769
284 672 787
130 314 356 488 840 863
450 733
276 288 376 396
93 408
136 306
63 366 753
194 219 498 633
44 127 663 713
152 386 504 683
37 83 191 396 759
218 490
547 555 649 697
341 648 828
202 665 723
34 369 484 495 615
757 860
98 458
338 623 665 755
85 769
135 255 399 452
309 683
310 448
310 431 547
108 180 581
49 217 254
13 325 349
361 650 849
5 440 657
436 540 785
239 333 574 777
337 624 644 653 657 691
18 358 495
92 215 581
86 189
100 807
10 628 757
56 82 100 812
253 330 495 516
303 315
576 778
165 310
486 495
94 703
557 860
296 661
273 360 632
158 714 777
124 201 222 789
251 366 808
237 289 521 522
117 393 786
231 265 424 566
253 359 514
123 472
426 519 674
411 559
97 170
217 442 672
383 440 520 589 612
36 96 673 770 833
265 329
237 702
120 355 502 766
187 526 804
243 759
457 809
1 239 398 414
37 150 493
460 673
517 577
531 735
344 381 609 734
109 301 547
63 168 456
48 433 850
10 134 175 503 773
2 57 237 484 597 717
85 259
108 168 239 693
482 665
305 646 670
209 306 666 710 841
95 199 574
214 389 713 756
495 522
126 153 386 721
241 338
338 579
32 114 117 527 554 854
468 527
495 572 586 757 765 862
70 179
179 341 710
325 561 656
110 245 833
158 370 858
477 511 728
1 394 714 873
466 732
54 407
81 199 604
15 446
267 604 780
347 793
314 557 633
159 475
4 398 818
283 446 514 666 697 777
85 663
150 296
163 597 664 724
53 103 117 264 296
361 476
128 422 810 867
365 396
444 466
73 522
105 376 837
25 253 353 614
29 291
22 615 856
28 109 192 226 870
349 438 815
185 605 614 615 837
152 449
582 668 726 785
22 135 177 598 849
56 768
235 449 800 884
21 229 607 824
37 57 700 830
115 122 421 741
508 662 716
95 479 599 625
425 551
329 366 534 660
228 504
256 348
580 752
21 85 112 270 669
394 442 748
123 869
237 638
437 877
24 151
30 78 330 415 417
247 382 502
4 491 677 773
63 502
97 329 481
275 342 389 601 770
112 184 461 485 621
339 555 626
127 282
845 854
23 46 200 551 605 717
209 482
642 874
82 96 276
318 410 638 819
274 551
523 663
3 511
81 173 782 786
6 47 441 842
142 237
418 452 604
356 371 454 589
323 378 577
345 628
698 727 809
218 429 668
152 593
54 115 531 813
279 331 533 827
307 483 671
73 94 253 582 668 736
198 346 704
47 84 356 537
313 606
410 456
29 84 499
205 420 796
437 836
49 770
15 99 194 386
16 540
716 834
102 360 457
136 795
322 427 617
58 298 306
362 429 748
606 616
139 769
242 492 749 879
6 770
44 659 830 875
417 529
97 200 454 608 663 852
106 641 713 876
136 267 613 680
10 82 306 480
59 264 665 766
313 330 547
245 446 732 785
371 814
185 500 700
200 421 526
555 800
27 307 351 627
67 227 827
44 68 103 694
222 402 429 480 490
608 731 794
342 742 877
79 495
59 101 470
404 469 815
210 415 503 516 752
3 319
182 403 818
209 543 596 765
145 415 576 587 793
4 531 661 784
1 9 313
123 245 816
435 681
695 798 877
187 421 584 663
98 275 634 741 767
390 565 595 697 723 805
14 166
547 699
32 48 778 807
292 778 880
590 664
17 382 518 711
185 199
38 785
320 417
250 440
503 553
30 142
98 164 185 272 827
235 372 650
98 311
272 325 472
173 762
311 320 343 721
629 724 798
308 638
511 649
454 870
36 666
182 484
147 525 558
450 628
42 408 622
92 589
641 851
749 791
177 220 442 582
23 487 574
592 775
62 257 358 621
13 341 483 785
83 545 715
137 396
497 730
10 149 377
78 413 690
48 362 846
57 361 464
501 570 675
73 160 351 846
158 673 680
18 734 781 797
422 610
235 353 748
168 814 816
16 136 231 233 641
209 318 826
180 660
338 565
81 481
253 382 406 565
125 220 819
76 164 742
336 459 529 606
18 26 251
7 511 774
133 225 375
29 390 520 850
34 166 280 858
390 445
137 607 694
289 410 663
11 437
406 447
28 256 656
168 448 450
13 462
182 426 486 880
172 610 730
454 609
78 111 741 816
129 362
174 757
153 170 203 583 627 736
289 742 784 874
9 300 447
604 770
167 511 696 802
427 643
507 577 789
33 257 497
100 167 264 496 513 647 738 881 882
62 485 670 691
123 766
475 689
526 773
296 453 646 791
160 202 653 700
163 632 878
234 707
357 837
610 686
298 359 423 761
94 211 634
79 503
250 678
40 100 529 715
64 772
160 578 867
420 694
192 212 215
44 291 604 670 704 842
181 487
31 82
197 325 764
41 124 455 728
152 409
288 856
427 581 734
388 561 566
306 411 639 687
54 74 93 127 193 280 383 437 485
356 629 804
263 433
78 551
696 713 732
500 836
269 313 794
502 745
51 70 167
268 821
36 389 436
28 124 329 515 530 545 628
499 671
240 837
658 702
134 238 302 449 650
422 552
162 354
93 223 466 542 851
22 265 402 855
346 416 861
216 541
197 480
301 336 857
42 271 291 630
404 589 607 676
454 750
522 562 781
327 636
90 671
191 217 405 459 547
210 747
4 500 630
429 739
234 390
69 810
13 308
70 318 660 838 847
133 447 490
112 247 738
238 720 855
414 732
31 221
547 764
170 643
118 354
123 354 376 766 794
350 466 577
139 298 579 712
55 342
600 654 721
12 186
477 633
166 353 654 802 875 879
341 542 600
86 286 305 453
407 648
359 764
233 768 867 879
657 715 828
242 245 407 410 448
244 652 667
100 163 354
95 730
79 188 265
142 266
10 135 862
7 435
340 784
532 656
84 207
241 769
45 352
525 839
636 740
205 403 630
77 209 242 266 470
62 105 264 405 498
67 73 330
19 394 597
3 400 592
114 709
543 684
64 572
338 810 830
4 87
68 835
542 817
610 728 784 809
97 173 711
358 381 841
283 552
267 318 480 508
512 653 661
59 547
185 490
36 134 190 689
56 251 662
627 641
681 877
335 851 871
388 512
38 501 552
58 735 791
442 503
115 189 318 653 762
125 316 520 590
151 198 370
282 747
317 624
151 643 842 883
68 554
597 703
735 771 785
470 551
37 219 577
162 390 393 716
414 860
64 133 333
280 291 341
459 798 850
187 194 237 415
317 609
821 832 863
451 638
315 374 471
127 182 292 374
381 466 490 881
46 110 428 851
135 179 526 855
180 471
247 779
57 418
92 740
25 43
23 658
73 127 668 752
236 393
469 799
415 600 666
26 266 304 451 717
102 132 163 255
333 516
272 752
429 648 661
171 528 583 591 709 710 731
1 355 791
105 138 183 326 452 600 663
321 814
353 732 808
75 299 559
63 69 99
70 490 611
472 591 674 808
350 397 720
276 310 316 458 593 771
118 179 526
139 371 653
167 302 475
170 253 664 870
256 720
57 164 489 792
79 190
129 361 746
17 685
530 849
220 664
51 774
691 756
597 606 655
101 481 647 732 786 856
91 247
203 442 461
309 638 773
592 639
126 747
208 755 779
6 9 520
42 409 828
310 492
669 795
413 696
68 362 540 770
502 630
112 285
193 448
6 317
152 835
425 534
60 98 185
554 637 660 701
405 659
635 730 751 881
139 861
169 663
