4464 6552
321 2834
814 1980 2949 3410
491 1620 3968 4148
2354 3249
586 1619 1651
1709 2539 4437
1280 1656
1190 1542 2614 2908
30 1310 1417
1523 3284
867 3527 3669
744 4193
1287 2415
908 3177 3871
2076 2437 3255
1282 1778 3580
782 2086 2129
398 453 3764
791 1720 3242 3602 4319
1122 1566 2937 3344
288 2991 3995
491 3445
1645 1755
914 923 3388
1366 3394 3941
60 1054 3482
3208 3316
1115 2241 3462 4389
446 2338 4069
995 2270 4038 4053
1850 2379 2655 3619
1745 2922
662 829 1010
974 2385 2939
77 1866
758 1237 1931 2285 3675
809 4416
562 677 1238 3231 3907
115 276
2439 2461 2799 3803 4121
2801 2881 3071
1095 3060
722 728
1699 2444
1151 2011 3812
876 2235 3455
1978 3519
1331 3809
151 2023 2093 2454 3132 3465 3998
1271 4450
2761 4433
396 456 1123 2602
859 3513
5 2475 2830
389 536 2227 3245 3744
2889 3026
1846 3972
8 4460
1407 1987
19 390
1618 3440 3781
107 447 875 4338
1270 1707 1786 2176
683 1458 3803
1384 3945
2683 3085 3539
645 1793 3660
958 1800 2482 2834
1888 2240 2572
178 609 1613 2944
888 2805
1791 2286 3481 4350
2460 3385
1574 2153 2456 2795 3011
1556 2043 2785
55 1434 4281
1008 3086 3704
490 3669 4167
1118 2164
392 517 1619 2353 4289
29 1480
2190 4394
1570 3379
715 794 2387
1492 3725 4031
10 429 1044 1140 2700 3136 3343
1589 3332
1501 1534 1705
381 3768
756 1641 3905 3966 3980 4088
691 814
1976 3616
948 2117 2340 3653
1916 4030
1531 3502
1014 1275
1733 2225 3099
1668 1772 3987 4422
2396 3063
2299 3020
28 2430 3321 3620
326 1026
755 3237 3410
2387 3078
995 3178
241 653 2222 2846 3845
414 1494 1679 1713 1760 2802 3935 4198
1176 1994
939 3664 3704
84 923 1106 1128 1945 4313 4338
1069 1221 1303 1358 2697
1748 3013
275 2229 2590 3221
785 1925 3763
175 612 1098 1874 3776 3998
340 586 1826 2108 3228
1067 1167 1639 4425 4430
264 1091 1512 2718
586 1562 1663 3430
764 2079
305 576 2098 2460 4031 4391 4400
2951 3284 3305 3393 3891
430 850 2154
1231 2370
396 421 942
1077 1440 1818
1673 3072 4463
237 1351 1656 1922 2143 3846
1000 1258 1536 1575
1904 2445 3313 3403
1306 3233 4151
1092 2093 3432 4354
119 1414 3495
623 2183 3181
296 2353 2431 3200
63 794 2234 2442 2670
2154 2734 3643
1367 2818
1132 1531
3399 3531 3926
1030 1611 1836 3402 3611
506 1642
594 1572
1838 1939 3471
1039 2687
530 1406 1407 1813 4223 4456
2217 2329
1187 2389 3648
658 2715 4249
1043 2668
2096 2754 2919
466 867 1919 2065 4286
723 1542 3101 3758
390 3459 3799
114 2360 3040 3924
589 1500
2173 4229
3343 3875 4286
484 2175 2556 4136 4403
444 1017 1078 1568 1998 4346
39 1170 2272
798 993 1070 1110 1880 2535 3462
2063 2515 3350 3414 4330
146 2208 2780
559 1528 1930 2122
993 3250
409 3369
1393 4131 4412
1814 2367 2511
3066 4442
2731 3104
3255 3430
976 2760 3289
1007 2749
1163 1206 2036 2185 3063
1741 2015 3630
2182 2600
632 1532 2126
412 457 1265 3468 3599
1008 1338
814 3208 3523
534 727 3925
2657 3245 3391
1170 1796 2429 3741
544 624
315 1174 2888 3852 4218 4390 4412
1338 1919 3990
98 2111
698 1994
2314 3878
670 1833 2079 2936 4066 4374
43 51 2587
178 3461
1450 4191
355 4127
338 1985 2311 3427 3708 3893
1317 1475
579 1889 1955 4132
2225 2607 3675
2686 4377
2601 2819
1010 3822 3876
599 2229
493 1988
2468 2529 2660 3947
718 2256
827 869 1936 3974
1556 1750
4 2290 3885
1934 3467
1833 3658
365 1736 4329
29 3458
1691 3323 3807
1934 2230 3369
136 2039 2778
1077 3310
253 534 1103 2395
739 3870
1574 3561
377 1781 1789
1166 1632 3581 3598 3622 3743
4065 4194 4460
749 1628 3314 3415
2576 3179
1133 2405 3644 3844 4094
1933 3651
1191 3802
1102 2376 2846
1062 4298
878 1360 2335 2662
259 1700 3880
477 3280 3725 4281
1141 1596 1796
360 2618 3756
1000 1112 1242 2128
1978 2605 3095
689 1639
976 1189 3734
2456 2535
912 1021 3098
557 3775
612 3706
2135 2175 2694 2717 3566
1388 3156 3430 3946 3978
681 1918
1276 1900 2458
3200 3405 3851 3977
27 585
1957 4095 4271
349 2498 2695
1388 2623 2639
2061 2382 3703
356 2569 4391
306 920
702 3685 4077 4320 4406
939 2933 2982 4145
355 2220 3218 4073 4424
518 2118
1743 2920 3867 3876 4188
669 722 2362
404 4397
111 1939
1216 3646 3834
101 1369 3349
251 350 606 2283 2927 4025
541 2900 3435 3887
45 255 371
252 2784 3663
1779 3306 3725 3886
1451 2356 2878 3264 4342
5 839 2424 3799
636 1749 1792 2228
677 951 1305
309 2089 3280
46 691 743
349 1514 1588
646 849 1948 3384
1139 3993
1239 3690
1231 1539 3425 3492
255 2256 3181
188 4041
474 2246 3673
3858 4292
1330 2196
3267 3941
13 1157 2706 3690
2427 3888 3967
1650 2903 3807
360 4009
1423 2239 2390
1216 2835
114 908
29 1099 2954 4003
849 3690
17 3873
1930 3050
1832 3315
2230 3034
1273 3887
260 704 2996
1545 2614 2715 2910
232 406 2191 3962
2610 3582 3772
3999 4453
4132 4355
1167 1851 2599
957 2734 2956 3071 3241 3551
1653 2109 2333 3870 3914
674 1315 1699 2816 3179 4378
1337 2795
588 3021
457 4459
1159 2327
2342 3156 3270
39 1648 3184
1902 2450
2412 2834 4329
735 799 2046
263 2329
1696 2074 2780 3561
780 2173 2799 3125
1606 1706 3592 3905
3376 3816 3946
331 1471
2392 3853
276 362
2900 3039
222 249 1926 2569 3136
813 1229 1779 1987 2098 2863
711 2092 3967
490 532 1368
1369 1383 2393 3977
2105 2157 3474
1382 3668
1716 4271
39 1253 2696 3570
2196 2763 3297
458 1847 3496
1139 2487 3566 4285
1710 2738 3624
729 1697 2401 2477
2454 3207 4076
2980 3852
1017 1935 3427 3724
936 1254
1196 3426
2477 2529 3671
2277 2603 3611
176 211 1376
683 2326 2570 4276
1700 2058 2345 2543 2940 3165
2377 4392
1581 1909
6 954 1517 3135 3180 3877
411 1460 2337 2903
1160 1753
469 542 675
334 1201 2191
2955 3557
20 728
1536 3281
1415 3894 4140
676 1938 2867 2932
439 1943 2797
618 2022 2228
449 677 1264 3083
398 1182 3004
395 569 3659
47 2381 3179
2250 4302
576 1475 1778 4209
1030 1338
2304 3049
391 2103 3707
1593 3570
1123 2523 3229
3017 3915
1030 2131 3273
242 3659
514 1740 3402
371 1150 3229 3325
1080 4133
2827 3311 4308
1969 2370 3430 4179
339 409 554 3276 4383
501 612 651 1969
1537 2921
1117 3560
1200 1437 3506 4299
35 1243
665 1642
1730 2707
2123 4360
478 4333
52 1523 4436
1161 2916 3192
3005 3682
685 2415 4049 4232
1450 2039
48 1531 1591
980 1707 4325
148 361 2613 4336
1097 1716 2596
259 446 1224 1944 4414
1925 1979 2105 3044 3501 3841 4323
2488 2710
518 2878
619 3628 3690
1331 4133
819 3183
2296 2646 3126 4311
2627 3178 3564 3733
2031 2986
274 894 2251 3990 4044 4149
710 1492 2864 4150
930 3224
2408 2936
423 3735 4348
1347 3780
136 926 1529 2541
338 439 1958 2450 2634 2667 2747
1338 2203 3780
744 872
794 2754
2852 3654
541 1239 3294 4352 4444
656 2277 3357 3647
1657 2403 3717
814 1416 1912 2472 3594 4130
2912 3609
514 1529 3596
807 2478
754 1728 2726 2981 3397
732 756 4412
1581 2428 3738 3825
2 989 2625
2036 2137 2759 3802 4297
1589 3558
1608 4086
1771 2771
703 3226
1735 2451 3108
263 3578
180 642 1209 2912 3441 3944 3968 4387
1674 2094 4461
337 808 1598
351 395 1301 3710
171 3624
233 3802
14 3971 4127
2823 4106
1018 2113
2825 4189
2266 2357 2732
524 2969
24 316 2226 2887 3120 3825
343 1090 2408 4291
499 1575
1588 1790 3839 4460
826 2260 2379 3224
996 1016 1676 3543
580 1840 3506
17 480 2226 3474
590 3031
329 2905
151 1151
389 1994 4104
1795 2132 3206 3723
2246 2727 3401
1078 2327 3266
948 2138 3966
1883 3978
2068 2217 4077 4235 4367
592 2053 2155 3646
7 1837 3699 4148
215 2313 3134
808 2872 3505 4154
669 2192 3743 3835
262 2558 2699 2799
1092 3258 3298
139 3386
3534 3849
450 4005
377 1557 2552 3975
375 3753
681 3800
668 886 2791 4459
3715 4016
2640 3241 4429 4461
277 1417
1155 2892 2934 4197
731 1087 2143 4016
1022 3978
935 2187 3558
412 925 958 1149 3458 3626
309 1127 1960 4182
714 893
131 1204 4105
120 1012 4040
150 1414 1898 2550 3501 4078
630 1428 3444 4034
2269 2954
905 1101 1512
2644 4000
744 2989
2103 3159
1117 1706
238 1153 1507 2011
338 411 1466
1127 3699
596 1618 2991 3695 3894
2 350 478 974 1841 2438 2559
2341 2343 2953
287 3003
491 1237 3962 4305
1289 2510 2830
148 1541 1807 4020
1759 2015
1421 1877 2775 3848
118 590 2279 4367
1135 3479
1094 1351 1981
819 3651
368 4327
32 3672 4110
278 4249
330 599 1627 2950 3550
2983 4159
378 764 1558 1925 4361
2059 3820
477 1483 2277
723 1055 1923 2801 3069 4066
614 2307
2073 3613 3989
19 404
1999 2613 2813 4228
631 2941 3275 4230 4308
3506 4084 4362
4358 4448
1846 2338
261 4106
442 1246 1561 1986 3856
960 2750
1225 1465 2941
1251 3437 3447 4112
603 3328 3535
1091 2355 3405
933 4037 4088
129 2472
874 2773 3209 4291
408 2436
515 1721 2298 2949 4259
55 4454
2379 2976 3244 4346
923 1241 2005 2664 4374
1636 3897
130 1606 2137 3202
421 896 1162 3157
187 899 920 940
1491 3421
1022 3201 4321 4372
1782 2065 2443 3421
1118 3869
1937 4451
523 1204 3064 3769
1496 2910 2970
18 305 1656 3285 3758 3881
235 1334
201 1618 1718 3828
1061 2462 4126
581 704 1343 1425 2521 3284
2170 2333 3427
554 2112
778 3313
2000 2616 2628 4353
2744 4050
874 2457 3356
488 1476
599 2724 4173
685 880 2869
1217 3126 3404
2470 3319
492 4322
396 1219 4420
1261 1512 3898
64 1649 3010 4462
2093 3783
7 2309
108 174 274 1778
286 1144
765 1236 2980
1250 1328 1786 2453 3034 4179
1165 2053
737 1599 2270
57 4316
738 2906
1740 2190
1436 1528
2207 2268 2720 4306
1168 1352
380 1211
415 713
807 990 2208
661 3018 4451
1864 2374 2496
3033 3314 3345 3377 3939 3977
1644 1760
266 946 3955
533 1809 2294 2389 4394
90 2236 2510 2568 3357 3701 4362
442 1135
1363 3904
258 3698
707 886 1453 1631 2445 2791 3667 4205 4318
3556 4297
37 2568 2861 3136 3323
3157 3944
1740 1978 2252 2524 3056 3367 4438
2125 3660
2903 3312
3564 4096 4293
953 2453 2722
697 2482 4396
2008 3169
197 371 2612
35 2412 3042 4346
3578 4067
1495 1942
86 1203 1945
3300 3490 3985
164 2199 3141
22 2319
1683 3640 3666
816 1860 2337 2507
159 2742
1747 2946
170 2981
362 2422 3851 3856
712 1363 1384 1960 4018 4373
1060 1231 1684 2574 4286
1014 1372 1438 1580
553 829
1088 1132 3974
1643 2044 2130 2953
938 1225 1733
2338 2517
978 2664
3270 3604 4075
1322 2132 2477 3692
259 1554 2165
1027 1033
2252 2485 3388
2235 2918 3287
786 2904 3473
19 2293
484 4429
1143 2815 4381
242 1174 3670 3772
1103 2238
327 745 3491 4414
237 1150 1270 2419 2950
564 3275
1596 3075
2245 3113
600 624 1262
1620 2059 3704 4346
1101 3644
2268 2373 3207
28 4437
439 756 1564 1840 4315
968 2177 2705 4385
22 2974
2246 4153 4347
713 3480
530 896 4428
1623 2551
912 2545
2758 4256
1365 3579
1718 2593 3476
879 2089 2362 2418 4149
44 2030 3261
757 1543 2916
523 958 1730 2591
1609 3845 4140
2375 3819
66 1847 3085
1001 2114 3092 3101 3381
582 857 2954 3859
1980 2941
2878 3164
339 743
2480 3191
721 4132
889 958
177 485
35 3970
2898 3219 4113 4156
1694 2790
453 3301 3767 4297
537 1124 3055
617 3291 3438
1061 1587 1852
972 2696 3961
241 2472 3839 4260
3013 3399
1443 1531 3407
2853 3291
3005 3816 4086
1330 2563
1328 2654 2809
528 2091 2672
1565 2113 2903 3657
1654 1659
2678 3434 4213
2804 3183 3554 3658
537 1007 1065 1173 1465 2577
470 2566
352 3686
1247 1844 3230
4004 4042
39 681 1809 2063
2151 2519 4025 4368
545 3310
1952 3601
1941 3934
606 2437 3970
1622 2607 3757
658 3971 4433
1202 1584 1728
720 1443 3810
1878 2652
702 2744 4125
3555 3918 4391
1835 3867
3262 4112
836 2800 2805 3616
256 259 1457 2056 3754
1880 2024
1547 1948
787 1557
256 1414
684 2223
385 502 1338 1698
692 2351 4118
1554 2049 2361 4395
376 682 1695 2298
1641 2181
894 4078 4134
230 3013 3547 3723 4212 4228
2126 3266
2038 2377 3118 3180
1321 1763 3867
642 860
1124 1699 3413 3580 3771
3400 3429
660 2332 2657
730 4340
1141 3581 3584
633 2360
466 3756 4391
1151 2209 3879
1945 2789
2569 3587
533 1659
1536 1989 2448 3044 3982
1121 3039 3445
1526 2169 3043
838 1351 1786 2725 2755 3104
135 1833 2257
739 2014
1197 1297
2468 2610 2921 3195 4034 4445 4447
2689 3773
170 470 3293
1902 2549 3380
3211 3631
3318 3349 3390
1310 1697 3009 3425
1174 2955 3081
1155 1220 2073
1302 4271
1304 2603 4297
1107 1669 2412 4061
1534 3046
1960 2728 3448
175 1339 3863
780 1883 3181
790 3848
1062 2097 2421 2717 3236
2088 4139
2385 3943
1834 2083
1783 4330
1104 1394 3629
3137 3478 3673
522 893
381 3213
32 1999 2590 3455 3528 3676
1649 2084 3989
2911 3700
988 1180 3251 3725
806 1951 3120
1157 1916
2304 2716
479 1938 3963
3255 3387 4111
577 1825 2900 2995
1001 1370 2749 2829 4463
120 2033 3645
1843 2418
484 790 1472 2289 3198 3613
3106 3975
1414 1815 2156 2162
359 3619 3864 4292
115 1043 4140
390 2333
1964 4168
675 1006 2571 3868 4034
336 441 505
145 1245 2096 2496 3502 3721
762 1276 2866
45 679
2232 2261 3311 3894
798 1317 4267
78 225 405 1827 1865 2430 3191 3958 4026
997 4153
2358 2650 3540
653 2460
1671 3678
3372 3677 3735
1770 1883 4314
177 4171
2184 3430 4456
1430 3538
498 732
725 960 1073 1520 1558 2702
927 1013
577 613 2098 2495
665 4211
3212 4187
918 1248 1735 1864 3991
396 1198 2657
1017 2824
703 1575
1219 2021 4095
1372 3173 3350 4376
3298 3927 3946
730 1040 1273 2513 3619 4261
3312 3974 4318 4464
1059 2846 2953 4221
466 581 4042 4250
487 1338
337 760 3055
973 4035
1220 2884 3413
393 892 2817 3222 3353 4438
1115 1298 1416 2991
455 658
3009 3041
1066 3772
1489 3491
1033 3557 3739
43 2467 3577 4461
68 485 3020 3959
2217 3608
2967 4012
1995 2678
1394 2616
2445 3861
1243 2919 3833
820 1515 2908 2992
89 1817 3557 4403
1361 1589
89 2708 2849
1975 2459
1196 1299
429 2774 3728
891 2636 2729
359 1666 1877 3464
2607 2740
68 247 2074
825 4325
494 1193 3047 4234
3180 3993
3657 4313
1372 3274 3674
266 423 647 912 1679 3079
14 146
2202 2644
1249 2938 3870 3876
1469 1796 2882 4061
1192 1730 3079
715 1365
3 768 2077 2094 3102
3029 3696
2667 3361
595 1981 2132 3030
159 521 903 3813
130 1297 1300 3696
3202 3445
4147 4335
841 1534
1317 1515 2359
25 1481 3122 3155
564 1405 2130 3254 3284
807 2196 3089
469 2722
1357 2717 3650 4328
4051 4379
1859 2636
2568 3505
60 2655
3404 3805 4102
89 2824 3095 4104
847 1231 2633
565 2255 3428
89 590 2740 4107
2868 3598
238 768 2044 2140 2273
674 2142
1742 2284 3646 3813 4076
1334 1554 3189
2389 3238
758 1678 4183
2023 2860
1153 2060 3909
367 2098 3491 4431
3 249 1654 2119 3288 3758
1033 1178 1675 1869 2271
934 948 2788 3255 3373
1078 3754
374 2607 2831 3134
132 1260 1535 3182
1431 2612
619 3074 3334
64 1962
1915 2892
2598 3060 3148
840 976 1102 1440 3657
901 1516
2676 3483
1087 1351 1696 1924 3331
509 3701 4329
2457 2629 3184
1481 2347 4074
60 629 762 2296 2895 3624 4175
720 2718 2784
3906 4241
2236 2243 2467 4363
455 3707
2212 2498 2559 3328
529 1111 1943
189 1737 3625
248 410 538
1896 2902
2639 2712 3856
26 1025 2596
1033 1407 1603 3714
2212 3909
147 743 2083
258 2102 2328 3399
865 1000
778 1566 2317 3103
192 709 1642 2258 2536 3793 4188
596 2189
384 797 1564 1570 3938
1135 1198 1512 2930
889 3265 3592
398 2416 3660
498 726 2225 3735
439 2326
2283 2887 3730 4027
496 866 2864 4119
56 3339
973 1315 3262 3806
161 676
479 2414
1140 1943 2017 3636
993 1481 1542 3884
1896 2360 2619
860 898
1760 2706 3146 3361
1203 3294 4120 4335
784 3288
79 1590 1701 4278
816 3790 4396
1793 4406
590 4017
1239 1618
269 712 2684 4117 4455
302 1793 2028
81 525 1458 2595
136 1016 1361 1866 2870
1002 3294
1140 3102
1601 3365 3486 4302
690 4373
497 1232 4143
65 2228 2393 3851 4245
968 4458
1069 1127 1535 1546 2783 3039 3379 3534 4378
2102 3470
1590 3207 3859
921 2239 3005 3490 4302
75 3138
793 1177 1321 2437 4114 4137
379 677 2366
1226 1705 3165 4349
713 1376
547 2802
2131 2849
142 1463 2181 2417 3192 4248
1861 2402 3779 4022
787 1022 1633 1905
764 2518 3822
1043 1263 3337
182 680
2715 2988
735 1300 1383 3722
3860 4374
218 1701 3910
578 1714 1986
657 2403 3315 4199 4432
68 1390
983 3060 3578 3667 4299
401 2465 3903
2197 2486
1847 4266
291 326 413 1453 1919 2432
1332 1816 3122 4246 4295
597 3385 3485 4232
3408 3546
223 562
2487 3644
581 1241 3846
2031 2230 3178
3367 3465 3554
2069 2334
2635 3983
1179 4298
1921 4329
1031 4340
689 2265 2759 3652
2098 3899 4122 4427
1275 3637
853 3869
1656 2198
1678 4289
1798 4139
3372 4062
630 1769
446 504 1227 4062
978 1604 3356
2791 3400
990 1327 3304
1265 2596 3483
1203 4272
510 3072 4447
1609 2753
773 3220
237 1725 2182 2567 4361
2485 3562
540 2224
1209 3274 4253
2373 3475
2248 3155
1235 3266 3270
519 728 2145 4121
568 1091 2304 2316 3712
1640 1949 2632 2970 2987
1273 1873 1949 2747
1521 1587
449 1943 4250
1145 4378
2289 2414 2650 3795
1335 3816
108 1674
331 1435 2598 3411
2294 3909
2127 3197 3435 3744
629 2059 2383 4071 4412
1896 2616 3917
31 3351
1287 2164
948 2235 2886
153 2220 4218
898 1741
186 312 347
307 2923
1216 1318 2439 2681 3096 3159 3573
1553 4364
1049 1987 3360 3763
1038 3301
958 2487
2205 3689 4257
2532 3244
1754 1987
811 2865 3463
1034 1157 2027 2337 3183
542 907 2907
585 1279 3133 3510 3965
2700 2939
159 2541 3003
1308 1546
327 1860
2286 3595
63 1520
892 3042
1857 2409 4208
85 802 2843
618 2619 4429
599 1694 2839 3791 4170
603 680 1000 3505 3970
103 952 1643
426 1249 4237
1100 1867 2927 3818
212 1130 3310
2209 3404
424 3737 4008
2343 3979 4155
892 3289
606 1382 3128 3464
151 2047
2382 3405 3933 3935 4007
17 1501 4394
2851 3261
308 989 1881 3034 3680
383 2355 3122 3770
2232 3002 3601
184 606 1788 1861 3077
819 3173
1468 4222
1180 2490 4261
551 3691 4041 4126
149 534 2751 4346
725 3539
2698 3066
1492 1576 1644
2457 4060
2504 2715 2804
1256 2681
1592 3525
1703 3130
112 1657 2455 2971 3390
843 1924 3855 4148
1444 2044 2975 3967
67 1749 2682 3635
1768 3761
587 2262 3610
914 2351 3759
1202 3081 4222
382 1494 1946 2098
1213 4371
1068 1649 3695
3540 3562
600 3873
873 2948 3791
435 571 3786
689 1467
2450 3584
687 4186
87 1264
1044 1088 1546 1915 2933
375 638
603 1231
287 966 1948
814 1036 2914 4201
1828 2519 3304
3108 3167 3193 3994
516 3686
770 2670
12 885 1271 3092
489 720 2232 2268 2354 3285
1800 2235 2491
812 2495 3620
2780 3712
3097 4089
835 2634 3829
3022 3309
2179 2716
506 1676 2394 3528 3568
972 2533
1223 2644
3638 3798
2089 2490
44 391 1041
1174 1275 1283 3530 4034
258 920 4036 4070
61 404 2892
1076 1895 4342
225 1220 2199
1713 3397
992 2943 3933
1133 2054
1428 3214
1779 2869 4055
2026 3554
4 4196
277 316 1081 3980
336 1316 2028 2351 3450
810 2902
366 1339 1642 2294 2955 3479 3663
2671 2903
1962 2798 4025
1727 2604
253 417 4372
3120 3345
552 820 1301 2005 4347
408 720 1498 4084
1315 1344 1660 2967
3160 3226 4252
3621 3635
2083 2863 3410
2608 2807
1221 2719 2994 3290
1605 1964 2981 3624 4053
872 2283
1466 1615
389 3125 3136
705 1079 3494
1280 2423
733 777 885
972 1779 3105
1023 1798 2163 4094
212 2053 2345
324 550
763 973 1134 1518
2226 2778 3181
720 1484 2987 3281
1559 3114 3784
67 170 355
604 2309 2326
1153 1261 1951 2213 2217
207 304 2955 4173
2759 4374
850 2268 3970
2438 3692
1321 3550
1480 2908
1000 1602 2977
1822 2385
161 2843
288 712 2021
241 458 2140 3311 3564
1750 4270
1406 3211 4112
1291 4094 4168
525 1376
1893 1916 3763
2243 3655
68 2157 2997
211 914 2974 2980
1969 2253 2939 3105 3356 3918
1314 2440 2626 3361 3540
1355 2154 2987
115 832 2916 3141
124 2052 3011 4009
553 682 2576 3987
2096 3214 3788 4044
2323 4127 4435
492 3800
992 1790 3532 3847
334 902
2753 2987
2219 2418
2365 4245
380 4047
1737 2241 2459 3423
1847 2049
971 1095 1159 3561
815 992
1584 1871 3305 3646 3783
117 3959
1589 1773 2283
675 1791
1756 1947 2719 2827 4060
1023 1111 2159 3777
1205 3546 3920 4195
2246 2572 3474
1633 4239
1951 3910
579 1314 2593 3227
996 2820 3458
749 3222
55 2209
1094 4081
649 1083 1386 2321 2843
605 693 1135 1166 1323 1492 2740
566 1053
1089 1412
807 2129 2144 3665
759 1980
1906 2346
1378 1749 2089 4333
554 1185 4058
244 2273
2774 3933
198 985 3481
380 1075
483 2460
774 1601 1874 2619
103 184 2230 2717 2946
719 3055 4088
159 3051
253 3739
2307 2312 3006
1625 2408
1233 2910
374 1282 2914 3659
118 1074 4444
372 646 2154
244 2572 3858
638 1576 2401
2438 3347 3808
448 2030 2901
70 2283 2466
326 506 2830
141 3958
1731 2173
2597 3155 4259
3659 4132
206 322 1588 1788 1857
402 1982 3369
1933 4432
3103 3127
4122 4368
1131 1190 4194
800 1207 2721 2793 4398
3448 3862
12 2701
9 3860
689 1904 2476 3483
2376 3856
872 2207 3265 3703 3719
425 2729 3819
1487 4045
509 2960
84 2019 2294 3813 4378 4382
687 1988 2228 2318 3092 3585
2218 2876 2907 3332 3833 3944
1722 3899
1590 4135
2740 3881
1315 2336 2689
1840 1859
966 4439
1715 3764 3942 4147
941 1795 2109
427 1219 1423 2678
332 864 2695 4251
218 2175
2861 4111
648 2062 4089
319 526 1580
29 2500 3473 3779
600 4257
1006 2831 3445 3848
491 1884
84 771 3482
464 1064 1308
2171 3862
1861 2582 3581 3737
1620 3341
2051 2999 3105 3640
608 1121 2411 2450
184 2787 2925 4068 4237
338 3205
261 2851
2971 3903
605 1104 3021
200 503 3542 4188
1402 3698
734 1334 3805
870 1193 4356
1168 1534 4236
17 595
390 480
777 1238 2267
3089 3796
1395 3574
1195 1339 1423
571 589 2901
1300 1420
452 1833 1893
1767 2103 2427 4159 4436
1640 3855
51 304 2866 4068
550 2709
73 2061 2215
374 1485 1588
1176 2500 2998
1518 1680 2024
1355 1906 2207
2555 4039
1091 3311 4207
38 101
1166 3188 4228
545 3268
2057 2379 4130 4169
2299 2811 4408
6 1335 4050
1256 1313
3441 3799 3856
1345 3629
1570 1893 2196
695 1540 3953
2273 2555
387 605 1168 2078 3271
1420 2484 4394
824 3205
860 3717 4158
458 1443 3933
265 1321 2542
1039 1866 4086
327 3907
146 1714 2251 2851 3222 4305
1158 2466
1256 3246
147 150 982 1681 2438
1064 3655
868 1517 3780
261 579 1913 2177 2929 3345 3916
2821 3145 3797
1928 2124
1078 1802 3365
419 2706 3870
286 2161 2731
800 2077
53 2867 3654
299 2061 4386
2235 2608
1121 1521 3555
2339 3148
46 2753 3476
430 3460
1863 3146 4186
715 4238
205 1803
1176 1368 2422
220 4025
2610 3091
356 2268 2873
1676 2655
536 1408
2434 4007 4312
875 1632 2268 2280
939 4060
470 2027 2303 3573
818 918
2376 3414 3710 3827 4131
1887 3697 4416
1790 2819
252 1092 2740 3328
3889 4450
68 1353 3178
2737 3460 3537 4048
195 386 978 1137 1584 1933 1982 3804
1392 4414
610 1258 1947 2273
457 1181 2824
1399 1409 2018 3165 3344 3586
1037 1384 2718
1229 4105 4307
1228 1320 1933 4341
72 1009 2749
31 388 2973
203 1056 1124 1427 1739 3022
972 1551
211 2523
276 603 1153 1857 3439
225 2901 3119 4232
1835 3056 4008
45 4047
2026 3820
2460 3490
604 1254 1805 2743 2884
526 861 3267 3308
718 1277 2768
45 2080 3438
1863 1935 3270
1525 2462 3295
400 556 1309 1383 2957 3325
3330 3774
1769 2281 3162 4082
595 1681
1194 2976
89 816 1282 3448 3479
829 1094
88 1987 3401 3664
1181 2714
3270 4215
55 476 526 3228 4116 4430
1213 2964 4022
215 656 1806 4046 4267
2735 3151 4068 4123
670 2951
3159 4001
2165 4232
956 1904 2771
2494 4050
1278 1861 2622 2928 3830
1109 1218
58 3412 3838
535 2336
477 783 2780 3118 4090
554 1220 3112 4025
110 2296
67 3131 3428
1583 2931 4106
1022 3715
234 305 1887 2165 2524 3274 3422 3977
1146 2688 3077 3125 3523 4005
227 647 1039 2272 2910 3714
2912 3124 3699 4219
1133 1936 3391
1654 1694
583 632 3917
141 195 1238 1697 4116 4417
66 1446 3343
1462 2223 2777 4289
125 1115
580 2497 3455
1050 3434
3496 3720
973 1723 4098
3403 4105 4455
3344 3991
80 692 1493 1891
234 2163
2642 2737
734 1675
197 661 3231
1373 1929 2351 3170 3239
2156 2501 3312 4016
240 2454 3834 4137
41 772 1018 2696
2251 3124
834 3371
676 3521
270 2542 2710
478 1002 2703
101 1929 3539
819 1754 2131 3968
111 447 750 3793 3965 4178
698 1718 2847 3697
502 725 1104 1229 3400 3433 3733
676 2741 3193 3910
225 252 496 1905 2389 2685 3675
68 1716 2539
1847 2842
246 4107
923 1733 2098 4403
335 1330 3652
540 3411
1775 3737
1443 1898 3198 4451
222 1608 2080 3542 3628
232 1520 3470 3699 3808
2241 4045 4344
3392 3574
422 1208 2652
234 1137 3472 4231
1216 1624 1674 2599
1204 2363
2553 2859
389 4122
698 3982
1253 2418 2553 2727
1191 2467 3046
876 2651
559 898 1471 2695 4008
2704 3113
2057 3247 3338 4103
1931 2599 2728
683 2130 2962
485 506 1272 2022 2292 3812
2655 3187
19 2735
47 1556 3144 3338
549 2953
202 337 1422 2426
247 3198 3950 4274
2030 3680
45 725 1778 2073 2453 3749
524 1137 2647
1736 3322
2473 3296 3827
2682 4145
1279 3918
205 304 1283 1865 1947
1732 2426 2652
256 1818 3946
475 1126 2120 3108
464 2232 4136
1397 1579 1965 2099 2846 3192
177 1180
218 747 1882
428 1072
3538 4186
2768 3164
2388 2678
2949 3079
668 3228
151 2673
941 1284 2183 4334
1323 3231 3458
2360 3209 4221
1906 2047 2888 4223
1229 3809 3960
38 869 969 1216 1513 4180
1119 1525 2893
235 4452
579 1355 2030 2417
1477 1855
1290 1606
245 597 3505 4417
1663 2377
2253 2989 4010
337 3727
39 707 1460
487 1800 2059 2531 3349
1731 4400
497 1814 3568
25 1068 1482 3988
60 1852 2987
322 338 2736
1023 1041
1494 3968
1344 3935
2281 2364 2415
34 4227
3378 3736 4018
328 1991
531 1110
2415 3094 3598
2598 2979 3660
697 910 1994 3318 3827 4400
3343 3400 3520
2876 3726
1001 3474 4254
163 556 1207 1960 2217
1534 2247
170 873 1408 3654
1393 3049 3566 4154
1358 3893 3963 4367
911 1073
1953 2738 2864
1019 1072 1354 1933
1664 2860 3555 4061
136 4173 4408
32 1891 4451
1249 2771 3875 4256
1264 1524 4461
900 3247
261 465 3320
1144 1982 3356
789 968 2078 3599 4036
2306 2766 3003
3350 3405 4304
1619 2017 2222 3776
552 4135
579 768 2248 4021
1000 4227
2717 2954 3491
1583 1745 2686
1670 4142
2537 2597
2295 2840
525 1009
32 2314 4118
309 597 1677
73 429 2681 2938
676 2940 4175
1939 2772 3055 3300 3562
1323 2323 2866
537 3099
1466 1526 2807 3876
13 138 354 2487
348 466 2670 2847
990 1621 3998 4114
494 1480 3004
151 2821 3129 3351 3754 4287
2694 3353
298 3383
1257 1495 3124
397 563 914
2366 2923 4442
332 1878
1202 3556
292 749 2086 2667
1591 2358
249 2874
679 4066
281 1150 3923
343 4045
861 1300 3364 3576
938 1404 2552 2984 3622
846 1083
442 840 2880
64 70 3107
249 2176 2579 3371
2046 4332
2478 3091 4425
412 465 3300 3603 4070 4093
44 1771 2274
2812 3437 3524
106 2125 2278 2720
360 1340 1560
812 2785
1108 2005 2482 3837 4463
1289 4275
496 617 3876
21 123
3168 4266 4455
1084 1478 3341
1437 2097
48 49 4393
2920 3577 3831
2582 2721 3845
535 540 669 962 2672 3240 3498 3647
990 1539
252 279 352
303 2128 3496
1368 2376
1767 2210 3258
420 1300 1308 1431 3154 4033
2010 3421
2212 3426
575 2375
450 2206 3295 3525 3807
750 4385
484 1233 2283 2394
611 3828
1306 3018
499 2510 3394
718 2583
1319 2457 2748 3113
632 2850
710 3012
430 4361
844 981 3954
1170 3547
3408 3655
890 2377 2865
1866 2962 3534
1694 2290 2949 2982
994 1813 4434
160 2619
3501 4104
46 2572
2286 2564 3929
1494 2980
419 791 2066
775 3741
409 3030 3708 3922
2987 3840
12 1062 3469 4235 4280
244 1751 1877
239 1038 1374 2538
756 3069
2123 3147
477 806 3552
603 836 2871
1079 1508 2535 3669
322 2752
374 777 965 1285
239 2685 2831
217 497 971 1695 3238
3924 4442
509 1358
1639 3177
1018 3292
1893 1962 2358 2714 3192 3829 4209
1518 2129 2254 2692
959 1480 2795
3434 4053
426 1256 2011 2119 3685 4095
1361 2009 2250
107 1163 2816 3284
2371 2687 3724
526 994 1690
2865 4205
1305 2160
2577 2661 2997 4037
911 1001 4084
2948 3300 3696
7 45 1466
2479 3138
1864 3099
487 1871 2053 3507
977 3454
1202 2331 2398
855 1114
1228 2475 3040
689 1346 3347 4367
737 2412
257 587 2394 4418
205 593 1511
255 3239 4020
1763 2025 2138 3825
3841 3859
1181 1694
257 2611
2899 3244 3487 3737
242 2305 3851
364 2059
2200 2891 3395
1518 1720 3407
1897 1982 3422 3730 3815 3933
1087 3435
2434 3609 4333
1110 2502
265 1146 1335 1725 3484
861 3083
800 1077
1106 1925 2845 3131
2242 3284 3340 3985
187 4144
1025 2264 4040 4320
4179 4243
1480 1672 2080 2396 3094 3651
276 2950 3031 4330
1233 3367
421 580 1090 1482 2118 3331 4385
1099 1827
1573 4334
2430 3608 3621
1477 2031 3318
2493 2968
2051 3753 3774
1814 2269 3664
960 1335 3357 3534
2902 3112 3919
379 2255 3210 4208
1873 2190
1666 2575 3553
2534 4170
2960 3059 3221 3776
1495 3222
174 1639 1979 2416 3715 4074
879 1906
1952 2031
461 816 1379
193 598 3639 4397
313 1212 1426 1755
430 912
1591 2319
146 713 1115 1838
523 4411
2005 2505
363 706 2682 3953
1236 1681
1826 1923 4368
2409 3305 4302
970 1081 1475 2182
189 2896 3225 4416
3039 3250
1978 2458
7 496 1167
1984 4393
1739 2724
466 2438
1595 3257
408 920 937 1547 4372
1895 3739 4268
2421 2564 2876 3113
1715 2330 4018
2184 3678
1303 2741 3838
45 895 2566 3057
3077 3370
37 706 784
1547 2492
88 110 611 920 1165 2337 2760
2119 3780 3989
3 89 734
1175 1697 1887 3625
1730 2054
2039 3742 4093 4363 4402
1736 2720
471 2957 4029
4108 4337
3410 3838 3956
805 2599
48 255 1682 2875
3985 4234
228 2669 3396 4021 4070
2140 2639
1930 2127 3986
1012 2639
911 986 4144
1747 3340 4110
755 2734 2896
1277 2338 4427
558 1305
2708 2967 2998
10 2822
1363 2741
2254 3051 4441
1752 4427
286 649
181 3886
1379 1705 3105 3133
1875 3203 4138
1201 2221 3040
106 2146 3961
708 1328 3458 3522 4356
1241 1543 1747
214 527 3762
457 2891
2778 3662
158 1181
141 798 1271 3326
2984 3053 3662
112 433 614 927
2593 3067
15 1553 2039 2827 3224 4052
1078 1976
563 2574
258 2145
1648 2561
185 686 1394 3640 4014
2709 4094
1525 2872 4058
778 1016
2411 2837 3630 4360
1293 3466 4028 4256
991 2523
757 1321 2124
134 1311 1408 2807 3226 4412
380 921 3899
1021 3454
2555 3442 3672 3830
3474 4358
2534 4194
1342 4441
232 599 2749 3613
381 972 1450
2781 3229 4236
2327 3347
465 1767 2187 2380 3495 3601 3772
611 1390 2604 2710 4413
617 1671 2206
2668 2698 3797
850 1106 1636 3913 4280
1205 1404 2428 3997
2921 3249 3798
208 1077 1571
1358 1382 3230 4315
2993 3352
201 618 2542
2181 2417
579 871
1590 2495 2834
2000 4067
283 1047
1277 2558 4397
1073 3259 4241
721 1812 3739 4020
465 605 627 658 1400
563 705 1691 2169
924 1849
969 2175
86 1986 2469 2969 4165
1037 4060
3464 3998
2551 4012
2102 2179
2505 3637
2503 3259
164 3530
181 1094 1317 1875
1338 1507 2464 2769 3252
1022 2648 2983
478 1384 4065 4105
496 1081 2405 4314
1516 1829 3985 4004
311 1043 1272
622 2723
703 1067 1928 3962 4001
65 1189 1428 2101 3084 4192 4368
1040 2299 3075
3160 3291 3760 4237
954 3143
112 2031 2781 2971 3331
460 2033 3065 3412 3894
1863 4401
3438 4278
1263 1964 3773 3923 4301 4464
94 238 4253
585 2617 3193 4180
504 4056
1986 2205 2439 3564
182 2240 3460
226 251 3302
505 708 1644 4170
216 2604 3443
977 3710
3056 3148
463 1124 1700 1724 2025 2138 2405 4346 4440
2205 2286
946 2069
780 1945
2798 3136
464 2544 3650
526 1998 4119
3020 4284
526 570 983 1320 3934
408 1788
2398 3456
1453 3539
1341 3810
1367 2239 3808 4275
349 709 783 3200 4132 4229 4266
32 1655 1886
2719 3802 3879
1566 1801 3282
564 1216 4454
1611 3962 4073
343 1172
243 3267
201 1714 1905 2433 2554
3869 4328
282 784 1263 1305 2604
1886 3436 3782
188 1260 1667 2100 2742 3799 4386
2174 2332
607 2804
97 1381 2976 4389
423 2397 3550
218 748 902 3150 3486
668 2895 3851
3147 3361 4010
74 661 1254 2378 3344 3515
860 1043 1238 1600 2298 4105 4196
1270 1549 1702
899 1537 2687
2550 4035
435 2365 2501
1113 1323
2404 4310
731 2328 2784
972 2490 2765 3806
2690 2922 4133
174 402 463 4111
1274 1296 2639
1246 2909
1476 1961 2027 2946
24 920 1686 3945
1780 3471 3585 3616
152 334
1984 3448
114 3360
1224 2336 3448
455 1783 2042
91 234 1839 3242 3769
363 706 3340 4461
1800 2568 3250 4025
2652 2767
688 3866 4358
270 3149
3527 3685
95 3698
419 585 1840
765 3325
2737 3650
663 3637
1132 4374
991 1057 2601 4024
105 168
2402 4228
737 869 3399
292 808 1755 3797
80 3690
401 2247
1050 3162
1488 2110 2815 3884
241 3443
2933 4184
3887 3901 3937
2266 3146 3988 4173
2477 2823 2868 4348
397 852 1761
123 450
154 1636 2584
2455 2763
1703 2215 2341
259 2754 4313
2416 3204
593 4429
1582 1937
1360 2232
2054 2525
415 1119 1302 3098 3227
307 323 3596
414 667 1848 2046
232 2881 4180
1091 2134 2589 3146
25 2378 3230
2367 4439
96 1727
562 627
516 2882
323 648
640 2079 3270 3991 4329
2807 3105
1032 3021 3452 4207
1055 3312 3379 3448 4387
478 609
1181 2816 3392
923 1009
682 2122
2995 4126
227 381 4183 4391
1646 2068 4003
1902 3496 4035 4463
3102 3224
3246 3546 3732 3919
1485 1999 4197
1665 2384
138 979 3124 3811
3648 3843
855 2234
427 638 2022 2802 4010
118 1815 3320
872 3713
54 707 737 1503 3648 4438
1031 3150 4408
569 2237 3315
1530 2416
1688 3013 4302
328 2822 3186
1665 2765 2978
1903 3604
61 1614 2735 2754 4088
498 3486
699 3337 3343 3580
135 878 1411
319 516
2279 4380
1987 3077
345 630
515 2530 4236
2586 4019
46 206 766 952 1833
2511 4458
263 2538 3268 3973
300 898 1434 4229
94 542 1258 1622 1923
3610 3937
118 859 1263 1382 3320
1591 1959
153 1189
1758 4051
555 3059
1330 1876 2903 3662
1266 3208
1269 2950
1026 1465 1788 2897
2512 3831
1630 1779 3626
1881 3652
1304 4401
1788 2171 2196 2414 3203
424 643 2014 3860 3902
2118 2752 3355 3482
72 1552
1879 2738
292 1738
894 1477
3244 3869
904 2307 3611
613 868 1515
2124 2960
556 1533
2178 2213 2415 4242 4328
4052 4229
1150 4297
439 615
1362 2440 2848 3436
3335 4031
736 2450 3481 4192
1114 3169
1394 1963
1152 1305
1396 2916
283 423 1316 1765 2794
856 1994
2573 3086 3393 4355
617 3050 4376
348 2048 2888 4000
386 2247
448 4010
1033 1623 3209 3356
969 1905 2203 3887
25 126
744 2149 2800 4106 4451
1091 1888 3078
2953 3075
1034 2718
525 1437 2143
7 947
2372 3522 3946
2230 3275
401 4337
2273 2951 3017 4062
1921 2627 3372 3476
636 1733 4459
1651 4361
442 3092
1218 2019 2878
4002 4132
881 1419 4292
1651 3357 3833 4106
1274 4083 4308
104 3764
859 3697
506 1526 1864 2273
568 1786 2757
1162 1883 2471 3580 4199
1577 2286
1329 3127
24 1010 4111
418 1607 2642 3040 3045 4181
347 3772
1539 2825 3092 4343
1830 3691 4105
557 992 1832 3248 4232
325 2328 2557
2290 2751
539 2424 4206
1061 2712 2815 3059 3754 3994
2339 2529
961 1787 2282 2765 3393 4133
782 925
699 1505 3248
1322 4417
939 4160
330 634 2102 2377 2685
657 3563
512 2891
1580 1898
1560 2653 4297
1041 1112 3102
1935 2856
1616 3320 3592
906 2836
1946 2270 3209 4276
240 581 585 1363 3717 4433
738 1351 2431
58 992 4080
873 3946 4051
1328 1583 2311 2868 4389
1594 4073 4317
2795 3937
713 850 1629 2267 2936
209 1463 2848
284 3519
828 1676
1884 1906
1491 1604
2904 3150
562 1615 1753 1865 2700
711 2792 4252
2056 3085 3162 3688
1101 3668
861 1796 3918 4375
1503 2997 4278
1113 1709
3191 3417 4303
1545 1924 2472 2728
29 771 2337 2659
564 639 1939 3655
337 829 982 1106 1565 2269 3584 3855
582 1990
396 1098 1510
2078 3702
2402 3661
146 2493 3244
696 845
484 1295 2468
171 2884 4217
281 2130 2152 4403
106 1157
285 1322
2232 3462 4122
681 1029 1313
156 576 1278
1104 2546 3031
563 1139 3965
809 956 1249 1796 4211
3175 3521 3887 4320
2409 2563 3854 4103
1556 2225 4421
400 2023 2074
1697 2140 2538 2829 2948
3932 4002
114 1994 2539 2701 3986
940 2936 3442
682 1741 2214 3234 3371
1393 2492 3122
2321 3379 4432
2303 3443
1160 2602
2946 4189
544 2312
235 2652
1800 2411 4372
3818 3918 4050
1002 3224
2285 3733
1332 4422
2045 2427 3067
2765 3396 3624 3727 4053 4355
578 2078 3433
407 1551
1498 2279
1756 4124
274 282 1948 2462
3355 3923 4078 4449
561 4267
2692 3409 3725
86 2324 3227
615 1918 3806
1613 3315
3081 3478
1269 2902 3000
1409 2628 2861 3177 3648 4087
1273 1844 2981
2654 4408
1062 1102
28 72 1748 3458
3382 3434
332 3958
1270 1867 1888 2304 2882 3698
2131 2145
846 994
247 297 787 3325
161 3888
1672 1809 3589
1543 3070
817 1715 2190
1233 1267 2738 3013
1025 1901
552 3327
2699 4278
212 1443 2279
1174 3177
31 1070
67 433 1508 4206
1799 2080
518 2740 3603 3775 3869
1424 2698 2863 3461 4402
397 1444 4008
623 1673 3773
2651 3081
232 250 1259 3851
655 2516 3439 3678
764 4333
2576 4298
855 3168 3446 4222 4303
322 875 1112 2667
48 1811 2904
539 817
1989 3120
3356 4072
2769 3731 3849
1392 1749
245 2920 3833
877 1646 2613 2708
491 3800
1558 2220 3082
2078 3425
497 2475 3055 3658
570 2046 2281
1315 4038
241 386 807 2247 3543 4236
166 806 2113 2486 3999 4236 4430
239 2769 3018
3014 4046
358 1904 2555 3966 4130 4237
956 1359 2034
1220 1469 2022 2570
2630 3336
817 918
3079 3583 4327
781 1257 3498
76 3506 3920
147 162 2261
641 2497 3576
1411 1565 3780 3849 4079
2531 3198
1357 1779 3262 4047
918 1961 3224 3566
1432 1582
3651 4148
41 812 1363 2760 3246
421 1029 3498
614 3912
1529 3579
567 710 3476
203 1485 4159
1549 4083
2828 3066
583 1382 2988
297 1005 2610
873 1317 2797
821 3375
2877 3158 4046
2025 2141 3998
1206 2935
1006 1769 2062
274 2395 2924 2970 4160
576 981 3205 3959
1645 3779
28 2489 2514
183 2761 3609
3566 4271
2914 3666 4207
2206 3519
1275 3505 4178 4432
953 2394
1371 2945 3560
174 2404
2356 2741 4363
838 2649
776 1367
460 649 1120 2407
993 3370
1501 1969 3277 4463
1661 3935
1285 3558
501 1318
2382 2594
1421 1886 2238 4397
829 2246
179 1554 1582
484 2011
1286 2711
709 4275
2269 2612
1182 2939 3652
680 3166
2553 2892
3625 4242
1033 2534
1549 2452 2962
500 1763
243 1457 2803
3834 4442
1064 1328 1472 3712
128 3189
3633 4206
1215 1575 3337 3481 3560 3959
1592 3184
1442 2379
3650 3864
1979 3528
1791 4391
2693 3698
329 789 2962
23 315 1805 2376 3934
568 2108 3669
809 930 2573 3437
1676 2111 2461 3481 3591
1518 4305
1237 3987
749 1618 2320 3907
2585 3654
2552 3556
870 2228
300 2404 3761
741 4043
2896 3451
986 3324
127 2043
248 2758 3326
793 866
132 1895 1955 4119
988 3119
257 1560
934 2145 3449 4044
1809 3041 3391 4187
60 210 332 3917 4096
1023 2649
1408 2591
850 3726
106 2073 3292 3701
329 2655 2816 2874 4444
603 1038
849 1285 3847
39 2437
21 1553 2941 4301
237 927 2745
102 140 3929
26 250 968 1472 2843 4028
672 3712
315 2543 3046 3077
369 1237 1501 2767 4120
1018 1481 1609 1876
492 4273
1166 2432
1182 3708 4256
71 1418 1679 2940 3013
1644 1719 1836 2275
719 1776 3177 4318
661 786 839 1548 4018
3242 3986
1865 1994 2113 2958 4359
2600 2636
788 3382 4137
3129 4157
904 1074
3661 4265
752 3188 3783
28 398 2127 2303 2999 3000 4425
4303 4310
153 335 3227
2958 3816
2076 2248 3186
1470 1701 2119 2714 4344
36 774
637 3982
900 3523 3871
1159 2173 2229 2274 3371
258 2450 3448
1804 2919 3236 3328 3558
915 1320 1671 3720
1282 2718 2915
255 3484 4025 4156
1412 1726
2828 3190 3992 4041
2892 3882 4088 4250
1607 4338
1999 3563
2220 3552
377 2172 2732 3169
1578 2107 3616
300 2994
483 629
977 3582
470 3024
899 988 2346 3728
879 946 1275 1292
686 2815 3046
425 3899 4209
3655 4261
1124 1756 1961 2848 2977
1138 1450 2513 3660
1631 4021
1309 1991
1419 1736 2861 4194
2824 2848 3119 3640
1885 2003
81 1337
419 1354 2417
822 4143
769 1944
247 386 665 2664
67 2016
602 1584 2926 3139
1016 1631
765 1873 3108
190 454
1192 1760 3390 3730
474 2908 3805
552 4284
1016 2284 3706 3744
1448 2614
391 731
2211 3028
1437 1582
618 1876 2317 2520 3176 3978
41 1087
1721 2373
1747 3943
1636 2367
994 2612 4406
2600 2626
2592 3915
1477 1571 2833
2196 2692
82 260 826
778 1651 3036
375 2050
98 1370
430 2558
2304 3391 3811
1353 2972
1708 1734 3060 3568 3689 3963
228 565 2290
148 492 2611 3399 3530
305 1968 3134
1176 4010
203 1508 2215 2514 2873
3366 3857
2688 3544
1901 2558 4363
118 457
188 1536
265 2759
482 2821 2862 4307
1450 1986
52 268 4070
3712 4064
711 2280 3873
1714 2083
94 2357 3154
1219 2639 3486
1576 3221
526 1197 2594 3247
643 1405
2552 4060
1178 2904
221 3898
179 386 2734
3319 3624
81 95 1405 1918
449 2251 2674 4326
3674 4432
2603 4311
2478 3096 3426
3626 3724
3423 3872 3977
1557 1963 1992 3676
956 1969 3860
1771 4204
1268 1500 3293 3712 3965
978 3253
3412 3581 4014
292 326 3755
283 473 2125
1308 4456
412 1790 3937
1231 2994 3539
2136 3989
1668 3443
2568 3086 3542
15 521
1876 3542 4218
2866 4166
2858 3463 3623 3948
369 837 1187 2133 2552 2663
1830 1961 3310
1203 2580 2742
589 1575
640 1747 2134 2636
1427 2233 2429 2686 4134
2460 4226
271 437 2204
670 1184 1278
1481 2233
1799 1971 2791 4435
273 1035 1078 1771 3042
2237 2801
3287 4104
225 1875 2670
2056 3078
2492 2774
125 1254 3218
463 510 1415 2839 2972 3963 4327
672 1225 1489 2078
507 3436
1632 2764
514 1914 2534
2821 3248
2932 4164
552 2283 2399 2925
1433 1804 2185 2470 2989
3776 4269 4340
1783 3388
498 2320
734 1460 4001
1495 2045 2113
104 344 619 880
493 2142
761 934 1796 3461
376 1465 3289
2547 3560
847 1740 4133
722 2284
206 1038 3061
617 709 2577
1038 2247
607 3446 3534
2768 4134
1470 2622
2969 3376 3619
572 1981 2544
2032 2935
15 2603
818 2299 3840
3246 3286 4238
1106 2413 3750
1899 3548 4177
319 482
865 1833 1866
703 2163 4270
1021 1118 2553
612 1062 1086
167 964 1403
1918 4215
450 3729
572 4375
2250 3932
640 1708 1836
3146 4308
794 1167 1339
263 276 654 1213 1785
976 1005 1783 2857 3774 4153
1120 1585 2771 2884
5 91 2228 3991
1806 2504 3064 3150
1601 4303
203 1335 1968 3566 3899
979 2298
27 2749
2717 3556
679 865 933 2682
1066 1592 2861 2982
195 1069 3857
477 1484 2866 4201
322 1263 2490
214 1347 2151
599 1006 2090 3017
204 1415 3747 4402
240 2399
278 1401 2943 3313 3755
102 1559
292 1729 1792 2136 2431 2868 3853
663 1855 2146 4347
655 2626 2939
805 1226 1361 2943
1494 4370
1153 2977
885 2997
3062 4253
2734 3231
2272 3730 4146
1017 1930 3847
394 1091 2333
25 3047 4440
2261 3421 3899
1491 1925 4043
2107 2779
503 2766
47 4184
413 2177 2930 3987 4346
1829 1971
79 1021 1149 3805
364 618 1670 3057 3256
243 533 1281 1839
388 2062 3308
46 186 2491 2591 2677 4341
992 2329 3476 3658
3898 4307
2696 4430
2049 2224 4389
664 4155
1632 2110 2201 2445 3028 3081 4051 4160
1500 1625 3077 3666
1364 2834 3643
1485 2718
1577 1940 2281
956 1734 2153
2761 2968 3347 3624 4432
940 3325
583 3047 3101 3160
2473 4005
460 1320 1330 3498
1032 1812 2607
479 683 2170 2964 3900
837 3689 4165
1128 2686
290 1569 2858
855 1474 3717
1884 2174 3912
953 2106 2336 2508
1919 2533
921 1357
325 1460
1030 2275
1360 2037 2656
1888 4021
744 2312 2848 3164
3564 3847
3157 3206
105 1625 2176 2555 3504 4075 4268
232 4001
1969 2299 3625
2203 3119
3230 3825
295 2807 4230
1988 2524
1450 2974
3400 3662
534 4096
626 2285
1784 1860 4206
781 992 4199
914 2848
519 816 1022 3649
3097 3577 3971
453 2669 3378 4253
2805 4329
898 2321 3197 4435
302 3340
468 1027 1861 2076 3035
1473 3171 4130 4227
3499 4388
596 887 2244
3316 3525
1169 1358 2765
763 3791
4 135 424 2495 4173
98 404 1023 3746
2120 2974 3033
8 1525 3117
32 3467
1543 2760 2933
254 473 3241
450 691 2598 3405
716 1117 4070 4135
904 2210 3788
290 4197
2770 4443
1528 1972 2674 2815 3858
2025 3674
284 2622 3008 3155 3413
437 599 1466 2126
1557 3301
215 1308 1424 2976 4309
1851 2354
241 2286 3292 3960 4408
620 1108 1463 2839 3184 3374
148 3849
634 2269
2710 3317
2397 3316
118 848 1664
238 1937
436 622 1500
1014 2983 3012 3190
137 917 2003 4235
72 293 2778 3421
583 3683 4076
2864 4159
394 2108 3653
3543 3615 3676
4275 4441
3543 3795
130 3127
1641 4448
473 1038 1151
1444 3168 3885
399 1054 1767 2299 3530
423 636
2207 3597 3956
3305 3533 4254 4352
1110 1414 3124 4132
2670 3298
3112 3670
1936 4347
1145 2210 2260 4222
324 1072 2514 2851 4147
1943 2036 2132 2593 2822
1310 3009 3090
655 1436
2849 3202 4092
3 2179
2590 2728 2873 3438
486 2346 2469 2615
838 1274 1658 3423 4393
376 664
996 1191 3069
1719 2707 2729
2018 3485
1025 1250 2357 3344 4377
3162 3196 3823 4095
6 2195 2585 3798
2578 4192
232 1357 1964 3521 3636 4224
239 457 649 1900
873 2512 2533 3504 4189
30 3484
1548 1623
1948 3451 4373
366 436 2545 4373
152 3988
898 2300 2565 3964
1119 2202 2780 3255 3361
2608 2667
21 2337 2443
3211 3328
629 1838
1048 1902 2352 3079 3715
1030 1900 3340
1767 2720 3212 3429
1575 2970 3617
88 1159 3799 3934
3286 3744
1042 3292
656 4444
161 834 4345
508 973 1472 2932 4310
1376 1795 2813 3810
252 707 1319 1337 3355
1088 2593
1781 2241 3990 4091
332 2265
779 3754
815 2431
1334 2034 2682 4153
610 2696 2722 3042 4445
1718 3472
476 4008 4366
1144 1196 1427 3156 4059
579 979 1333 2033 2702
415 4156
1318 3249
8 1342 2037 3352
1839 2004 2992 3100
2426 2544 2743 3288 4292
3229 3770
364 1200 3059
115 3451 3626
53 1875
416 824 3852
312 539 2667 3234
1661 2380 3120 3396 3933
234 495 2432 3043 3990 4223
483 1170
595 1671
715 1694 2218 3698 4439
16 779 3309
4205 4439
384 554 996
9 2497 2846 3122 3995 4196
531 1026 1288
1525 2442 2991
653 2801 3133 4207
2501 2914
2108 2860 3191
2539 3257
192 651 702 1598 2543 3193 3348 3564
1984 2473 2740 3696
570 1414 1908 3169
3511 3902 4366
20 1175 1459 1541
798 2123
50 1056 1528 2306 2337
3351 3396 4463
1522 2236 2781 3952
2110 2704 3340
810 2454 3226
2227 2548 3868
39 336 3168
635 2709 2764
316 3076
3461 3532
952 2768 4426
1699 3879
3193 4234
917 2036
624 1823 2995
296 3586 4105
1794 3053
33 4320
480 639 1390 1730 2244
258 1363
3 661 1082 4035
9 136
22 332 2931 4413
642 2992
2732 3188
305 384 3071 3093
2357 3675
3073 3197 3379 3985 4011
242 741 897 2821
479 1187
3612 3812
350 2506
1915 3394 3455
475 3813
679 1488 2544 3914
576 2626 2760
169 2427
1210 2798 2845 2922 3160
2351 4026
3263 4464
403 784 2214
538 706
1313 2115 2704 3702
1562 4286 4304
1119 1372 3528
692 2428 4364
370 1400 3007 3236 3550 4229
1758 3914 4079
640 2590 3569
2998 3673
28 3927
217 2668
312 1830 1989 4022 4423
3334 3435 4261
3804 4442
858 1246 3745
1046 1143 2338 3551
336 857 3667
830 2881
2917 3811
889 2276 2713
824 3202
904 1706 1965 2600
798 2837
213 3810
2933 3300
544 2290 2836 4284
1895 4228
4263 4269
2878 3853
364 1752
547 988 2725
2886 3300
57 1874 1969 2137
679 1679 2468 3592
1465 3203 4027
1849 3627
1149 3816
1222 3181 3927
872 3656
1725 1776 3118 3785
1327 2259 2920
2168 2212
256 819 1578 2845 2864
819 3158
54 433 2157
33 1629 3869
531 1700
1361 1489 3502
484 1521 4151
552 2299 3966
1135 1747 3392 3574 3650
2680 3341
408 655 1401 2474
191 1299 2421 3758
660 1979 2892 3239
2397 2411 3378 4438
580 1456 3967
2255 2888
205 1469
1005 2121 3386
486 761 1596 2820 3954
355 1917 2888 3970 4110
407 4148
3467 3660 4200
2068 3838
395 731
1787 2580
2236 2377 4079
1278 1328
1137 4200
3040 3219
573 1960 4127
2382 2475
2358 2400
2910 4059
1246 2068
1960 3055 4093
2195 2974
3496 3708 3974
555 1874 2737 3298 4116
2834 3720 3847 4100 4121
461 1062 1227 3970
689 947 1466 1540 1883 3407
1589 2232 3929 4061
755 1699 1936 3904 3946 4194
72 2173 2531 4235
3212 3544 3795
642 2501 3979
1581 2814
685 1289
416 2123 3480 4441
274 1924 2500 2614 4190
1849 2019
1557 3191
1854 3949
547 1661 1997 2229 3175
74 290 757 1116 1869 2248 2851 4147
333 828 2527 4088
827 1777 3086 3915
287 1775 2018 2229 3405 3576
111 2380 2404 3406 3943 3966
243 707 3488
1526 1712 3986
628 984
1207 3403 4205
1339 1438 3773 4121
29 720 1103 1639 4364
115 1584 3342
771 2670 3550 4354
472 1663 3117 3469 3491 4429
1561 4169
804 820 3778
1723 4128 4269
1214 1358 3003 4204
152 2185 4464
1730 2268 3063 4408
171 395 3483
1107 3782 3863
348 634 3058
2500 2967
1860 2149 2449 3204
178 1144 1805 1814 2026 3087 4143
792 838
1558 1991 2057 3643 4433
1714 3668 4155
3565 4431
750 3558
1159 1189
1269 2222
1454 2315 2433 3156 3974
136 1846 2486 2942
732 2502 2667
1580 1797 2380 3191 3881 4281
1992 3040 3868
1814 2011 2326
337 726 1369 1888 3245 4195
1205 2737
1149 1828
300 1011 2995 3312 4385
130 2457
1910 3850
634 1408 3058 3755
283 474 3754
579 1563
710 3522 4060
285 1347 2082 2911 4217
7 2723 3240
307 1040 1358 1594 2797
651 2754 3760
288 2228
671 1514 1571 3929 3934
2519 2538 3622
752 1027
698 2287 3296 3533
1591 1707 3423
1691 4227
2988 3760 3833
453 879
1173 4047 4389
1095 1556 2846 3615
2339 4069
1045 1303 3219
32 925 1485 4227
419 3451
1092 2323 3844
108 240 2992
125 230
1567 1947 2732
942 3182 4337 4340
4165 4213
15 1764 2557 3255 3616
493 630 2409
1632 3682
2771 2918 4317
1580 3134 4381
276 3613
1074 3893
501 1913 4009
31 1219 1743
143 3872
3040 3292 3825
947 1869
505 844 4450
286 1190
781 2328 4450
1858 2033 2339 2767 4425
219 1722 4082
2817 2916 3905
453 1046 3434
2557 3500
338 1228 1922 2208
467 3104 3612 3928 3974
4011 4197
516 4114
606 1909
412 1842 1962 2827 3589 4372
252 1599 3310
2797 3963
1978 2935 3975 4267
2549 3561 4145
431 771
3898 4121
1821 2462
35 258
122 1739
481 2364 2727 2909
2609 2827 3174 3344 4128
1198 1716 2613 2798
2118 2280 2621 2687
2703 3030
3953 4279
1197 3266 4257
393 3763
583 774 1963
2442 2546
385 1761 3570
170 349 595 3809
514 4230
505 606 3493
1322 2563 3756
2041 2298 3108 3559 3652
891 910 2401 3899
1324 1676 2101
2377 2910
452 2594
248 904
398 1868
1789 2764 4277
329 385 2554
750 1011 2539 3219
949 1894 3297
101 282
1100 1872 1924 1990
999 3141
789 1219 3694 4089
251 840 1162 2163
1585 3864
1948 3162
414 1114 2530 3180
1601 3223
270 955 2492 3691
437 2408 2781
1220 3423
1003 1191 2686
2452 2874 4251
2744 2932
2783 4462
2343 2616 3411 3949
761 2112 4081 4358
827 3322 3426 4068
3270 3547 4010
663 832 4455
1460 3671 4386
1789 2505 3325
370 1612
355 583 938
2373 2568 3829 4307
1455 2489
1742 2363 3621 4346
87 1344
120 468 1225 2784
2492 2494
496 1992 2803 4251
385 1102
1394 3001
1119 1546 1615 2480
159 2373 2564 3169
394 632 2079
412 1788 1945 3127 3527
892 3045 4400
259 876 3223 3378 3813
939 2420
1238 1646 1688
1014 1502
2790 4382
866 1513 3583
394 2801
296 646
148 1240 2911 3819 4192
122 1111 3053 3924 4010
3102 3538
717 1915 3228
1267 3039 3949 4433
78 571 4449
3436 3650
1325 4353
1741 3438 3735 3879
400 2571
4051 4097
8 1158 1953
2393 3026 4345
847 2942 3429
253 779 2625 3277 4344
190 3673 4143
1045 2124 3859 4044 4086
319 647 1216 1785 4043
1906 4409
1842 2055 2943
1732 2298 3898
979 1419 1689
36 2172 2476
812 4005
547 2563 2630
802 3359
258 3118 3795 3881 4167 4168
3365 4225
397 1683 2534
2301 2630 4063 4410
806 1066 1445 2050
1280 1362
2515 2536
3363 3718
156 1689
3676 4217
2824 3980 4175
471 1864
1524 2481
184 3895 4110
2467 2609 2972 4005 4035
148 2710
642 2587
250 730 1758 2970
168 1821 2122 3170
3117 3169 3450
2474 3486 4396
703 2758 3771
531 2048 3444
2242 2822
299 793 1995 2013 3314 3954
561 1455 2455 3200 3857
2458 2738
1126 1240
386 2450
380 1394
143 1426 1470
1432 2372 2405 3288
670 2390
550 2322 3216 4042
898 2059 2849
651 2329 3590
1247 1449 3738
1078 3289
774 1294 1874 1917 3735
287 1321
1359 1542
494 1191
3112 4083 4153
475 1994
292 974 1420 2719 3991
787 1025 1417 2653
100 3234
317 433 3467 3980
1806 1922
66 3334
2607 3188
1515 1582 2424 2977 3618 3934 4175
560 704 842 2150 4115
94 3360
820 3551
38 2179 4053 4333 4456
764 1778
628 1758 2683 3585
3455 3982
615 3261
1085 2167
2122 2533
1760 1784 3579 4169
363 1269 4160
733 2354 2711 3961 4425
607 820 948 2413 2731 4174 4209
171 952 1316 1791 3913
395 3496 4028
3297 3417
2375 3432
1288 1994 2507 3450
1163 1213 1471 2785 3900
2783 3051 4164
909 1299 2234 3712
844 3208 3438
640 1268
241 581 605 2715 3330 3674 3752
280 1480 3796
1069 1288
518 1526 1735 2915 2969
90 2961
933 1163
446 2954 3042 4225
2148 3511
882 2407 2596 3774
120 3469 3580
808 823 1187 2696 3807
1611 1748 2040
989 2422 2614 3035
3782 4007
1069 2153 2549 2624
1526 2197 2277
810 967
1806 1945 2500
263 536 2816
3232 3242
412 1347
2332 2892 3420 4035
1562 3471
544 4133
1504 2249
1954 2264 3987 4163
1457 1918 2322 3212
772 1377 2319
1977 2333 3676 3693 4126
1002 3824
742 1904
1226 1845 2607 4135
206 505 1836
375 547 823 3472
256 1107 3543
216 1798 3304 3548
3394 3833
2143 3021 3228
1021 1346 1649 2119 3005
702 1607 1647
2461 2681 3725
3194 4375
1609 1906 4206
497 1303 2661 2745 2832 3596
390 784 3047
570 3056
3218 4073
454 2110 2709
829 1426 2719 4169
1588 4108
299 3427
574 2358
315 956 3630
936 1428
2403 2510 3521 3606
2096 3374 3512
531 4425
357 1235 1323 3756
1774 2035
1285 3761 4178
26 1709 3232
360 2168 3055
108 754 1016 1995 2173
1596 1670 3684 3840
982 3687 4084
2239 2591 4314
469 625 2666
682 2810 4225
80 217
360 575 1750 2206 2365
536 1940 2118 3690
761 3063 3463
521 925 3280 4070 4347
1123 1758 3327
3837 3893
2424 2854 3769
2360 2609
964 2290 2317 3773
603 2264 2399
2678 3730 4396
1102 3854
2257 2531 2679
317 1592
2167 3516
1423 1727 2264
1437 1671 2731
414 571 2817 3050
1662 1953 2648 4100
1272 2668 3650 3866
1049 2587
2318 2540
2506 3797
2076 3130
1755 2473 4292
2878 3583 3842
1362 3471
2222 3192
348 1741 3007 3819 4086
388 739 4061
1723 2341
2046 4088 4156
620 2548 2738 2820 3481
2288 3796
1618 1885 1905 4060 4273 4329
1952 2798 4185
251 3306
1610 3218
2983 3431
713 1433 1928
656 1350
121 2914 3077 3154
705 2446 2577 3978 4278
1174 3878
1063 2763 3412 4464
2303 3280
1394 2988
103 1750 2791 3413
2250 3769
3482 4169 4276
1539 2111 3912
2769 2807
1167 1315 2317 3036
768 1213 1641 1768 2553 3495 3828
969 2559
25 1649
1611 2421 2431 2873 2886
1664 1708
3062 3799 4075
272 2846 3772
350 395
545 1692 3632 3902 4218
988 1152
520 1312
325 2495
762 868 2014
2188 2275
2980 4406
1081 2454 2473 2963
2047 2940 3050
434 824 4448
1517 3612 3939
2343 2700 2744 3846
608 2048
921 1546 1900 2959
1940 3119
731 2647 3280
551 1182 2153 3212 4393
1083 2299 2304 4430
1073 1451 3151 3223 3807 4419
250 1382 1608 3318 3859
86 938 4166
816 2647 3243 3965
730 1372
1282 2789 3265
1081 2606 3332
1026 3706
447 3041
1518 1680 4177
127 262 730
666 807 927
404 844 2118
1199 3561
977 2370 2855 3918
853 1683 1733
1914 3372
296 1666 3599 3796
472 1655 1973 4362
2354 3259 3985
179 903 1085 1418 2047 2880 4145
2608 2685 4215
215 1918 4233
1769 2128 2916
350 4172
189 1159 1876 2831 3147
1215 2113 2288
1321 2411 3472 4166
178 3882
506 3020 3908 4225
1551 4219
133 1365 2556 3453 3639
38 2425 2582 4037
447 1705 2136
1164 2154
597 2767 3095
1564 2103
503 708 3256
494 2699 3673
2535 3408
663 2386 2498
1068 1838 1904 2120 4002
893 2558
556 3805
139 986 1560 3058
321 879 1532 1633
526 1650 2804 3476 4296
813 2778 3408 3762 4249
1237 4391
853 1569 2127 3076 3151 3172
1810 2950 3090
1408 2884 2952
29 513 954 2428
1719 2851
1479 1886 2551 2942
1307 1812
702 1049 1910 3811
2747 4121
3560 3903
1079 2841
50 2995
3549 4245
847 1952
1709 2596 3943
820 4410
141 3624
485 2054 2327 3162
551 957 2442 3490
1419 2287 2292
718 2720 3864 4272
632 1290 2779
2202 3288 4041
667 1625 2710 3248
1171 1744 3293
1013 2612 2722 3269 3399 3723 4368
175 1651 2992
3216 3274 3638 4427
887 2325
539 1010 2288 2893 3892 3909
1938 3122 3658
1302 1731 4314
2751 3845
3119 3211 4069
326 3739 4140
995 2698 4003
650 1275 1379
390 1819 2063
869 3044 3858
1489 3105 3902
2559 2997
463 2162 2960
193 2399 3277 3894 4461
2971 3083
2103 2167
993 2805
1136 2360
2251 3145
569 1597 1998 2365 3479 3949
2739 4022
147 2106 3581
268 1896 2043
223 2565
1105 1792 2739 3010
610 1351 1555 1774
2789 3265 4210
2822 2994 3813 4308 4451
2162 3305
483 1890 2473
798 3258 3776 4345
721 1264 1601 2600
666 825 1434 3694 4089
1913 2046
2622 4093
1711 2014 2259 2715
1963 2044 2247 2676 3764 3766
202 257 1272 2618
705 1325 1849 1964 2424 2577
1599 2493
966 1893 4199
281 1285 3404 4035
2037 2403 4159 4227
839 1537
26 740 1496 2789 3515
1860 3450 3532
165 3365
332 1450 1873 2457 3528
2693 3773
1588 2755 4436
1437 2286 3758
375 2064
2290 4437
1979 2223
977 4054 4201
1644 2652 2894 3347 4240 4341
2075 2576 3660
2081 2936 4325
224 448 3873
1077 3837 4241
477 1710 3609
2074 2731
169 1633 1963 2311
161 920 1004
2068 3035 3400 3816
108 1155 1703 1983 2641 3221 4153
680 827 936 1577 2497
944 1655
3417 3906
2953 3158 4081
782 2485
1330 1778
514 985 3559
96 3133 3157 3195 3529
355 2562
641 646 2398 2608 3783 4362
1542 2565 3079 3293 3406 3841
80 2563 4096
2037 2556
2335 3488 3681
1367 3438
1180 3108 4007 4369
2444 2591
2617 2715 4097 4155
2023 3457
2056 2912 4148
584 852 4167
2180 2631 2985 3160
171 982
3841 4018
88 2205 3849
53 598 738 1920
742 2113
768 1285 2053 2217
224 555 3570
452 2696 3620
90 2703 3518
564 1985 2151
4181 4402
1068 1819 2030
87 425 3595
735 3599 4403
3081 3868
2163 2749 4272
1944 3718
379 2322 2357 3241 3455
1781 2105
200 2206 2283 2475 2700
1796 4188
474 2981
2941 2944
54 575 2458 3558
1916 1948 3023 4069
2490 4141
561 829 1763 2357
1145 3044 4032
3819 4130 4259
2678 4410
314 345 968 2738
3204 4231 4314
391 1880
682 1611 2976
1694 1762 2919
2619 3064
3734 4402
468 2029 2079 3848
482 586 948 2235
2953 4240
501 1000 1433
899 2262 2472 3554
8 2579 3394
1581 3355
3313 4324
1442 2550 2840 3286
2281 3085
951 1157 1168 2125 3984
1607 3482
1478 2025 2426 3980 4314
2647 3743 4374
224 2187
132 521
776 1632 2749 3721
26 1407 1739 4046
2969 3321
1434 1546 2319 3248
2274 4403
689 729 1613 3421
293 329 993 1526 2157 3107
564 1577
1418 2988 4233 4251
1482 2215 3604 3957 4458
101 421
618 1829 2009 2876 3439
379 3259 4163
349 2138
746 2208 3948
179 3944
801 1184 2044 2462 3825
66 997
103 356 1399 2351 2917
912 1668 2601
1706 2130 2817 3323 4075
31 732 1588 1643 2959 3285
1242 2536 3638 4315
511 2137 2756 2930 4184
328 1836 2548
1128 4269
1965 3192
185 2057
335 970 1047 1125 1129 4119
1083 1303
1006 2253 3079 3405 3411
483 2700 2803 4339
264 966
111 2687 3820
1393 3015 3086
626 658 1271 1898 4201
200 1121 2418
722 942 2461
57 2884 3566
15 615 2039 2523
1103 2362
1852 3779
575 835 2804 3267 3982
2126 2719
2027 4194 4272
927 3097 4200
1106 2504 3188 3591
2891 4126
1669 2155
2226 4193
138 2265
227 1979 4047
2556 3182
717 1028 2089
448 2806 4382
1856 2341 2355 2650 3670 3949
767 988 2313 3485 4027 4144
2349 3371
1963 4095
25 555 2668
415 2601
1707 3901
1681 2027 2956 3847 4207 4381
3357 3561 4035
2660 4276
1983 2288 2657
270 368
81 2189 2442 2666
126 983 1384 2118 3864
363 619 844
502 1693 4281
583 3728
274 1347 1866 3307
1952 2626
1065 1549 1782 2290 2597 3834
1754 1884 2970 3118 3547
944 1339 1895 4306
2468 2626
2722 2762 3002 3066 3635
2066 4273 4462
1037 2968
442 638
2512 3058 3715
384 4001
1244 2098
739 1319 1758 3294
1871 4062
3023 3286
1095 1390 2355
1298 2351 3305
1684 2864 3228 4447
1414 1507 3513 4223
3688 4379
879 2799 2842 3108 4101
521 526 3086 3518
641 1121 1590 2490 2734 3439
298 745 2340 2912
407 1670 4068
1475 2472 4029
2065 3261 3755
2307 2942
988 3317
366 2718 3963
283 1032 2603
2236 4296
153 1361 1492 1585 3065
961 1407 4097 4375
1613 2335 2536
37 2466
533 1160
2110 4394
3252 4163
364 2445 3239 3286 4318
791 4420
1372 2660 3146
201 1732 2284
2999 3516
1361 4335
996 1264 2054 2275 3775 4452
133 921 3159
336 1276 3738 4353
913 2795 4414
252 1995 3838
1635 4269
824 3410 4068
488 2152 2924 3000 3605
30 2390 2399
3002 3663
2 572
1267 2424
3609 4152 4178
529 1004 3621
741 1457 2741 3773
1661 2019
2456 3200
970 1383 1975 2754 2829 3463
1302 1973
47 167 1828
381 731 2029
279 3152
3738 3810
154 4044 4394
687 4209
1279 1728 2380 2695 3467
656 1277 2044
1376 1905 1923
827 2834
353 1985 4262
485 3347
100 1862 2813 3687
834 2273 2724 3731
2265 3322
559 1087 1282 3868
1360 1599 2656 2921 3513
327 2839 3002
2642 3854 4078 4353
409 593
43 3585 3778 3931
1621 2461 2567 4416
1108 3783 4155
66 2707
56 711 1070 2625
334 422 1115 3415 3450 4324
1674 2457 3401 3692
196 758 1476 1512 1793 3696 3767
1779 3497
3217 4361 4375
1035 1277
2506 3277 3448 4419
1632 3257
1716 1741 1809
65 1501 3795 4119
343 1283 3828
1490 2878
1530 1720 3205
1145 2187 2406 3098
1537 3607 4037 4081
486 1369
232 3343 4299
250 1906 2841
1292 2144 3327
115 2454 2989
1206 2967 3345 4357
760 957 3069
3137 3452 4204
187 1166 2267
1966 3519 3528
175 2802 4223 4414
447 3124
3119 3488 4205
1015 1205 1209
1205 3089 3161 3278
486 2416
1169 1561 2027 2555 3629
950 2227 2839 4327
1154 1224
286 3644
1897 2448
3774 4410
1835 2107 3643 4042 4208
304 1457
2575 3054 3828
96 555 670
174 512 785 1677 2406 4339
2259 4159
448 3329
1565 3783
58 1921 2604
1302 3667 4394
1582 1986 2456 2776 3874
1818 1882 2529
1043 3499 4447
2135 2785 2891 3900
1372 2390
544 1226 1363 1942 3192
1051 2531 4451
883 2163 2597 3042
2062 4420
3349 3597
2595 4231
958 2357
55 953
1326 1586 2127 3023 3974
262 1976 3674
66 2177 4036
2167 2558 4393
1768 3917
334 418 1584
484 1408 1968
1160 3532
1302 1660 3146
986 1264 3348
717 963 1133 1767 3206
173 644
216 252
1289 2660
129 318 1153 1981 2114 2157
1846 3026 3060 3602
376 1828 2674 3408
1376 3083
945 1957 4345
932 2058 4173
908 1864 3125
283 336 1445 1914 2786 4015
1218 2717
24 264
677 1347
1929 4164
2714 3322
416 1317 3172 4090
249 431
1886 2288
1138 1350
451 3791 4458
3058 4218
396 2525
113 839 3678
693 1213 1319 1589 2637
1360 2540 3025
60 1844
1491 1909 3441 3543
360 533
1485 1873
2121 2655 3397 3417 3965 4375
756 4202
902 1880 1942 2285 3289
2160 4131
628 1644
1756 3391 3664
1752 4057 4066
1611 2320
295 540 596 1574
3117 3364 4270
645 1523 2757 3559
306 809 3637 3956
2747 4206
1843 2417 3107
1830 1883
567 735 3904
457 2718
87 1166 1802 2356 4208
1071 2230
1202 3592 3623
2224 2615
649 1552 1891 3541
42 3524 3577 4452
885 3101 4266 4331
1828 3889
931 2954 3226
188 1875
1607 4354
593 892 2211 4200
1139 2270 4029
1198 1628 2341 2896
2242 2686 3907
133 1189 2218 3065
331 2202
1549 3555
629 3923 3989
1267 2016 2827
1408 3217
170 1061 1309 1328 3132
514 3323
521 712 1400 2328 3760 4440
1654 3589
364 492 3581 3597
452 1683 3420 4211
1824 4182
8 4040 4280
1579 2751
661 3197 3251 3667
518 1362 1818 3268 4254
773 1095 1241 1584 3524
552 1042 1509 2324 2817
387 2036 2405 2544 3032 4007
2822 3792
3607 4404
1006 1163
841 2822 3310
668 2550
281 1178
2630 3204 3814
12 1141 2043 3118 3490
1486 2179 2761 3202
1954 2436 2504 3354 3427
2766 3255 4053
1660 3346
441 1235 1673 2038 3958
1803 3872 3961
2613 3762
983 3026
604 2389 4151
1032 2233 2299 2649 3134 3403
508 1144
3408 4247
1084 2142
545 1352
194 1151 2064 2712 4006 4235
670 2071 4412
3062 4020
1346 1858 1934
1847 1911 3818 4117
179 964 2491
807 1118 1323 1674 4282
438 561 1947 2358 3361 3493 3656
285 1596 3562
400 1737
537 3080 3112
1450 2195 4397
1608 3319
3880 4074
3078 3173 3301 4298
558 1655 3024 4305
2032 2176 3265
74 3599
1490 2964 2982
1225 2785 4007
2409 3907 4342
1792 2990
493 551 4379
1991 2484
177 893 1741 2116 2707 3962 4003
636 1117 2019 4413
1270 2509 3683 3897
601 2486 3868
181 1627 4235
459 2126 2127 2389 2503 2746 3290 4177
534 1758 2217 3430 3441
2765 2783 3370
23 778 2185 4011 4174 4422
2554 3671
1318 2062 3407
1192 2410
2829 3426 3709
1070 3185 3226 4269 4455
1561 2391 2655 2686
3644 4105
1804 3504
655 2755
508 644 1663 2664 3608
1160 2896 3539
301 1285 1586 2017 3190
1334 2732
91 871 3918
569 1891
1281 2572
2096 2998
1706 2048 3177
289 1683 3286
1879 2539 4196
3513 3771 4003
79 1010
468 4035
354 650 799 2343 2916
1845 3767 3994
815 1789 2861 3463 3972
2404 4176
1984 2030 3906
1328 1566 1768
3042 3153
399 2369 3680 3927 4161 4330
1085 1515 2090 2448 3330
1045 2603
1602 1993
1572 3095
1495 3545
2830 2883 4062
43 2925 3047 3581
246 405 3794
911 1018 1460 1801 2997
2110 2211 2700
1168 4016
1129 2170
1442 3099 3342 3426
1846 2048 2776 4355
403 2250 3934
162 1486 4444
186 1220 4335
347 861 2951 3842 3850
577 2935
3261 3488
1065 2575 2720 3903 4150
420 1906 3724
102 487 982
1102 2799
293 699 1198
1404 3259
91 944 3155 3331 3623
1150 2879
1654 2157 2506
170 386 3975
346 737 976 4315
323 1907 2188
1050 2112 3107
1699 2345 2566
350 820 876
1567 1988 4177
1419 1571 2816 3751
881 3769
6 1735 1838 4008
1538 3052 3319 3759
679 1355 3866 4304
1124 1384
1160 3542
348 1136 1268 1363 1485 2884
1231 4111
801 2013 2101 2763
1971 4375
58 1365
982 1837 2610
1064 2145 3654 3795
728 1142
518 3688
2951 3427 3496 4254
17 56
3841 3914 4445
1433 2523 4104
321 2405 2871 3519
717 1800 2385 2539 4260
223 1349 1539 2362 2574 3340
240 1594
80 969
3251 3597
2510 3230 3272 4067
1819 2672 4029
1794 3012
154 3623
1781 2769
1791 2636 3015 3931
732 1127 3023 3594
1745 2211 2949 3613
580 2198
1152 3229 3865
3985 3989
261 2011
730 2436
1748 2422 4412
1073 2523 4170
2438 3463
121 143 4315
2725 3183
2844 3425 3972
470 1218 1575 2676
610 652 871
1011 1254 3200 3236
1967 2437 2935 4153
1313 1731 2332 2519
797 2719 4452
446 2431 3436
2421 2840 3298 4362
1032 2002
212 636 2940
303 3918
1350 4286
161 1657 2013 2786
4 3905 3988
411 2727
3004 4009
186 1527 3638
783 819 1035
846 2264 3086
1011 2501 3085
687 4263
3011 4021
91 315 2661 2940
939 3608 4009
1858 2703 2911
2689 3501
74 3005 4140
902 2576 3827
1782 2320 2815
1969 2538
470 2426 3330 3954
632 827 3391
2802 4361
876 1803 2184 2346 2805 2836 3708
1589 3410 3924 4386
836 1528 2357 2942
2972 3213
1886 2678
1219 2298 2637 2696
1198 1715 2536 3079 3450 3775 4067
1499 2124 2957
1690 4457
1985 3111
2844 3594 4018
4266 4325
2511 3838 3934
1270 4339
311 1639 3261
988 2166 2775
1921 2816
1056 2266 3597 3673
262 424 1132 1265 4400
353 1484 1581 2157 3175
274 449 1897
918 3736 3962
2337 2582
1782 2302 2845 3494
597 1510 2627 3287
1716 2440 3216
1268 3276
1490 1765 2589 3387
1585 3765
1149 1819 2436 2656 3473
3642 3820 4365
824 1163 2261 3584 4366
1834 2897
636 3316
1478 3710 4215
860 2480 3318
1305 4044
562 924 2341
1397 4302
476 1548 1849 2681 3391
846 1947 2192 2501
481 1322
1691 3206 3433
3306 3794
2324 3379
385 4356
2025 4259
1866 2782
2486 3485 3652 4196
1188 2226 3490 3505
1299 1442
1264 1275 4067
262 1861 3771
539 2735
1115 1300 3931 4354
959 3180
830 854
264 840
119 3056 3828
2724 2753
129 1119 1548 1572
281 1608 2331 2498
620 1953 3068
758 3650 4192
1458 3493
2525 3386
1315 1473 2216 3433
324 2088
476 876 3112
79 986 1140 1815 3765 4096
330 768
1123 2128 2490 3250 3464
1104 2219 2359
204 730 1581 3881 4036
2003 2986 4030 4445
2769 3872
2888 3341 4167
800 879 1824 3993
1640 3197 3963
1103 1280
2608 2736
2385 3796
853 2143 3987
108 2604 2690
3170 3204
1273 1549
1424 1741 1856
980 1032
855 3195
710 3778 3966
652 2557 3525
1904 3293
1942 2591
392 2473 3443
220 1105 3711
1909 2321
210 1534 3599
1171 3151
72 107 1676 1746
3159 3368
299 2768 3350
904 2196 2633 3219
304 882 2796 3315 4034
675 2059
614 2846
600 1893
1305 3978
2688 3717 3862
1724 1806
970 3707 3990
31 521 857 3219
3085 3437 3630
93 1810 2329 3218
2730 4358
219 501 3563 4143
1 2904 3427 3465 3933
2720 4400
1285 1473
331 787 1698 2204 2689
602 4021
2784 3236 3978 4166
2415 2467 2536
399 3157 4313 4447
66 913 1829 3893
3772 3784 3946 4162
1227 1940 4271
1980 3012 4257
543 680
1503 1730
1205 2499 3182 4427
1015 2122 2231
605 923 1970 3536
424 3505
704 3662
1009 2186 4276
437 705 3433 4264 4424
516 545 3967 4463
274 802 4039
1228 2837 3165 3702 3921
689 2471 3081
979 1641 1799 4135
54 1399 1532 4087 4197
871 974 2774
1575 1892 2651 3286 4150
220 1860
447 1652 2401 2701 3029 3272
61 3438
1010 1678 2375 3724
2732 3810
906 2225 2342 3529
3035 3503
3199 3297
2668 3651 4063
94 2233
1416 3776 4287
1238 1565 1860 4098
230 1921 3541
1045 2270 3073
150 554 1782 2643
156 3307
2048 3320 3649
484 790 1189 3188
1467 2481 2549 4016
241 2132
2308 3757 4329
2746 4328
1287 3207 3688
695 4338
352 1844
1206 1887 2518 2566 3822
3352 3601 3964 4387
373 3536
1114 1315
742 2401 2473
1790 2908 2949 2991 3035
1332 2148
189 2397 2579 3274 4166
677 1997 2637
849 1406 1569 3703
404 3157 3915
1030 1432 3586 4001
2851 4131
1445 2410 2537
2405 3239
2160 3829
2638 3184 3851
1228 3793
680 1143 4384
806 2524 3994
1100 1391
519 1937
187 1570 2821
1519 1649 3246 3314
1174 1380 4436
1254 2475
2238 2722
265 998
2992 3617
251 4364
2572 2855
1049 2786
731 3222
3570 3678
1327 3406 3922
348 3132
1520 2317 3156
951 2205 2761 3483
1639 2559
732 1529 2365 2790 3186
572 3083 3449
168 1657 3090 3110 3419 4357
299 2439
2864 3976
2935 3727
262 3005 3835
1073 2540
1564 2436
302 2245 4059
602 607 1444 3800
1799 1960
1854 4127
756 2982
977 2509
2545 2943 3631
666 789 2651 3012
1506 2381 3809 4379
878 1303
1321 2879
1484 3980
1165 4127
263 3205 3935
1444 3290
683 3260 3781 4113
1006 1960 3743
2180 3064 3266 3591 3702 3703
961 2240 2323
1131 1150 2965
223 1973 2322 2468
265 1661 1837 1915 2942
179 782 830 1857 2618
860 1705 4118
1203 1930 2510
2048 2338 2380 2484 3462
1265 1881 2594
324 973 2989
453 1855 3962
1241 2895 3671
1298 4192
1465 2552 3802
641 1495
333 968 1863 2327 2923
321 423 4255
3455 3686
2685 4037
2329 3471
1170 4037
1367 3126 3701 4088
1915 1978 2312 2889 4124
129 3110 3583 4159
281 1831
994 3688 4122
994 1861 2411 2510
1307 2610 3166 3349 3472
795 3730
1303 1900 2324 4016
1233 1784 2693 3216
1631 3580
1636 1818 2432
2307 3050
1499 2050 2254 3290
761 852 2710 2736 3534
1407 1730
1902 3854
561 866 4247
1845 3412
2522 4086
523 1436 2580 3542
427 1559 2884 2907
2007 2111
1080 3290 4459
817 1843 2819
706 1210 1472
772 1216
1145 2307
854 2873 3330 3855
487 1393 2534 3309
2413 3407 4347
517 2116 2206
795 3954
1533 2186 2294
2366 2951
2935 4385
3116 3894
1528 1670 4440
982 1586 4087 4196 4374 4414 4450
1689 3004
464 1287
708 1952 2912 2932 2966 3697
706 1112 1469 3474
1247 1543 2088
1184 3029 3524
2275 2493 3694
91 1119 1983
2831 3292
2458 4216
571 2328 4104
765 2511 2995 4284
896 3519
774 2268 3654
642 3123 4193
160 2193 3606
612 1369 1879 2020 2677
139 1385 4036
1722 3849
1836 3468
698 2234 3376 3812
1898 3564
196 1951
2317 2460 2916 4269
2221 2817
1595 2707 3638
159 840 1193 2081
67 3088
2376 2986
402 646 1280 2557 2634 2689
209 247 3963 4130
2001 2174 4361
260 1755 2654 2704
19 1027 1196 1228 2315
233 4261 4299
800 2378 2427 3802
550 1649 1801 3620
793 2939
436 762
571 717 1094 2303 3328
2313 4127
2029 2967 3222
2830 3388
880 1804 2654 3341
24 642 1698 2924 3007
2497 4250
2444 4182
233 1532 1564
179 2959 3669
74 939 2530 3198
813 2733
1646 2400 3333
86 3183 3683 4061 4415
2463 3047
1574 3037
1540 2896 3177 3244
1071 2876
1380 4184
6 1357 2088 2243
762 894 1013 1323 2232
161 2027
420 462
2708 3126
1281 1948
235 278 696 1942 2608 3177
969 1451 1746 2806
1175 1273
2752 3641
74 392 2031
3422 3464
4 2307
85 2112 2786
33 2880 3276 4066
840 1812 1933
178 836 1625 3541
2392 2872 3897 3997
1415 3755 3998
62 1691 1955 2628 3101 3956
1444 3550
347 351 995 1995 2616 2921 2947 3681
95 1576 1596 2978
320 2651
1070 3517
3041 3421
2865 4391
234 1201 1308 1763 2925 3344
919 2555
2424 2792
2604 2804 2974 3278
3128 3748 3856 4144 4379
115 774 2088 3136 3183 3606
3320 3494 3834 4334
420 4341 4344
3494 4085
948 1482 2280 2281 2905 4086
1212 3549
1362 2126 3514
2860 4304
2086 3678
178 523 864 1056 2332
1249 3075 3505 3620
514 2265 3115 3810
1603 2373 2440 2708
1029 3509
1889 3333
1905 2906 4200
3937 4429
2809 3460
982 1151 1626 2585 2964
369 2075
1360 1502 2805 4234
250 1145 3048 3592 3774
1011 1424 3078 3994
35 44 680
751 1100 1250 1300 3465
388 2959 3344 3614 3998
2594 2732 4159 4463
1114 3661 3753
256 1014 1909
2392 2417
2358 2604 3982
1972 4450
402 1847 2233 3259
1706 4132
1579 3193
630 2925 3060
2328 3049
2449 4312
81 2636 3576 3598 3981 4040 4401
1268 2932 3258
2093 2324 3498 3929
4225 4335
861 1766
1974 3853
416 1720
294 3963
3540 4291
1147 1322 2734 4049 4345
2011 2258
356 2441 2618 4332
96 249 1335
718 994
709 2035 2454
652 2728 3026
440 2727
1059 1971 3031 3622 3781 4438
1933 2122 2322
222 406 2732 2895 3116
74 3662 4026
1676 2086 3293
435 1659 2018
235 389 1663 2087
187 304 3410
3626 4284
449 1873 3011 4407
1632 1786 2207
3353 4455
932 2259 2272
283 1558 3939
1083 2048 2410
2552 3626
771 2873
3287 3715
1026 3353
912 1116 3468
1209 1477 2029 3886
466 2016
2581 4315
652 3824
1003 2805
1123 2456
836 3201
92 1769 2780 3956
1814 2183 3972 4439
1950 3312
2840 4096
2781 4014
114 973 2300
977 2493 3807
1034 2210 2731
325 2658 2936 3970
761 1025 4374
491 1457 1691 2871 3804
367 897 4361 4452
2235 2979
760 1872 3073
331 1916 3310 3967
2426 2914
175 2492 2679 3219 3434
1558 2968 3050
1609 2030 3127 3231
790 1833 2831
1448 2553
1735 1761 2003 2324 2709
873 3876
199 1139 1347
53 1320 2618 3039 3493
2155 2418
3818 3884
853 2207 2773 3281
117 133 2162
912 3878
953 2679
37 64 4271
711 2152 3464 3489 4416
1969 3205 4121
140 1564
214 1543 3297
2790 2826 3520 3971
334 798 1725
136 571 1359 1475 2947
1112 2506
3318 3608 4304
1761 1855
521 1038 1210 2170 2773 2896 4041
1953 3765
402 2864 3047 3392 3798
455 494 2260
254 706 4325
388 2931
266 1094 1557 1991 3009 3960
572 2917
80 402 3644
262 628 2811 4394
18 53 387 1458 4091
1845 1918
111 283 1355 2128
102 2360 4372
893 2538 2786
2261 3743
490 2905 3784
1414 1826 2327 4398 4459
620 1636
791 1714 2071
1319 1557 3441 3992
300 3305 3455 3491 4073
911 3176
2103 2501 3086 3930
700 4084
936 1441 3479
1317 1875
204 405 866
3090 3613
2135 3384
1507 2848 3613
1901 3015
1433 2128 3559 4278 4291
385 1710 3461
589 1791 1890 2219 3906
1039 2110
1256 2911 3272
1685 1914 3258 4429
1072 2103 2398 3897
739 1196 2439 4438
95 821 1529 2437 2708
1388 2900 4299
1232 4154
1893 3420 3812 4431
2264 2651 2916 3005
2991 3010 3875 3976 4036
123 439 1008 1408 4030
373 2273
1566 1897 2045 2097 3094
1319 3574 3594
3082 4040
758 3258 4247
808 1606 3658
4153 4368
1163 3023 3229 3887
1929 4147
163 3209 4363
147 1828 3195
744 3045
256 1192 1698 3553
237 2356 3195
402 1570 1628 3763
1808 1987 2781 3383
329 4143
2081 3262 4129
2258 3550
1672 2184
572 1062 1881 2167 3001
372 761 791 1658 4418
1683 2105
548 578 3994 4019
3404 4156 4180
267 1149 1608 2954
2275 3848
3608 4177
816 894 1168 2256
396 4022
1523 4247
385 755 1830
2403 4215
498 614
210 443 1455
3437 3845
655 1788 4385
471 2151
209 1094 3452 3902
1301 1960 3513
178 1100
1005 1723 2287
117 503
194 535
1781 2104 3850 3960
807 3322 4433
77 731
1258 1819 2129 3734
1152 2356 4428
2053 3827
2181 4353
1057 1423 1520 3123
3485 3577
370 1455 1750
815 1909 2475 2509 4203
1190 1191 1848 2492 3625
857 2135 2256 2969
1845 2549 3740 3848 4128
2418 3181 4093
291 1428 1462 1879 2588 2987
3575 3972
2484 4208
472 2929 4045
77 885 1333
371 566 3551 3971
2514 4102
145 544 1190 2084
195 956 1663 3147
233 1769 2872 3698
2582 3832 4365
549 2890
867 1512 3985 4270
519 1412
893 2435 3469
711 1156
297 2215 3822
3159 3651
745 1751 3417
329 2245 2779 4160
91 1588 1999 3450
1840 1953 3987
405 1492
244 889 2720 4389
1801 3187 4077 4271
1009 2259
901 3128
65 2460 2897 3055
1036 3933 4070 4304
2309 3121 3496
1800 1988 2042 2930
97 2706 2769
2057 2203 2272 3554
744 1110 1532 2644
15 1755
533 1445 2594 3889 4401
628 987 1347 1565 3011
780 1346 1938 2430
1255 1470
1572 3690 4025
926 1038 1286 3374 3540 4093 4150
878 1124 1137 2089
515 3377
1782 3670 4286
1723 4183
471 3636 4052
2833 3271 3610
1643 4440
1031 2138
243 2245 2264 2292
1968 2951
1638 3790
491 668 906 931 3144 3490 4227
185 249 665 3403
2657 3157 4144
238 2107 4045
466 1417 1437 3746
236 591 666 1983 2470 4285
1832 3147
3475 3635
530 1925 2554
1119 2348 3741 4062
1598 2303 2376 2873 3599
1258 2650 3033
676 3494
2096 3337
3745 4386
763 1087 1938
1792 3545
1393 3378 3848 3849 4253
1902 4225
3303 3762
553 1836
972 4460
266 3141 4032
2246 3989
2215 2466
289 2398 2859 3547
109 479 2207 2386 2874
1663 2824 4267
175 1886 2339 3031 3540
3178 3369 3771
98 849 3604 3753
427 476
2465 2641 3109
1145 1822 1846 3543 3809
1400 3143
7 2009 3207 3843
517 2066 3914 4225
2275 3953 4389
908 2327 2550
2101 2476 2538
1211 4099
824 1318 1789 2772
510 3777
1316 1740 2166 4042
1263 1654 2005
1209 3415 3634
1569 2497 3990
27 266 842 1716
1502 4078 4357
659 993
400 1290 3658
454 764 3424 3764
2 118 2587
1270 1588 2986 3958
1256 2728 3975 4221
1945 2339 3387
2112 3033
3602 4188 4257
334 1862 2161
3474 4229
1910 1982 2866
1319 3067 4243
1695 3520
2833 3617
539 2695 2713
1167 3925
2339 3144 4224
1091 1814 2824 3961
1479 1605
1181 3282 4215
2933 3095
494 2914
668 1609 4326
106 668 3446
3424 4275
2203 3137 3737
3534 3537 4184
1228 4183
3321 3600
341 3150
528 1016 2282 2493
709 1633 2280
736 2101 3540
860 1495 2682 3501 3570
24 658
1679 3839 4169
1151 1578 1884 2783
2006 2009 2312 3830 4394
1959 3951
1573 1860 2625
3013 3156
760 1987 3762
2530 3249
784 2749
69 1608 2359 2728 3889
49 1592 2663 3764
2667 3640
1003 1352 1700 2181 2961 3090 3924
2724 2735
956 1127
1558 1874
753 1020 1914 2563 4109
390 917 3838 4313
594 1760 2583 3226
624 1538 4130
556 1160 1329 3873
1532 3285 4055
1103 1887 3023 3155
2208 2239 2460 3477
236 1219
204 215
1085 1854
3163 3308 3408
1032 4399
653 1786 1831
1039 2634 3647
322 4089 4387
303 316 4290
1494 2467 4180
541 1370 3146 3871
1394 2341
3189 3834
631 773 1282
77 560 1795 2493 4247
2416 2768 3075
2040 2681 4337
2054 3994
857 2278
3525 3582
876 1056
642 2527
1470 1871 2622
200 1472 2151 3735
617 1774 2877
2617 4152
202 3353 3752 4043
3458 3554
384 454 2137 2691 2807 3723
1011 2162 2259 3158
487 2436 3124
1096 2508 3805
377 865 3544 4131
1664 2585 3567 3856
1559 2571 2944 3852
1971 2383 3697
3149 3551 4120
420 2330 2917 4455
3227 3675 4375
725 2127
1922 2033 2075
473 1139
2211 3324
595 2533 4084
23 4031
2500 3233
2086 2895 3447
832 1836
1702 3916
1350 1503
925 2127 3292
2074 3684
101 2964 3737 4322
1990 2297 3297
286 2855 4375
285 496 1889 3076
1606 2272 3133 3349 3360 3521
532 2550 4212
1684 3073 3594 3630 4191
444 593
179 472 4042
2158 3953
1084 2343
160 394 965 2712 4414
1647 4036 4146
337 3268
1114 1892 3009 4126
414 1941
86 2759 3645
1147 1628 2259 4042
228 3794 3949
152 214 4329
296 4197 4460
2768 2812
2552 3522
1383 2838 3674 4367
3027 3058
488 2468 2955
242 3675
60 2590
369 922 2068 3576
470 3768 4213
1160 1353 2767
95 1054 2974
277 1727 2305
1310 4452
3140 4277
578 2050 3806
230 719 2855 3068 3519
1093 1353
585 626
2564 4140
953 1215 1601 2652 2861 4063
1212 3375
730 1172 1989
823 3287
962 2570 3160
1611 3646
1461 3418
116 762 1831 2188 3372 3621 3696
878 1319 1637
215 1265 2131
1664 1928 2375 2418 2767 4200
4 2907 3521 4071
317 2403
359 1300 3392 3734
2041 2249 4079
354 4332 4343
3969 4457
1460 2076
197 1553 4347 4407
2130 2298 2957 3301 3917 4136
375 2109 2691 3543 3667 4065
503 3252 3363
1148 1542 2686
1165 2038 3340 3538 4247
3127 4106
1218 1723
2000 3149 3326 3538
621 2725 2964
1094 2644 3309 4358
531 1849 3665 3896
850 2806 3372
366 1732 3402
2210 3929
1716 2450
1382 1959 3248
693 916
1614 2223 2969 4363
2789 3277 3443
3671 4198
1613 2666 3671
50 351 759 2587 3862 4069
708 830
1071 1128 1470 1988 4270
199 1127 1445
57 1937
329 3968 3972
416 889 1886 3283 3979
3159 4120
1316 2712 3511
343 450
1466 1561 2992
488 4129
1628 1858 2757
792 2141 3498
1432 1457 1529 2976 3744
835 3274
408 1383
764 3430 3731
562 700
2536 4147
385 3745 4044
423 850 1681 2246 2725 3188 3734
72 1068 1087 1133 1258 2701 2773 3255
1052 1559 2754
896 3221
3755 4294
470 4008
1237 1852 4239
1887 2677 3357 3765
3218 3356
2897 3872
1017 1874
396 3294
778 1675 2088 4029
370 2274
2991 3573 4170
2329 3652 4155
2369 4099
467 1824 2550 2664 3700
1010 1056
773 3504 3805
1277 1789 1897
901 3593
385 906 2642 2839 2992 3074 3509 3676
1500 2995 3211
2506 3486 4230
1535 3241
1200 3118
2865 2883 3035 3986
2567 4188
78 3331
58 1507
1022 3757
4068 4439
1376 3005 3367
55 1726
4225 4301
805 2553 3795
681 4013 4325
139 2157 2901
2029 2101
2585 3726 4021
235 1035 1651 3765
1532 2896 3414
2711 2880 4084 4121
487 2970 3760
722 2939
539 1715 4220
331 1800 2567 2709
408 3959
302 906 988 3410
512 1359 3503 4253
2980 4110
3502 3603
326 1604 3128 3678
1072 2743 3997
3250 3897
415 2230 2625
610 3630 4155 4458
918 3121
1802 2847
3839 4408
326 1431 2246 2938
107 871 2546 3260
2751 3679
1699 3735
308 3247 3349
780 2706
2546 3039 3219
516 902 2101 3348
1870 3974
96 2154 2932 3898 4385
312 548
268 3195 3294
2214 3190
403 2366
17 3085
1039 1615 3844
376 2807 3780 3839 4034 4157
325 1192 2377
1010 3500 3876 4048
675 686 927 1206
1203 2677 3917 3919
891 1593
1455 1775
850 3547
536 3063 3769
838 986 1606 3279 3356 4111
1139 1951 4288 4428
2483 2490 2505 4032
1988 3935
1826 2331 3202
602 916 2210
1451 2229
3355 3488
227 4137
3207 3857
211 3906
3312 3637 3781
327 4303
985 1649 2788 4199
120 532 1109 1401
448 2157 2213
3362 3625
2170 2230
1499 2670 4346
186 336
79 807
1509 2568 3528
1415 2103 2196 4101 4392
1598 1817 3384
1641 2942
799 2266
102 870 2612
682 3538 4409
637 1302 2342 2459
3831 4141 4330
485 1577 3837 3949
1683 3629
638 846 1529 1551 1908
268 770 1054
1084 2202 3403
493 783 3384
744 3743
3391 3437 3559 3722
237 728 2571
3537 3996
130 277 2336
1702 2152
1058 4302 4450
710 1851 2204 3754
1814 2618
3460 3669
17 87 492 1587
741 1365 3287 3960
2576 4448
960 3645 4096
2073 2995 3491
1130 1855 2627 3075
1162 1953
713 760 4425
487 593 851 869 2088 3957
1946 2591 3331
692 1623 4357
1001 2197 3074 4321
276 2416 4189 4319
1110 2484
4197 4204
2067 4309
13 71 3556
58 185 1524
246 1879
380 4005
1562 2376 3612 3991 4092
313 825 1463 1709 3449
400 1313 2419
1947 3101 3820
616 2077
212 568 927 943 1477
590 3003
397 2632 2945
196 525 1074 2727 4156
1058 3858
3117 4296
504 713 3944
811 1290
274 1339
92 845
1367 1962 2249 2276 3780
660 1638 2050 2706 3690
2236 3875
607 1633 2339 3988
3776 4184
359 1845
675 1404
1606 1718 2033 2429 2560 4167
125 2549
4037 4214
2397 3733
290 3446
3494 3562 3809
1318 1717 3104 3673
379 3109 3271
844 3833 4095
1413 3975
590 1190
597 2229 3079 3176 3417
2546 3917
2734 3781
984 1861 2333 3812 4138
902 2459 4074 4095
2091 2620 3932
2744 3616 3635
478 3153
1219 3952
88 4091
88 1528 2222
1180 2181 3837 4417
312 571 3178 3887 4341
2333 2714 3656
1488 3965 4340
707 1019 1723 2709
143 455 2933 3542 4152
3467 3983 4125
1564 2459 2998 3105
388 1537
438 3182 4086
145 1749 2144 2486
102 119 337 503 2798 3543 4244
1203 1790 2512
2529 2706 3162
3012 3406
2201 2478
3610 3872
2481 3402 3973
1537 2984
1107 2171 2545 4097
402 701 3179
1325 1674 2192 2630
796 1039
309 3825
1548 1700
782 3392 4230
1623 1698
1327 1570 2701
2207 2782 2906
1244 2263 3153
2202 3452
1316 1893 2634 3501 3847
1080 1244 3285 3640
56 4450
3034 3516 3884
1333 2289
866 2031 2272 4291
195 592 1376 1580 1754 2251 2260 2543 3990
718 833 2851 3883
1159 1784 2919
430 831
29 590 1373 2488
124 666 1193 1288 3434
1004 4093
1805 2492 3228
853 1998
2073 4051 4177
2852 3752
785 1069 1124 1771
249 1819 3004 3049 3844
2855 4075
3327 4324
1204 3806 4201
1412 2580
404 1858
1654 1674 1938 2163
536 1687 2403 3300 3464
89 3461
1360 2949 3797 3851
1709 2640
2964 3221
155 2600 3569
115 1338 1729 3744
1266 3732
2650 3256
1222 3837
80 557 2029
1975 2503 3004 3739 3829
2221 2618
429 1799 3644
1799 3505
464 3070
1046 1853 2088 3808
1104 3385
503 731 3724
73 3613 4446
333 966 1705 1915 3416 3520
1224 4267
278 4429
244 944
1097 2417
696 1334 4398
595 638 1185 1989 3463
1125 1698 2398
732 3367
138 2762 3800
856 4264 4364
857 4225
1776 1916 3314
2653 4387 4406
2947 3443
1095 2124 3337 3858
685 3626 3756
638 1268
909 2169 3739
1790 2273
668 1316 1362 3834
1956 2480
148 657 1897
530 3578
1752 2484 3638 3862
847 2043 2648 2801
1355 1356
2083 2530 2690 2925
1206 1331 1580 4019 4217
830 2084 2550 3035 4022
119 3306
227 3299 3570 4068
1336 1954 3222
863 1002 1944 3571
406 1087 3500
490 1593 2584
266 1261
44 2022
314 1235 1879 2411
144 3031 3294
44 568 2764
858 4258
131 3782
26 288 1730
1116 3313
401 1801
209 983 3623
1373 2070 2355
595 2055 2111
1181 2442 3451 3842
1954 2822 3258
1682 1925
996 2835 4087 4126
612 1908 4267
2573 4405
2602 4273
912 1589
1668 1892 2701 3449 3889
106 336 3671
3622 4062
1290 3563
1577 2989 3765 4075
409 833 1445
2476 2721
563 3536 4097 4325
3598 3997
1202 2001
3645 4194
60 1202 2610
1172 2641 2913
785 1851 1880
750 3403 3753
1370 1566 2373
146 463 1567 4452
1179 4062
1266 2172 3868
1352 1628
45 1888 2660
325 620 1318 2624 3085
565 1175
35 1972
1230 1854
405 651 4005 4090
80 568 1139 1257
609 1733 2717
215 1702 3513
863 2253 2378
377 612
3417 3556
1346 2243 4016
117 920 3038 3726
2035 2482 3577
424 866 2376 2856
1020 1182 1200
326 1611 3852 3878
1069 2302 2370 2998
2018 2428 2442 2507 3000 3905
1317 3428 3440
1098 2050 3288 3486 4121
1996 3500
523 997 2250 3885
1629 3241 3592
304 1020 3200 3507
1299 3117 3269
1436 1500 1755 2817
1222 1418 3010 4287
99 1036 1064 2840 3717
1467 4124
696 1490
195 532 2807
37 761 3485
1429 2220
3919 4182
946 1877
556 2414 3460
1437 4222
1769 2357
2082 2529 3252
2478 2571 2583 3269
230 889 4355
765 1305 3063
111 1460 4000
1043 2849 4059
742 1288
410 2229 3977 4127
114 3168 3780
172 1149
853 1954 2329
268 4205
1020 2131 2132
229 278
2229 3328 4328 4349
1490 2281 3093 3116
2112 2694
2795 3408 3467
1820 3290
388 692
1703 1753 2543 4334
793 1186
1238 3878
1420 2741
292 3582 3786
3899 4066
1251 1887
1389 2597 4125 4241
878 1948
3953 4191
517 3337 4460
209 611 3688 4002
832 4344 4366
586 3820
1898 2137 2215
188 2308 3227 3466 3478
2162 3975
2089 3284 3350
1980 2264
1146 1572 2156 3277 4217
114 420 4353
2650 3573 4124
1084 3125
852 1478 1939 4440
745 1188 3830 4152
862 1101 1584 2293
654 2830 3285 3609 4368
1388 3160
1804 1805
250 1030 2709
3603 3888 4039 4186
4277 4393
19 3662
1655 3473
452 953 2874
868 1358 1418
1005 4099
869 893 1074 1959 2931 3874 4413
570 4156
25 1796
326 1892 2438 3006 3371
370 2462 3525
72 1529 1718 2388 2406
561 1688
65 2789
760 1959 2096
2447 3035
278 962 3001 4125
2892 2898 4280
811 893 1535 2112 3529
3256 3487 3493
2135 2413
2519 3102
93 3230
1333 1788
394 1428 2159 2467 3000
2421 2995
1835 4041
150 1673 1695
1832 4196
3333 3363 3975 4447
1144 1853
57 143
162 287 3273 3474 3577 4040
1259 1322 1498
2108 2122 2843
1361 2171 2759 4389
125 1280 2531 3167 3639
1100 1313 3777 3833
2 429 720 3207
168 2405
2048 3012
3308 3337
1017 2315 4379
1185 3305
2389 3230
210 880 3379 3958
2681 3464 4003
1009 3558 3829 4072
1484 3402 3661
2775 3189 4318
1857 2650 3724
866 968 1544 2422 2779 3188 3960
1487 3169 3209
4 756 2266
333 1204 3197 4262
2301 2308 4190
3063 4330
1355 2827 3788 4328
2663 2771 3890
603 855 1629
1387 2142 2747
43 3274 3533
335 3891 4169
1809 4193
2647 4181
1707 2682 2971
12 342
1599 3801
1395 2939 3433
432 1740 2482
1887 2108 2756 3053 4117
477 3818 4426
1937 3423
1464 3590 4363
3443 4157 4424
1124 1266
829 1049 3996 4057
787 1648 2307
1130 3468
2595 3183
520 2559
2036 2981
37 222 1534 3216 3437
951 2666
2837 3412
868 1215 2000 2755
143 502 3462
4051 4379
662 2585
816 1059
626 1934 3699
186 2904 4391
647 1768 2228
724 2436 2979 3171
509 1901
1860 2226
53 2327
969 2180
356 1302 2988 3836
594 2646 3408 3919
590 3866 3968
189 1056 2125
1556 3872
181 2731
693 1952 3367
1491 3118
2192 2567 2952
1799 1985 2768
161 1444 1550 2902 3591
2093 2851 3954
1411 1864
234 1183 2173
672 3493 4017
786 1207 1826 3718 4356
193 300 1829 2223 2846 3117 4032
3715 4229
583 4287
1728 1750 2849 3007 4364
442 1464
723 1594
368 1715 2074 2384 4077
3275 4437
595 3161
578 1657 2472 3168 3579
177 528 777 973
1186 2712 2988 3638
175 565 3730
1877 1933
665 3897
471 902
259 995 1480
611 3013 3060 4178
601 1400
2286 2639 2650
107 1090 2805 3118 3793
1596 2894 3534 4159
616 1661 1928 2298 2833 4027 4220
912 1879
2705 3661 3733 4234
1210 1666
2563 4104
402 740 4068
2360 2398 4032 4280
778 1084 1534 2590 3906
55 1167 3989
762 1348 1753 3029
1451 2178 3806
3604 3858 4203
50 1617 2118 2213 3132 3265 3367 3414
202 215 871 3446
231 400 3093
472 3818
2475 3207 3358
289 1201 3053 3602
338 1781 4407
2177 3191 4273
2303 3635 3821
209 1503
3048 3493
1968 2101 2804
1244 2238 2296 3106 4275
2082 2784 2992
519 2853 3869
26 1030 1118 2031 2806 3734 4223
1904 2076 3643
614 3402 3845
351 923
2091 3142 3337 3576
2839 3371
143 1725
2812 2988 3914
376 1279 2385
800 3383 4156 4417
141 1641 3279
1158 1848 2291 2495 3873
2594 4173
244 753 1432 3929 3977
1376 2469
1894 2145 3519
260 2153 4077
568 3578 3862
147 1648 2043 2358 2468 2598
3225 3912
364 4362
2226 2549
1520 4444
879 3541
2373 2427 2879 4213
43 310 1410 4292
403 1534
2871 3698
3149 4205
429 1421 2663 4135
424 748 976
472 4023
197 678 741 1417
1066 2271 3202 4165
1904 2242 2779 2889 4149
1335 1792 4332
2026 2506
1370 3004
1183 3168
1840 2551 4070
451 2922 4428
2204 2943 3160
1157 4276 4357
2400 2482
803 907 1325
71 2559 3795 4170
3539 4003
997 2597 3979
156 609 749 1564 2065 2153
168 281 3378
447 3648
1462 1632 3688
1304 2815 4100
1407 2661 3730
1251 1560 1623 4232
81 234 4075
284 2147
618 2176 3953
15 4366
720 1454 4261
655 675 1175
2128 3310 3453 3864 4114
250 1826 3743
53 78 323
2137 2674 4113
960 2319 3422 3568 3678
421 1533 1982 3783
743 2657 3109
312 4029 4379
534 630 2243
1581 1929
2309 3798
1129 4399
77 300 792 1211 1614 2414 2751
277 1475 2968
2119 2464
17 189 449 1022 1593 3331 3670
1111 4243 4438
347 2198 2396 4154
1926 3623 4284
1367 1766 2876 3049 3636 4050
253 780 2332 2624
599 2083 2345 3586 4314
157 2889 3086 3526
606 2763 3296
55 2379 2874 2970
1937 2731 2897 2959 3041
1360 2026 2497
2565 2740
541 4324
2869 2999 3020
317 2533 2675 2692 3338
49 653 1443 1817
1413 1615 2491 3046 3148 3474 4152
3178 3674
1268 1894 2983 3879
355 1392 1701
554 2587 3541 4363
886 928 1430 2037
1934 2281 2648 3855
1285 1810 2194
632 3267
142 2847 3262 4050
2788 4241
909 1925 4037
2433 3122 4306
3009 3462
1799 2716 3787
952 1792 2825
410 2533
1618 2265 4297
628 1601
1517 3087
206 2302 2840
457 773 889 3982
1477 1925 3804
293 2328 4061
300 4051
2687 2865 4043
2679 3445 4157
106 419 1084 1102
3203 3813
59 1108 4033 4200
3156 3621
44 929 1458 3461 3967
661 3246
1531 1821 3157 3415 3826
379 2312
2711 3503
556 995 1131 2245 2398
896 3182
1090 2446 3701
2461 4333
3187 3758
187 2655
954 2808
54 523
1324 1844 3151
1006 2075
1288 2580 2921
210 3841
1651 3882 4284
1056 2341 2595 2804
1931 2056
3387 4440
186 1625 3187 3703
307 2061
2363 4439
1580 3814 4043
728 2120 3577 4107
317 1035 1098 1170 3685
416 2013 3159
1629 2640 2925 3320 3940 4305
564 981
2719 3573 3766 4210
535 1898 3777
1439 1515 3727
13 738 3319
2468 3222 3455
2932 3699 4404
806 3340
359 960 2802
9 1622 4052
1035 2353 3841
771 1138 1539 1924 2248 2710
3895 4220 4448
447 3782
2718 3849
1023 1954
285 677 1133 1507 2876
2363 3623 3767 3847
2559 2665
222 865 1180 1984
267 2502
2036 2336 3556 3746
568 1061
1367 3633
1342 2071 3380
518 1049 2987 3907 4337
491 1873
1178 1543 2783
107 206 655
2304 2857 2951 4412
44 1212 3342 4097
102 1181
758 1251 2250 3309
2950 4381
286 572 4124
244 1032 2312 4404
367 570 2790
1299 2688 2716
896 1064 1299 2220 2316
2072 3010 3686
318 3616
1477 3887
976 3184
281 427 3404
2063 2970
525 535 2619 2775
11 290 2852 4344 4427
3542 3938
837 1466 2222
1064 1076 2180 2607
1965 4069 4378
502 1339 2563 3433
699 1638 1827
95 1499 2598
1843 2523
96 3619 4307
134 1725 2858
1924 2055
1327 3907
3070 3518 3704
757 2885 4100
175 1581 3540 4291
313 1518 2190
665 3580 4373
1084 3389 3398
1596 1654 2263
581 986 1118 1507 1855 1908 3781
1431 2078 2642
545 1765
3096 3426
841 1651
218 717
2837 3540
681 753 972 3308 3439
1310 3701
1400 2627 3739
1840 2799
1331 2044 2734 3198
90 1462 1919 3004
261 1375 2919
1604 2628 3050 3576 3588 3805 4464
957 1345 1553 3617 4413
907 2411
737 2201 3332
1187 1975
89 3215
2284 3235
679 2104
1693 2602 2607
813 3948
2000 3149
459 839
272 2523
2089 3351
1121 1832 2083
253 3164
346 1106 2651 3138
1656 1940 2533 3541
666 1681 4273
1322 2363
1609 2682 4043
163 722 4042 4238
256 593 838 2323 3365
2137 3472 4276
2134 2695 4307
363 1490 3655
2765 2795 4334
1286 1753
873 1513 2986 4072
209 1236 1726 3277
1824 2243 4032
1558 2570
1992 4364 4396
2687 4125
1078 1436
1081 1116 1892 2987
1216 2067
2598 2823 3077
849 1772 4028
3444 3916
756 1628 3472 3691
502 1115 1489
1415 4010
771 819 3099 4130
177 4416
1567 1949
336 1801
462 1422 2744
2132 2817
2085 3367 3652 4396
1924 3836 4009
718 3403 4164
1986 3909 4081
378 1093 3384 4186
1686 1848 2235 2823
897 1690 1998
1714 1735 3316
1634 2874 4238 4417
105 532
304 1173
1554 2199 3834 4342
375 3604
611 1118 2294 3563
493 536 1586 4402
408 808 857 2976 3757
839 2310 2359 3152
317 905 2135 2513 3309
1270 1968 3917
1863 2119
655 1034 1896 2297 2353 3800
293 2811 3150 3944
446 2139 2364 3435
1018 1234 1905
49 676 2998 3849 4173 4204 4248
1335 1373 2623
541 748 1674
1756 2041 2739
609 1111
1529 2484 2749 3239 3913 4233
546 2359 3065
233 1282 3062
85 1658
2459 2525 3221
330 828 2556 4143
781 3676 4239
13 1826 3914
2348 2821 3279
1458 2180 2459 3735
2302 2918 4022
2577 3061
492 689 1182
805 1660 3157 4343
827 1768 3029
427 2286 2931
31 961
498 3687
359 2418 3177 3764
1679 2183 2866 2877
1116 1733 2201 4413
1226 1750 4451
687 2462
2674 3693
679 2505 2624
3773 3960
4147 4362
570 2203 4100
297 529 975 1032 1919 2353 2512
3170 3574 3711
67 528 1014 1016 2126
1024 3347 3501 3562
319 572 4060
22 2129 3334
1138 2099 4042 4428
133 1955
1629 2527 3102 3460
2135 3606
3058 4116
475 1463 1706 1740
3427 3617 4307
266 1681 1988 2877 2952
343 373
1213 3296
3898 3905
543 870 1849 2202
572 874 2225
100 694 1801 3913
510 894
701 1794 2866 3274
1070 2341 2515 3615
1508 2800 2872
3252 3853 4212
1180 1290 2963
2050 3173 3675
735 1634 2125
707 2260
3308 4306
89 2668 2721
2258 2844
781 789 3203 4131
3275 3739
1398 2502 3660
2055 3179
166 3796 3817
2815 3372 3753 4193
179 1646 3312 4137
1559 4459
1122 2714
453 1747
1185 3266 3650
885 3744
296 2843 2867
1572 3271
1699 3215 4198
2500 3635
1427 2127
1575 1704 2334
1492 3935
979 2226 2595 3192
492 750 2911
2030 2609
2202 2253 3397
790 1660 3609
3218 3534 4256
1458 1980
1152 1749 1932 3898
46 1407 1528 3126
140 1129 1658 4234
745 882 3409
1057 1840 3696
520 789 3201 4163
2311 4022 4305
1447 4041
1433 2238 3662
1937 3723
2878 3430
219 3033
2076 3083
88 1607 1871 2068 2558 2687
390 2012 2388 2862
316 977
115 1748 3112
140 1584 2577 2586 3979
225 1495 1757 3491 4126
1170 2130 3525 3813
802 1231 2324
1234 2195
1792 3391
651 830 1559 2645 2781 3399
2029 2689
3574 4326
348 2512 4014
2168 2481 3013 3424 3532 3716 4177
955 3690
1713 2626
192 4192
76 416 2868
1484 2917
43 441 857
1184 1539 2202 3465 4061
353 2338 3425
339 542 2069 2379
296 415 1205 2205 2535
866 1446 1598 1686 4301
1026 2087 3042 3801
446 558
448 2265 3069 3573 4087
2816 3308
826 911 1338 2111 4330
911 3964
27 673 2548 3396
1515 2455 4286
56 2075 2130 4038
1252 3095
1306 2026 2384 2990 4125
533 1081 1395 1619
2628 3699
576 2220 3111
871 924 3003
334 2119 3349 3444
215 661 2275 4179
545 883 4012
332 961 970 1830
2028 2926 4232
743 1826 2040 3434
2985 4458
1102 1606
1912 2154 2255
3552 3609
2368 4271
1725 2257
439 2011 2334 4444
2213 3048 3940
2154 2217
367 585 983 4433
1157 3039 3212 3889
409 2262
556 3759
2406 3673
519 1542
631 3030
3170 3276
184 2323 2725 3341 3957
2476 2501 2808 3566 4349
1745 4294
600 1280 3982 4463
594 2134 2250
980 1137 1985 2630
1246 1303 4283
1299 3288 4181
544 2976
45 812 3987
2113 4008 4055
1205 2363
3084 3182
266 2610
1727 3164 4426
2005 2871
880 1468 2159 3812
564 2831 3564
345 400 705 1144 3546 3822
94 1539
1428 1671 2925 4448
1222 3805
1788 2095 3093 3497
150 3426 3508 3753
1058 1374
531 1474 1629 3132
3449 4441
1325 1934 2765 3380 3622
176 1604 3104
1200 1245 2075 3242 3536
646 3872
1348 1689 2074 2597 2744
3443 3590
2257 3069
3258 3640
677 832 2797 3588
1886 2290
624 3188 3458
405 1849
64 1913 2216 2242 2330
599 4186
1289 4320
477 713 2301
3186 3226
2827 3491 3914
926 1721
183 945 2043
604 626 699 1335 2396
616 3638
610 2768 3536 4049
1560 2595 3829 4183
168 2964
2331 2760
272 483 3517 4084
685 3745
412 1395
1691 4097
1929 2301 3326
1001 3105
2211 3651
1091 2213 4163
760 2424 2484 4052
1422 1753 2289 2317
27 1513 1865
3485 4016
646 2905 3774
341 4279
956 977 1323
419 3779
2791 3457
2398 2742 4000 4004
879 3379 3462 4205
3727 3801
359 2551 2710
1629 3637 4228
924 1704 2600 3047 4464
327 4104
2054 3275
1658 2944
1570 1913
3596 3745
770 2203 2382 3826
504 3311 3551
1631 3206
1400 1778 2858
453 636 3172
161 782 2332
1733 1933 1992 3580
974 2580 3313
1445 4127
515 1180 3701
1928 2900 3051
272 993 2426
873 1782 2281 3579 4429
242 892
763 4117 4300
762 3464 4294
2797 4254
1233 1533
159 428 1561 1755 2595 3163 4235
921 3753 4138
2001 2517
1240 1379 3368
1392 2689 3572 3666
1675 1720 3060
2512 3016 3287
407 2425 3184 3523 3726
612 1419
471 4234
1281 1359 1427 2296
1246 3744 4228
940 3424 3521 4437
408 1070
2317 3556
211 4050
126 1158 1658 3655 4331
1320 1405 4364
2448 3002 3782
884 1346
16 3991
12 23 26 2324 3344
243 1927 2319
493 1310
2174 2815 3098
1728 4414
892 2717 2849
3366 3385 3758
1 2902
832 3909 4052 4154
830 2394
880 1114 3429 3687 4145 4362
209 3511 3684 4330
1073 1232 2627 2773
1827 3218 3831
998 1059 2602 2814 3191
740 3287
2215 2408
1804 3824 3978
2657 2829
2062 3197 3846
44 1252 1871 4036
2140 3953
1943 2947 3040
1653 2541
762 2686
728 2799
284 3405
1272 2428 3397
2161 3337
125 1748
1102 1642 1755
2544 4019
486 2466
1702 1741 3740
639 2189
1141 1170
1818 1978
146 1458 3780
271 278 2714 3903
630 940 1645 3390
1007 2921
536 2526 4095
1218 2040
364 513 1201 3676 3705
1452 3703
1126 1774 3654 3895
706 963
2343 4374
1430 3050
294 688 3471
2272 3912
1392 4296
4097 4351
1815 2342
2461 3019 3848
104 1043 3894
1168 3453 3484 4459
617 3327 3586
1126 3392
1383 3911
939 2389
1990 3073 3107
1808 2153
133 2025 3234 3403 3573
1072 3045
1615 4140
825 3645
2722 2994
1983 3884
777 2322 3454
785 961 1878 2544
1606 3174 3618
516 1035 3083
2068 2261
694 1999 2259 3494
586 1918 3152 4425
40 439 2957
2626 3816
453 2143
1596 2553 4114
3581 4040
262 2672 2907 2908
83 1802 2009 3197
396 3233 3468 3994
1260 3570
1245 2344
878 2353
1068 1803 2475 3371 3522
1736 3037 3332
1891 2135
2682 2806
3761 4213
871 1412 2937
2891 4107
1782 2042 2380 2415 2530 3330
1025 1497
1277 3625 4266
197 293 1143 1436 2126
544 2404 2628 3349 3487 3637
584 1976
787 2567
1943 2225 2553 3846
46 581 687
2531 3599
913 1340 1722 2677 3041
813 2720 3523 3675
952 1267 1991 4460
1896 2344
1636 2492 2528 3737
260 1435 2470
1001 4210
2555 2763
465 1162 2559 2986 4009
485 1670 1758 2100 2544 2820 3620
3131 3875 3936
111 1181
2884 4059
338 2595
708 3091
547 3879
1614 1656 1739 3300
1427 4093
979 1318 1694 2515 2798
791 2145
3885 4186
1767 1979 3874
460 827 3485
663 3366 3897
1126 1605 2403 2575
2570 3989 4090 4114
3536 3666
286 725 1771 3919
948 4355
2225 2660 3206 4210
250 1264
165 658 682 2928
954 2472 4335
3350 3478
593 2387
189 2797 3733
961 2350 2955 4409
1610 1893 2345 2714 3717
490 1361 2013 2696
404 445 2695
70 1811 1934 3379 3565
65 2163 3314 3789
3309 4399
2220 3005
3630 3888
753 944 3265
2014 2385 4136
1935 2755 2823 4278
632 1289
1931 2798 3107
1147 2834 3139
1453 3528
1297 2064 2293 3383
690 1916
1044 4324
2636 3397
2101 3020 3525 3608
725 2250 4083 4414
353 1253 1659 3274 3765
26 3809
357 800 3361
1006 1218 2168 2227 4022 4432
997 1245 2406 3948
915 1675 2153 3164 3635
211 1047 2481
518 3800
