1782 2658
188 1040 1339 1358 1562
109 180 789 1627
106 469 789
1485 1576
1207 1362
115 1701
644 1336
77 720 903
535 1511
996 1430
1118 1581
724 819 875
832 1186
324 762 776 1079 1086 1634
253 1162
206 946 1111 1377
66 792 833 1621
580 646 1458
146 212 306
137 1152
52 169 354
1123 1719
904 1233
134 1044 1575
223 480 1133 1391
541 1534
50 352 1502
89 411 433 738 762 990 1023 1035 1484 1719
99 1077
298 970
756 1020 1503 1535 1742
42 345
457 1294
343 361 386 815
381 454
62 78 163 221 1137 1177 1183 1368
864 1564 1738
823 1657
209 218 1600
187 1293 1424 1603 1708
722 727
29 915
279 492 813 857
285 1394 1557
249 1401
25 709
55 1274 1284 1664
274 903 951
182 646 868 1013 1735
1392 1677
193 1650
242 731 1191 1535 1541
604 1076
886 1299
105 214 532
1174 1454
166 758 885
74 357 1146
527 1208 1298 1506
53 1031
755 1208
211 801
8 349 752 1351
140 436 705
1492 1577
360 659 1284 1598
622 1123 1269
271 394 695 838 1261 1310
217 993 1195
317 329 820 1742
237 1301
314 593 1766
1093 1228 1731
26 577 851
222 1255
970 1462
255 727 1646
112 1066
862 1750
71 144
753 1207 1401 1499
939 1060
60 1199 1593
101 266 1494 1764
38 958
878 1678 1773
73 468 654 1223 1582
770 1099 1637
149 1126 1581
569 613 1290
37 1523
145 273 946 1675
427 465 1188
620 652 1152 1216 1505
1188 1476 1732 1745
50 1212
1214 1440
194 808
23 73
100 573
923 1196
316 1198 1474
431 1226 1560
220 861 1003
381 1235
938 1392 1503
631 874
378 1063
542 687 728 1531 1605
405 478 623 1598
275 1309
1301 1462
1042 1220 1300
319 525 1725
1156 1325
293 432
97 761 918 1014 1270
83 139 186 456 464
121 782 985
200 1272 1671
1150 1264 1320
1195 1262 1480
608 736
593 1522
102 137 540 1710
205 952 1156 1510
1325 1458 1638
661 1745
164 1186
374 744 961
145 328 1745
94 476 864
210 969 1118
984 1437
3 594
824 1066 1592
453 638 866
2 216 637
159 339
22 651 1138 1365 1703
622 1425
39 348 854
1038 1193
253 351 481 917 1772
552 1281
531 1036 1050
174 1087
204 244 770 1582
419 1711
38 307 860
24 376
158 1009 1688
1202 1717
848 1270 1763
604 712 1364 1555
1136 1782
37 429 824 1562
756 1431
632 789 1062
397 1684 1716
329 440
164 308
361 1575
1120 1149 1368 1456
866 877
1407 1487
205 432 733 944 1154
99 1427
113 159 674
843 1086 1163 1450 1505
437 616 1489 1660
605 886 1373
1081 1732
421 610 987 1192
471 790
535 1165
273 311 591 1013
39 62 115 1361
519 1117 1160 1420
14 679 987 1299 1476
759 1198
499 917 1127
20 91 235 1415
1205 1227
105 1394
541 741
391 1273
1323 1711
683 723 953 1035 1256 1713
498 1281
183 193 1370
440 1617 1626
782 1586
177 1211
661 676 730
963 1287 1656
382 576
553 931 1144
192 522 1182 1220 1247 1549 1711
154 309 506
280 468 1270
703 1195
308 1251 1418
1123 1532
402 1171 1312 1410
512 673 1619 1715
173 270 770 1456 1697
13 299 1691
543 1517
123 673 1305
24 1460
929 1242
9 1659
31 316 348 425
1479 1566 1773
548 692 1237
235 572 1419
1277 1341
433 1184
318 398 1031 1139 1254 1510
1294 1690
530 609 1398
852 1504
1560 1733
792 1137 1590
737 1070
828 1515 1769
450 575 960
677 700
566 1639 1686
1587 1693
922 1781
121 1045 1485
119 664
537 1228
54 1133
141 289
541 563 1608
875 1516 1660
38 833 962 1048
700 709 770 999
223 614 883 1235 1407 1667
592 748 788 956 1171 1557
651 1499
1220 1257 1735
15 444 666
175 545
9 1162 1492 1722
589 1602 1658
159 163 494 1577
750 1008 1551
280 1569
595 961 1431
22 146 229 637
351 701
979 1456
198 624
427 775 1133 1474
346 696 1657
383 431
1111 1137 1773
363 1507
377 559 992 1557
589 1340
1244 1544
531 637 877
156 535 938 1456 1612 1739
405 673 1338 1404
254 790 1698
185 349 797 1036 1458
375 551
605 606 1295
952 1383 1487
65 1591
282 641
257 329 410 826
376 1752
132 937 943 1353 1496 1710
1184 1420
457 1183 1435
529 1392 1752
324 483
1374 1471
593 643 1488 1748
276 1395 1494 1515
221 1045
97 1114 1199
462 554 866 1544 1578
205 665
131 1025
739 930 1348
67 295 341 573 1309 1319
1545 1550 1600
940 1257
154 197 343 988
1135 1296
1154 1770
185 652 768 1024 1373 1741
10 266 1591
198 360 394 788
607 1509
1147 1384
395 1025 1777
133 650
1107 1185
1284 1764
453 1591
312 1640
105 998
1102 1216 1663
312 1152 1385 1703
1285 1458
247 1420 1771
475 516 1097 1301 1356 1377
305 490 611 635 1366 1764
324 510
553 943 1527
53 351
528 826 1666
735 843 852
80 210
560 1024 1326
73 1422 1649
369 1441 1585
386 722
297 474 774
1484 1565
368 542 545 849 876
268 1320 1734
976 1304
198 848 1372
4 71 587 908 945
374 1694
20 32 382 1274
1105 1141 1177
174 645 685
139 243 271 720 880 1325 1458
666 1242
406 950 1450
97 1298
10 293 475 1770
814 825
119 173
709 1591
125 556 1080
29 256 354 693 1483 1498
1707 1752
64 1381
1057 1419 1679
458 837 1739
596 1624
796 1242 1668 1740
1264 1593
872 1040 1403 1499
10 54 505
335 1144
394 871
1200 1339 1673 1736
171 597 831 1334
224 981
22 164 816 844
542 990
21 1101 1130 1227 1353
1107 1514
324 387 614 1638 1693
989 1134
492 904
359 457 519 564 620 820 1283
448 1376
684 1174 1471 1561
183 1755
15 241 586 1314 1381 1440 1461 1470
342 696
29 95
549 780
232 263 622 685 797 917 1196 1280 1442
1113 1407
277 320 491 539
36 524
318 351 902
287 371 995 1439
138 547 1202 1544
183 310
39 173 718 913 1487 1762
931 1233 1570
883 922 1658
211 242 912 919
225 1654
451 799 1218
875 990 1438
239 633 1121
435 996
444 571 1366 1491 1742
162 168 1001 1103
181 1214 1608
208 412 612
604 1153
284 361 750 953
548 1282
439 572 603 645 700
622 741 1332
21 1619
32 309 1069
489 516
101 194 700 1062
756 782 1074 1133 1329 1441 1524
696 969 1306 1647
56 1707
439 832
871 1336
4 371 409 1164
40 556 1007 1525 1760
99 138 1281 1669
977 992 1487
732 1018 1052 1067 1587
247 384 476
572 1489
821 1029
245 866
406 940 949 1425
111 355 1476
398 567
466 1015
271 1754
715 1028 1122 1362
275 1465 1669
17 150
860 1661
460 719 1146 1717
773 1270
468 742 859
228 236 257 355 965 1333
161 1506
204 735
58 829
538 1438
256 526 983 1024
900 1241
18 324 1315
900 1144
311 384 456
857 1491
715 1207
908 1265
68 191 674
209 473 936 1074
678 1033
878 1152 1736
325 765 1145
672 1403 1592
139 727 1662
360 641 1686
840 1454
25 990 1345
1160 1331
676 811
20 661 769 1162 1281
190 1765
448 1127
417 920 1406
17 173 1615
206 1160 1172 1372
292 1240 1636
437 1588 1602 1747
318 473 849 936 1642
616 718 1007
172 553
535 1044 1588
170 903 1669
118 155 1356
392 754 1418
298 327 1199 1321
518 1602
1225 1237
210 242
108 1484
362 677 1026 1205 1254
164 354
415 868 1316 1404 1763
266 1137 1292
63 287
440 1117 1265 1574
114 1093
429 744 1015
306 936
273 644 1539
101 933 1202 1433 1595 1604
372 1214
297 336 1074 1579 1765
55 641 695 1705
1052 1225
1 448 1041
68 359 890 1661
878 1242
194 1163
1396 1567 1645
185 499 807
712 1717
147 1569
187 855 1388 1682
408 1220 1665 1666
1275 1365
21 586 798 985
48 1772
550 641 1417
355 923
192 1740
123 473 595 1041 1424 1764
470 574 1074 1680
260 541 1223 1244
118 141
157 475 1118
51 835 1058 1430
99 1331 1766
1189 1487
817 1235 1633
547 585 640 1107 1119
200 1148
749 845
619 695 798 1411
204 491 717 951
541 1525
134 552
80 1143
991 1576
1422 1464 1744
523 709 928 941 1715
663 818
98 443
654 796
1039 1107
221 435 1588
86 1455 1516
1126 1476 1757
477 675 1276
186 1370
573 1126 1437
1495 1734
115 694 733 1188
1194 1281 1286 1555
452 600 1466
427 511 1536
159 171 445 1015
322 461 885
284 371
337 1732
366 564 1444
47 1283
256 670 1347
494 606 913
809 1780
457 1124 1325
655 1618
992 1529 1546
1017 1458
306 376 416 846 980 1634
1478 1480 1481
295 725
610 1306
55 536
193 767 1294 1331
362 455 575 592 1505
587 1033 1553
137 1447
442 617
333 589 1731
569 987 1016 1067 1569
708 826 1726
587 1148 1226
418 1661
317 1048 1352
440 931 1693
43 1206 1614
396 707 1057 1546
572 933 1208 1684
105 1115 1377 1723
411 1350
901 1208
167 459 1180
14 899 1012 1744
898 1126 1562
162 382 407 962 1626
584 1181
63 138 1010
18 1281 1359 1694
172 309 1382
762 772 1124
71 725 1059 1290 1528
244 272 1382
636 1030 1411
903 951
318 351 685 1672
1215 1311 1534 1632
900 1071 1189 1726
413 790 967 1425
475 814 841
265 697 1063 1246 1529 1723
775 1562
716 745 877 1401 1431
18 433 1029
3 138 732
306 818 1016 1259
67 298 1524
32 873 878 1015 1274 1409 1421
50 682 1038 1275
439 1121 1173 1489
979 1093
737 1060 1431
427 1207
625 1340 1431
217 444 1688
411 1535
1114 1585 1617
542 1079 1092
279 312 1570
1158 1291 1708
151 876
33 1693
34 578 980
780 1015 1292 1421 1673
25 123 480 612
666 1238 1541 1724
1136 1471
488 1317
1036 1374 1415 1517
51 789 956 1477
1657 1668
62 289 861
67 1477
118 345 1044
560 933
355 1749
116 1341
305 736 749
237 904 1149 1397
1252 1393
133 154 1270
499 789 1195 1227
324 452 695
246 539 1483
341 1182 1340 1368
844 1762
140 241 1254
287 1387 1667
239 1356 1768
860 1130
897 1094 1682 1743
415 430 843 1405
206 561 768 882
645 759
282 787 825 943 1386 1489 1703
337 1291 1310 1782
322 751 1287 1739
126 1023 1660
620 928 1530
75 865
1047 1102
852 1329
125 453 1680
1383 1503
106 1158 1698
149 802 923 1483
264 457 1101 1712
63 410 558 1172 1330
41 275 446
392 1586
348 659 1367
250 1512 1526
364 885
549 1142
311 993
481 554 611
1564 1751
576 578 1340 1610
699 845
199 1486
925 1373 1593 1609
804 1158
138 1064
310 1244
922 1472 1580
519 997 1092 1325
143 428 1768
727 1282 1708
226 975 1519
619 1329 1612
396 478
992 1654
278 421 1248 1584
438 462 1319 1612
209 1071 1660
11 1161 1583
426 563 860 933
174 1611
320 590 1733
182 481 549 789
134 918 1721
555 1162
25 193 483 1622
492 956
219 314 575 893 1501
131 1397
204 1184
259 1092
737 1559
229 1005
742 819 1656
1237 1405 1649
1397 1532
180 636 837 1209
327 1348
1256 1681
578 1306
471 619 1765
8 586 941
766 1503
631 829 1103
16 766 1285 1337
848 1158 1205
327 958
202 418 1695
83 1170 1772
642 672 1126
945 1005 1224 1580
1381 1423 1479
8 1112
774 1070
742 757
1647 1649
1128 1407 1665
1475 1646
129 136 204 818
1192 1464
132 1046 1137 1244 1410
971 1390 1731
139 616 1394
226 787 1202 1346
397 764 799 1053 1506 1591
115 448 1205 1224
153 748 808 1555 1581 1627 1771
29 175 488 921
119 258 376 720 1040 1207 1238
164 353 394 647
116 1020 1114
220 721 1600
586 1242 1530
1121 1525 1741
892 1323
374 569 1338 1532 1562
140 148 430 757 888
544 1029 1033 1393
547 894 1390
154 767 1223
185 369 645 900
403 696 1381 1520 1591
1122 1432
171 626 661 740 1323 1547
137 635 1167 1381
58 322
60 297 1301 1549
113 928 987
116 320 502 645 688 827 875 1225 1245
1197 1719
322 1031 1650
310 434
227 333 430 1754
660 1234
235 735 1164 1165 1397
188 330 1160
554 930 1742
202 551 1260 1464
372 800
201 375 461 481 808 1399
305 762
432 1440 1473
344 1438 1460
148 537 755 963 1128
446 1503 1707 1777
765 1136 1713
566 1260 1329 1698 1704
14 505 707 790 1712
934 1380
856 1534
1353 1573
473 824 1099 1625
1050 1285
1080 1712
580 727 897 1126 1470 1550 1712
280 1191
192 559 651 1336 1440
1398 1655
101 852 1014
1 669 1724
61 637 1770
1314 1451
679 1309
1293 1425
1064 1341 1496
210 252 541
47 199
401 1647
141 704 1085
194 746 1632 1683
915 1249 1644
1463 1658 1701
110 838 1162
819 1494
828 1172
1085 1290 1619 1659
46 236 847
1276 1468 1592 1659
203 272 629
278 391 1080
432 1306 1698
664 1420
91 702
619 656 785
294 549 1545
1336 1428 1446 1627
232 733 1218 1433 1630
174 1546
536 594 941 1245 1487
1401 1605
327 337 1166 1773
57 500 844 1110
107 843 1303
107 487 896 1160
641 782 1758
379 1012
238 1443
451 1398
381 1687
770 1035 1080 1147 1474
3 352 476 1471
139 1281
283 984 1035 1696
1167 1186 1477
79 916
299 377 870 1569
1122 1592
146 287 429 433 1005 1365
675 1311 1768
417 600 666 1038 1136
355 763
1586 1717
1009 1072 1328
70 724 1269 1700
377 478 1414
311 694 818 1325
1284 1492
565 676 1177
501 1329
736 1236
306 637 1188 1361
62 1584
376 1008 1478
15 795
339 1153 1337 1625
158 273 298 495 1057
37 327 932 1100 1339 1346 1510
392 406
102 981 1008 1396
49 813 1218 1503
10 49 87 118 136 369
423 438 1590 1605 1663
140 189
262 884 949 1224 1403
232 640 785 1038
261 433 1744
307 332 1024
193 664
69 105 668 1431 1580 1755
123 145 258 334 1116
433 919 1688
540 702 864 956 1183
763 1597
197 1463 1694
1398 1531
459 949 1133
393 1772
183 538 852
610 732
561 956 1737
1350 1597
370 1362 1403
703 1107
426 805 1743
189 789 1373 1411
481 803 1003
1227 1247
386 1270
269 837 1422 1631
595 1627
49 113 497 1253
516 655 1169 1503
820 1368
926 1287 1711 1769
47 150 440 953
696 1315 1501 1683
361 1403
652 1215 1366
607 678 1629
375 765 1672
13 16 553 566 912 1358 1382
480 1613 1718
823 839 989 1520
368 663 704 906 1360 1411 1454
419 971 1755
408 748 768 778 1626
659 842 866 1592 1774
262 396 1325
349 1513 1657
1552 1711
540 799
126 1237 1597
610 1071 1720 1735
49 608 1213 1535
271 372 1076 1655
99 237 882 1329 1447 1771
270 781 1482 1484
685 866 902
631 1383 1422 1685
469 939 956
440 443
541 1307
368 830 1110 1355 1602
782 1234 1456
902 1048 1226 1594
231 1006 1123 1775
993 1091
10 177 836 1508 1657
113 345 799 1324
85 99 704 1158
520 544 693 921
619 707 1443
141 1569
198 411
488 731 1259 1307
1308 1667
725 797 1149 1693
890 1019 1135 1464
1549 1627
926 1141
112 189
365 481
523 1690
415 1657
266 343 1294 1546
14 555
321 1348
501 1400
45 1096
1250 1678
1192 1718
284 362 597
8 264 518 643 721
301 630 670 698 996
320 1478
341 518
149 262 1408
819 882 964 1185
257 704 1454
380 1478
1056 1138 1715
684 904
364 521
501 913 1164 1198
573 1458 1754
2 907 1613
178 296 485 873 1279
348 1128 1356 1652 1715
578 995
894 1339
1122 1271 1469 1768
1288 1499
941 1652
157 596
140 185 216 259 687 1279 1368 1660
16 139
36 42 674
76 403 1752
292 975
91 425 1440
161 379 1683 1748
229 808
666 1581
856 939 1371
1004 1403
559 593 889 941 1048
176 357
27 499
250 835 1199 1534
32 442 560 946 1336
45 1452 1464
239 998
76 701
856 1024 1130 1381
144 1530
574 1466 1550
189 818 1304 1343
325 915 1122 1671
251 837
156 282 759
301 559
247 265 1536
412 854 1418
277 415 604 944 1079
835 1033
7 256 311 714 1151 1650
1301 1324
877 1213
461 988
428 534
147 575
133 754 792
42 905 1305
315 801
318 393
147 159 238 457 852 1609
45 647
498 798 1308
45 454 968 971 1482 1745
281 1214
152 521 987 1595
572 1214
992 1531 1663
536 889
745 787 1329 1390
831 1223
25 419
232 620 910
203 1224
284 973
395 1045 1095 1687 1709
137 906
546 577
17 1216
546 1540
175 452 527 767 859 1352
388 984
219 571 1469
636 1170
92 1333
143 1503
1113 1281 1529 1602
607 1166
515 861 1517 1537 1737
341 1737
152 474 722 1079 1145
388 485 1213 1444
534 574
1433 1565
1159 1668
266 460 877 933 979
39 204 330 617 831 1058
1 606
323 413 729 1237 1468
118 502 1004
116 188 299 1301
133 1017 1353 1356
116 987 1654
138 837 972 1677
178 1144 1405 1634
116 1402 1417
240 592 1720
643 801 1118 1142
130 637 1341
475 786 1604 1613
1194 1491
849 1596 1687
622 813
62 281 1239 1375 1744
1028 1048
261 785 1124
125 144 1292 1347 1566
616 805 1406
448 493 1403 1479
104 1078
589 1470
177 496 1538
1493 1697
220 1489 1722
133 1656
556 780 868
352 1522
659 765 1597 1692
872 899
885 1307
395 1259 1276
526 705 1607
37 122 360 511 534
236 267 1558
438 1233 1386
288 892 1471
223 249 1327 1557
683 1199
70 249 916
199 1262
193 263
305 783
283 774
277 315 761 1505
693 1105 1364 1524
369 916 1216 1776
673 1782
1729 1759
113 1554
1169 1603 1606
530 1416 1703
320 627 717 1132
123 150 1764
291 457 1234 1466
562 766 924
104 137 1610
281 1302 1364 1514
545 640 1430 1438
23 30 275 759 876 911 1564
273 1299 1339
421 449 1246
478 1698
819 1315
170 1134
1138 1709
229 938 1196 1628
205 219 773 1053 1565
695 1292 1713
1031 1693
146 471 1075 1418
1452 1489
1070 1122 1234 1492
271 421
341 1428
646 909 944
1422 1646
397 696
516 532 1348 1770
1047 1634
841 1025 1147 1414
333 921
736 898 1098
339 1144
135 251 1147
172 904 1653
134 648
758 1140 1305
196 1141 1685
954 1099 1255 1531
273 556
418 659
10 535 953 1504 1509
186 1520
685 1156 1419
60 1193 1558
1185 1661
748 1464 1770
338 871
742 1676 1743
124 383 985
167 1121
256 456
283 780 1307 1540
376 1002 1374
47 981
437 938 1258 1365
390 676 1425 1503
171 912 1564
729 762 854 1054 1238
1065 1221
511 608 908 910 1227
11 377
237 1169
42 497
8 900 1089
124 865
126 1659
420 439 442 728
175 684 900 1440 1593
143 351 1509
286 1583
636 824 929 1041 1080 1457
125 746 1536
710 863
474 1364 1627
244 1091 1328
341 623 1713
850 981 1216
765 1679
677 1160 1558 1664
64 1107 1375 1429 1595
202 897 1379
1027 1459
655 1748
363 1441 1458 1766
370 711 786 972 989 1379
963 1499
568 1729 1758
27 344
221 570 829
316 1403 1542
16 1323
718 1295
708 1603 1771
409 648 1134
513 1632
542 701 730
437 509 749 1492 1681
518 1013
679 827 997
846 1137 1754
463 1459 1620 1680
1362 1716
384 1041 1668
791 995 1448
297 1432
136 638 802 1132 1459
1757 1769
110 650 772
566 1104 1576
58 1101 1745
152 1104
720 1001 1321
677 1651
545 1730
989 1765
631 1557 1627
266 1180 1271 1323
185 309
470 902
101 415
1164 1319
471 1007
360 568 1498
158 297
719 1557
1527 1596
1197 1667
1340 1545
185 488 734
649 737
413 734 1016 1533 1754
1128 1734
342 696 868
327 759 1189 1468
1294 1711
1016 1685
718 1097
22 239 378 517 1032
357 577
817 979 1106
48 181 1335
1379 1702
90 746
18 1494
582 757 1301
125 1339 1469
111 117
1254 1603
395 515 635
1393 1616
55 1520
93 595 1375 1703
146 1123 1133 1708
132 473 661 736
742 1455
150 1705 1763
625 1110 1381
700 1144 1742
1271 1488 1578
121 201 462 596 669 1210 1483
721 858 876
479 1114
1190 1249 1669 1764
683 866
107 776 907 1700
287 732 1556
1029 1327 1618
407 1533
415 950
173 340 438
199 247
11 122 471
32 1017 1762
296 402 476 728 955
438 1743
762 1703
209 547
357 683 1526
1061 1437
1044 1622
586 981
1302 1491
197 343 846
547 1529 1540
1054 1149
933 1552
103 234 491 675 1696
325 809 1470 1586
359 443 542
84 421 1432
22 250
655 1493 1509
118 767 1152
351 846
89 1216 1422
15 87 225 804 1767
230 1649
473 732 856 1211 1351 1608
84 1043
225 1174
52 959 1054
169 562
1210 1366 1457 1719
758 1008 1278
812 1001
576 1665
548 1328 1773
67 1158 1573
772 1298
347 1154 1365
909 1156 1230 1410 1427
157 706 872 915 1704
99 761 1612
700 1144
239 761 1442
1313 1404
235 900 1178
84 1048
495 774 1164 1339
879 940
270 271 658 692 1353 1714 1758 1769
339 1408
402 430 1266 1483
27 101 379 1376 1399
84 818
312 488 796
156 336
63 1361
1504 1728
123 352 354
258 898
126 938
920 1535
210 597 728 773 1031
16 1339 1445
721 953
15 549
637 1582
15 171 396 1491
18 172 357 379 1413
854 944 1109 1713
169 1003 1429 1658
39 650 1017 1685
721 1591 1617 1733
688 1329
201 873 1557 1715
427 831
1213 1420
183 1364
248 322 901
180 996 1645
669 965 1006 1052
18 1562
729 1462
747 915
672 689 1424
1300 1325
68 176 1220 1306
800 925 1040
88 256 1372 1595
98 1287 1472
627 757
11 797 1351
19 1771
578 1452 1717
369 593 766 893 899 985 1012 1172
17 1053 1070 1530
734 1110
3 413 593 657
381 712 1186
112 138 927 1341 1594
1377 1512 1614 1659
297 1008
593 772 1051 1174
393 992
551 1534
635 878
478 816 1070 1250 1664
1393 1542
333 1604 1775
586 634
68 1221 1463
509 981 1109 1400 1703
37 194 1576
457 1062
9 1180 1318
540 924 1466
359 414 466 1230
466 513 991 1324
249 342 362 921
215 235
1221 1737
157 1211
180 203 1052 1684
96 286
875 1041
784 803 934 1163
471 595 1060 1113
164 736 839 982 1061 1697
1274 1442
847 1599
32 42 1099
704 1450
1281 1676
1111 1141
145 791
999 1370 1657
491 511
1576 1744
80 463 670 1460 1663
556 698 713 1733
75 128 926 1588
160 498 892 1148 1183
231 244 253 951 1352
420 1300 1493
635 1377
976 1005 1530
80 1026 1611
778 822 859 1686
975 979 1434
53 1367
791 814 1742
164 1680
870 1667
1165 1555
844 1677
105 578
143 1444
384 777 1314 1578
405 723
176 335 661 709 797 1013
217 299
579 1185
664 1292
528 1212
224 1022
279 305 722 911 1308 1614
139 229 602
367 865 1198 1550
35 462 636
1057 1770
731 803 1579
300 1294
854 1772
1009 1457
488 1417 1569
1371 1573
152 263 600 1740
11 950
236 317 1250
607 697 1308 1396
426 509 526 1147 1205
12 442 1175 1236
140 1613
760 1352
1278 1536 1681 1763
17 368 832 1323 1624
345 959 1014 1507 1518 1594
562 719
3 801 1209 1689
36 898 1735
237 1201 1463 1525
633 711
12 277 390
296 1091
112 643 758 1041
401 496 1034 1195 1370 1583 1600 1662
1041 1112 1283
1093 1221
125 215 386
492 860 1291
284 393
962 1031 1267
601 863
86 575 1020 1486
1465 1493
245 544 1070 1760
1644 1709
857 1358
1268 1470
1004 1062 1317
594 1370
596 860 937 1365
83 107
118 1064 1099 1782
523 1693 1744
244 970
486 1540
489 633 799
745 963 1496
181 747 1727
139 737 1388
94 1478 1646 1661
175 810 1397
81 97 1160
657 1211
567 1522
692 1000 1474
644 1495
38 1580
751 1490
835 1234
119 731 982
153 645 693
162 207 837
701 765 1003
32 344
243 918
673 843 1491
328 885 1101
534 730 1695
681 1623 1632
505 1744
548 683 1061 1130
287 326 340 407 421 1318
1262 1724
403 1099 1648
485 596
75 681
183 531 797 849
253 1159
223 370 505 910 1337
256 325 933
256 1683
592 1166
555 1292 1766
278 429 1047 1235
270 697 1464
361 1108
194 679 1578
727 1008 1244 1374 1417
124 736 1704
45 861 1178 1323
459 651 871 1028 1221
153 1245 1366
64 1316 1711
633 1453
1247 1287 1500
209 568
943 1443 1514
53 519 536 972 1076
545 793 1017
170 1622
238 556 651
287 1393
833 882 1415
225 722 1121
102 432
136 532
316 1509
330 1147
788 842 926 1021
206 312 809 1353 1477
938 1062
369 775 1174
197 381 502 1569
721 1148 1450 1549
423 976 1679
239 454 743 1028 1176 1395 1491
107 532
17 500 594 1417 1579
991 1262
446 1665
674 1512
155 1224
96 236 407 1254 1478
476 498
261 714 745 1124
36 440 608 1193 1517
719 771 804
1566 1582
159 352 792 1217
172 404 678
966 1254
163 537 718
465 556
68 991
422 1144 1318 1414
1286 1513 1678
468 786 850 1472
459 996 1033
264 844 877 1097 1373
827 1359 1377
146 605 719 1176 1224 1714
472 606 991
194 1003 1341
706 1420 1694
377 749 1099
405 659
1053 1509
84 229 774 1463 1776
973 1238 1457
229 489 761
834 1013 1113 1748
337 647 1769
431 1093 1199
80 775 1782
217 464 621 1132
412 479
502 1096
725 1432
521 1660 1716
149 300 393 543 577
258 1768
308 362 369 1086 1279 1414 1630
145 685 875 1274 1391
1017 1379 1442
2 674
254 505 1099 1151 1294
1156 1316
137 385 470 1605
692 1307
325 490
899 1704
164 550 1300
262 456 1333
259 1300
618 1033 1418 1764
824 946
659 751 1419
1272 1453 1651
373 392 1250
780 1115
490 1457
8 1055 1392
125 1123
1059 1410
244 1036 1338
338 707 904
957 1064 1452
203 339
365 1401
145 846 866
17 64 154
521 1053
488 1274
1094 1572 1723
148 768
354 1544
599 865 1493
645 785
137 1118
331 1415
468 662 1013 1100 1170 1234 1537
508 853 1496
150 1011 1486 1618 1719
143 344 1183 1338 1405 1769
574 847 1092 1630
138 295
242 277 403
567 989 1250
135 583 1630
147 1101 1238
53 402
27 442 1484 1615
1112 1299 1681
1147 1181 1452
167 513 1518
734 972
157 928
1027 1193
12 953 1445 1698
650 712
45 134 914 1712
270 638 825 1680
460 937
1287 1768
618 791 890
5 697 711
176 197
275 883 972
1038 1087
96 1119
859 1483
175 239 832 1110
518 702 1379 1450
177 248 570 1171
130 674 779 919 1765
11 238 1485
1126 1576
728 1179
300 887 942 1470 1498
388 530
664 1237 1315
331 1494
1324 1404
1297 1486
271 497 723
447 805 1409
22 631
414 445 650 890 989 1062 1665 1730
1093 1137 1341
598 1365
1494 1588
290 988
280 715 1245
26 335 1029 1117 1460
516 771 1111
856 976
702 1395 1672
271 314 992 1270
87 303 1049
223 604 644 1395
1141 1496
88 223 466 519
928 977 1358
29 400
499 1455
18 97 141 1406
269 1543
1008 1036
263 802 1134
419 751 1575
357 554
907 1400
207 241 1225
417 1277
76 609 1146
1386 1431 1458
441 888 1028 1315
168 326 871 1143 1415
124 513 888 1108 1186 1507 1660
598 1398 1729
524 621 1283
1213 1296
512 589 1151 1754
898 1299
320 781
1199 1397 1733
10 866 1671
629 879
533 605 1432
594 1464
508 734 1306 1321
358 687 1178
115 296
140 148 488 1333
719 1762
70 787 1640
67 484 641 813
513 1220 1544 1617
226 1026
218 293 569 1438 1664
890 1529
1547 1583
137 201 683 766
787 1285
85 1024 1037 1312 1496
722 903
159 393 890
753 930 938 1025 1174
123 1419 1745
720 756 909 1389
1695 1768
560 577 859
283 978
1142 1623
1132 1422
1214 1321
494 755 1136 1665
64 301 508 853 1307 1328
397 869
840 850 1053 1429
917 1283 1645
146 828
617 1620
507 1270 1680
224 1020 1121 1617
395 1405
871 1299
324 1132 1766
357 409 696
594 907 1182
148 474 910 1319
697 1370 1693
722 729 965 1061 1175 1499 1741
653 878 1226 1530
661 820 1769
136 321 851 1645
488 1511 1551
216 238 412 581 1530
1114 1724
926 1445
302 325 605 731 1356 1465
1565 1668
398 858
18 36 991 1421
689 826 1222
540 700 1391
636 1219 1733
607 779 965 1116 1676
853 1182
341 481 730 1407
720 1492
826 918 1193
68 1249
514 798
131 318 371 1015 1573
568 985
766 931 1162
1024 1097
706 1366
977 1578
54 1097 1141 1230
931 1111
788 1003
119 822 1038
140 379 565
326 919
340 552 1108
976 1120
1226 1321
376 1682
802 1179 1293 1294 1301
396 928 1666
196 1346
53 909 1198
614 930 1346
750 1728
141 1563 1592
53 171 913 990 1062 1384
722 889 1017
1365 1648
101 168 1157
656 796 1706
587 728 1680
775 929 1092
734 1125
528 1257 1460
72 376
282 316 403 496
515 1451
287 769 1497
6 1208 1242
215 679 1101
189 890 931 1406
481 499 747 1361
172 1163 1614
627 1386 1589 1773
1470 1683
125 211 646
1 1486
868 1335 1416
180 791
141 772
568 1040
904 1028 1151 1506
720 1404
176 1495
1264 1616
950 981 1583 1665
823 1082 1130
320 370 1127 1216 1379 1731
204 236 1040 1335 1441
183 442
54 213 239 1666
1586 1695
937 1119 1591
588 756 1468
450 1348 1677
324 761 955
471 876
595 921 1731
557 1573
654 1049 1076 1545 1710
272 588 835 1655
1183 1243 1523
1232 1715 1733
1044 1214 1552
339 612
386 653
238 436 444 1048 1314 1659
135 145
232 567 578 1252
770 1185
47 73 386
530 719 1582 1676
534 1076
3 1234
32 1483 1656
65 280 955
84 1210 1286
766 1521 1565
249 793
448 786 1116 1123
313 1390 1495
227 1138
315 1061 1773
1280 1420
298 427 873 897 962 1049 1477
537 1249 1594
22 539 763 1590 1781
84 1674 1682
889 1169
1444 1681 1776
588 620 860 1108
1183 1593
280 1551 1741
259 379 513 1359 1708
144 406 637 1123
320 498 596 736 989
63 1578 1630
918 1113 1128
271 865
559 844 1057 1412
304 589 862 1066 1196
1648 1708
1 144 439 533 592 602
338 723 960 1678
707 1638 1665
554 899
284 1324 1529
373 478
41 544
596 796
793 1172
1187 1714
1116 1481 1680
831 1162 1461
655 817 1640
132 576
218 920
871 1705
868 1463 1487
348 701 1328 1688 1764
305 626 874 1076 1227
418 1210
1 69 1211 1650
646 1023
308 1391 1469
338 1595
110 597 833 964
34 596
660 926 954 1423
112 1682
1138 1219 1474
763 864
402 1256 1558
118 542 944 1406 1428
572 1315
42 89 202 723 1090 1418
332 1327
125 1651
315 1713
698 976 1494
560 1274 1390
288 547 554
508 1156
476 767 1119 1722
1026 1228 1725
354 664
132 1271 1357 1611
421 712 962
1048 1762
941 1040 1335 1584 1605
83 398 709 797 1250 1359 1534 1537
519 1238 1410 1671
398 429 619
1207 1441 1501
64 573 1501 1625
64 385 1178 1266 1661
280 572 1352 1362 1384
379 543 1016 1291
11 701
112 315 857 1199
312 1455
403 971 1632
422 893
481 943 1634
300 802 982
381 1337
9 812 1437
133 638 1466
748 1316 1641
814 863 1052
152 409
681 1206
270 460
367 602 975 1084
107 192 922
551 899
220 1176 1576
1073 1142 1423
217 350 844 939
517 1285 1543
263 1212
809 815 1008
397 631
1136 1417
1484 1729
626 1013 1315
7 151 1571
342 489 663 703
577 950 1376
29 968
388 917
574 1068
835 907
233 1725
389 710 1499
298 299 454 1251
496 695 1097
458 867
929 1238
782 898
279 482 918 976 1398
1359 1698
870 1211 1446
361 470
991 1178
299 947
194 1379 1640
799 982
108 885 894 1170
965 1612
794 1410 1704
119 864 975 1087 1339 1342
394 1359
321 417 1707
489 542 554 1262 1422 1440
903 1003 1338 1421
908 1352 1753
8 252 610 1616
397 504 823
217 433 924
116 183 560 889 1708
780 1384 1614
483 701 928
35 161 576 1123 1286 1494 1530
48 702 809 1404
1133 1372 1442
74 160 1668
405 904
1124 1562
409 1533
63 703 1277
602 677 1592
183 342 834
412 820
111 551 1646
1423 1513 1592
758 1332 1345 1753
1091 1512
622 1511
209 1096
179 550 1124 1221 1407
193 225 413 429 531 1181
217 537
53 991 1395
36 75 726
223 926 1091 1393 1406 1464 1582
853 1080 1575
531 567 1098 1395
152 708 1515 1759
1 678 1257
418 916 1076 1505
238 1262
141 212 740 893 1529
143 153 1216 1518
14 639 1170
497 528 692 1269
883 997 1027 1112
1156 1585 1762
84 452 1122 1559
197 411 605 1158
899 970 1196
201 1650
289 560 917 957
68 80 371
121 1537
1061 1650
571 702 1740
618 1690
425 1181
135 1291 1326 1664
54 102 357 673 691 1492
1184 1713 1745
1308 1625
1318 1752
59 518 665 847 1118
99 114 704 747 784
929 1130
1059 1604
70 520 760 1559
72 600 939 1247 1465
167 331 705
902 990
1156 1678 1725
1041 1286 1425 1720
633 832 863
406 548 646 1548
748 1366
897 965 1185 1406
742 1331 1641 1666
876 1245
1103 1199
57 101 486 1039 1136 1188
334 1291
923 1201
237 600
861 1112
126 718 961 1355
15 342 747 1469
728 846
824 997
303 864 1321
14 275 1462
111 1341
339 779 1468
1083 1169 1645
202 509 1507
419 1463 1486
168 299 433
1133 1378 1509 1543
1075 1256
330 356 760 812 1335
388 1420
284 673 712 1300
528 1120 1382
411 1412
749 970
49 1026 1471
289 608 1141 1197 1719
44 1522
776 877 954 1531 1771
719 811 1678
1027 1522 1772
1574 1709
160 564 875 1559
424 1349
87 664 1543
199 489
437 608 1300
1225 1356
267 526 537 693
1197 1384
331 559 604 1367
168 652 1228
260 615 1663
383 901
291 1178 1471
406 458 1235 1564
1362 1553
919 1708
521 1598
149 571 1585
471 971 1097 1256 1272
160 569 1159 1476
21 534 1195 1568
312 1550 1645
1050 1377
1228 1572
211 1236
408 1013
1175 1462
1108 1635
406 410 891 1193
960 1695
169 1070 1711
325 1366
1469 1746
587 1192 1277
718 1511 1678
113 768 850
540 670 1643
604 895
157 277 864
176 1245
420 1368
381 786 1119
809 1050
1486 1525
232 831 961 1686
377 1146
611 1107
215 406 851 1244
278 1662 1739
815 979
57 592 1742
418 461 847
375 911
25 279 282 989
230 677 857 1522
118 179 393
706 919
933 1596 1626
101 311 673
298 907 1241 1283
3 490 857 1426 1634
369 1683
333 637
217 306 337 899 1415
1058 1488 1618
277 461
139 1148 1198 1332 1776
354 489 989 1551 1716
747 853
174 579 1322 1683 1684
154 775 1321 1578
489 1236 1529
126 832
194 752
188 206 244 643 689 861 1645
1059 1116 1471
355 1342
690 1530
949 1038 1729
388 697
396 1376 1401 1417
72 1712
39 134 309 362 680 749 952 1232
55 82 107 355 638
249 499 910 1356 1559 1745
614 732 737 1013 1204 1367
284 831
311 604 605 724 1334
231 477 1052
28 50 664
126 565 1547 1709
260 281 790 1204 1337
209 708 1442
493 1280 1467
753 1496
278 1138 1572 1738
707 1075 1146 1185 1451 1618
1012 1017
236 665 1337 1436 1562
206 309 1271
303 424 640
351 1516
224 1582
508 1286
1292 1683
366 732
276 1174
56 1286
622 1236 1375 1703
85 1689
920 1246 1419
928 931 1626
171 281
695 1006 1162
314 419 492
418 1227 1317
680 1367
1358 1468
142 644 1613
83 136 460
761 1509
377 961 1292 1771
337 1128 1550
784 946 1122 1197 1666 1699
477 489
97 240 1061
200 1452
136 1305
476 1525 1622
499 1362 1771
522 804 1294
722 1285
464 1095 1547
111 160 1106
174 587 1595
312 516 1370
1423 1474
427 1481
258 1215 1732 1779
25 254 261 710
1312 1564
119 419 604 718
765 1382 1543
674 1237
453 459
27 1165
268 399
548 1272
321 948 1254 1382 1407
390 1506
397 616 620 899 1273
459 773 787 1234
950 1168
431 780 832 1370 1609 1651
141 1484
91 250
917 1422 1580 1600
241 378 419 428
291 774 1016
97 278 1011
360 1128
126 621 1575 1685
772 867 1675
460 534
349 664 714 1529
265 600 795
413 842 954 1086
936 1177 1564
247 411
547 1432
14 16 427
1170 1618 1706
413 1198
394 1603
395 937 1446
131 503 599 770 953
721 865
184 786 1696
1256 1522
148 215 1670
171 1413
306 890 1553
173 421
325 414 682
283 461 973 1752
69 589 836 1376 1398
338 1346
536 962
213 335 544 546 686 974
833 1254
1112 1667
428 1370
422 1761
1233 1766
361 597 1400 1565
248 359 877 934 946 1381
941 1121 1769
252 640
518 1216
574 873
1463 1602
859 1181 1466
1196 1593
560 937 1210 1235 1616 1709
244 1542
956 1472
308 938 1165
274 1028 1344
189 620 640 1484 1694
184 719 1046 1305
773 1113 1114 1118
1163 1698
338 1143 1306 1506
814 1433
1100 1393 1595 1703
829 1338
188 1004 1602
1178 1667
291 1088 1626
606 1376
307 612 783 1285 1522 1662
778 1176 1369
778 1438 1559 1736
922 960 1103 1197
213 1247 1387 1525 1690
434 1005 1635
559 754 1442 1483
321 932
70 89 651 1528 1579
749 897 917
62 847
414 675
1122 1718
103 661 864 912
1206 1725
1212 1223 1650
409 801 885 1126
1079 1129 1776
553 1444
659 667 1368
24 1170
608 705 806
25 1071 1180
76 1367
259 1393 1763
75 1152
1 502
571 1421
257 838 1477
586 746 1314 1775
182 845 1080 1099
362 817 859 944 1171
315 500 1142
1036 1153
555 908
408 849 1031 1441
441 1729
771 923 1505
236 990
1027 1044 1407
1029 1638
434 656
1173 1613
573 1343
86 456 670 1040 1691
1662 1685
867 1166 1602
1288 1337
1226 1309
332 700 1213
1212 1604
552 856 1263
402 460 746
1070 1563
243 300 732 1692
252 670
1175 1629
580 1174 1266 1773
305 1627
656 813
413 1103
178 1052 1437
342 874 1576
244 611 1611
988 1768
60 476 1478 1489
215 1480
555 692 1126 1672
454 770
270 548 911
160 201 208 480
505 963
971 1557
166 705 1778
382 894 1285
655 752
4 704 1781
39 517 888 985
814 1489
552 987 1476 1553 1683
26 1363
552 1284 1666
628 640
852 1102
115 453
902 1289 1738
518 1573
337 1304
333 1165
607 728 1118 1140 1170 1713
388 476 1207 1442 1465
544 759 1283
856 908
86 1021 1395 1437
176 1108
252 351 1450 1668 1675
108 577 843 979
48 1231
257 1194
161 1540
59 1756
185 257 541 883 1340
278 774 1366
365 1383 1580
48 121 656
756 1007 1214 1397
374 1121 1276
203 932
132 1142
487 754
459 759 1334
323 710 823
574 1271
9 861 975 1242
472 554 1071
524 660 901
237 333 709 1271
33 47 400
471 626 707 1210 1667
72 370
1102 1690
361 767 1551
1072 1369 1606
16 365 437 1506
352 518 587 1203 1432
332 516 824 1731
730 1010 1481
1014 1506
823 1138
676 1395
281 495 990 1302
205 569
165 697 1666 1704
27 221 577 1103
142 440
1149 1581
303 1220 1601
168 631 813 1428 1731
126 961 1011 1246 1584 1748
1131 1177
370 635
281 1132 1171
459 1025 1287 1452
464 530 1316
184 228 371 377 400 901
388 1296 1330 1671
906 1526
75 1156
662 937 1289 1611
199 1386 1516
1142 1569
598 805 1725
104 436 1572 1675
898 961
780 1376
264 1185
25 589 1183 1355
264 705
195 224 411
677 994 1373 1739
1449 1508 1604
1424 1649
417 1023
67 1768
161 392
89 1335 1722
170 250 672 1337
764 1332
60 308 1151 1329
552 1310 1325
281 329 381 1649 1702
384 730 1619
362 665 1106
462 804 1355 1413 1737
720 883 1076
365 805
1303 1644
27 626 1255
220 366 586
55 577 1565
456 1399 1650
145 755 799 925
1241 1295 1681
240 442 1533 1612
113 1235 1496
1148 1382 1509
27 710 919 1668
756 1769
729 1060 1500 1571
449 1658 1676
879 963
935 1448
1254 1419
47 1558 1700
17 239 612 889
528 1038
610 768 1244 1680
934 1335 1560
742 1220 1358 1671
135 883 1666 1676
485 984
326 1293
817 1138 1428
119 361 946
1387 1662 1728
832 961
77 367 1248 1695
293 466 849 1630
705 795 975 1674 1724
1003 1755
28 185
299 785 823 835 971 1292 1467 1592
127 881
154 396 918 1165
191 205 332 428
430 629 915
120 1605
1547 1741
104 114
916 1229
333 397 1719
707 783 1459
420 1341
467 490 1114
842 1565 1645
556 576
171 303 319
318 1249 1660
384 696 1206
50 381 1177
808 1155
742 1597
311 775 798 1253
511 1191 1578
621 715
116 791 1113
972 1761
778 1387
524 986 1166
32 1036 1066
1 1148 1170
241 520 751 1433
179 1097
138 374 693 783 1635
553 833
153 937 1539
46 69 1492 1717
180 317 1441 1717
677 1045
243 1038 1252
223 1594
725 1241
438 1715
182 427 684 1109 1760
4 121 164 954 1014
868 1676
349 613
123 940
920 1025 1417
567 1718
1070 1469 1765
238 1107
201 1535
594 655 1536
4 1012
513 1600
1024 1333
500 526 623
329 1105 1205 1719
334 609 1011
804 878 1130 1511 1513
772 1438
1259 1777
424 515 1651
1238 1308
110 1031
169 787
703 1773
671 820 1288 1603 1782
83 170 230 238
418 710
229 337 651 965
50 761 1352
173 195 1306 1676
38 335 786 1704
231 1098 1655
1651 1739
1023 1255
803 1656
44 653 1398
116 977
791 1138 1657
298 473 614
946 964 1429
187 520 570 1723
16 398 1655
396 815 1264 1514
1354 1555
143 377
765 1573 1727
391 435 771 1653
