2664 3976
960 1309 2467
1373 1685 2599
1023 1228 1955 2480
27 467
373 904
189 932 2377
1193 2063 2265
1876 2485
1479 2617
1498 2456
171 352 2013
143 928
466 573 2353 2522
202 420 1293 1675 1724 2052 2569 2584 2599
547 1797
732 2043
18 1354 1992
43 264 386 510 956
162 195 1597 2469 2511 2534
294 640 718 1259 2076
253 1046 2570
844 2573
572 1679
288 2012 2406
103 106 2123
262 2055
578 2588
1670 2586
780 2602
318 380 1868 2608
812 1147
20 175 1380 2277
100 370 2331
848 2587
566 1206 1873
85 810 1891 1968 2277
659 1264 1475
1047 2315
295 446 1459 2181 2416 2638
988 1356 2531
1084 1726 2000
235 501 2224
1648 1956
2250 2316
852 1033 1480
3 1909 1935
114 2605
1051 1952 2647
156 344 458 820 1061 1559 2284
916 1827 1950 2461
495 1967 2255 2330
1061 1117
95 1308
745 1419 2610
586 699 984 1467
935 1868 2422
85 1711 1917 2266 2622
325 767 2139 2347
4 1972 2378
554 1192
476 2038 2314 2371
420 625 1255 1271 1332 1705
124 700 883 1856 2116
1586 1653 2534
1055 2136
624 1660
499 656 2150 2242
220 1623
28 182 514 1045 1502 1723
508 2583
647 885 2320
339 1158
349 585 744 1437
742 874 1172
1352 1496 2160
370 833 932 1230
673 1566 1863
1571 2011 2207
754 2491
7 147
78 1563
887 1144
1237 1385 2543
752 1236
1272 2071
579 2192
250 1271 1280
1121 1467 1850
111 641 872 1284 2612
357 441 1613 2465
93 1067 1669
935 1527 2162
841 2190 2443
1251 1822 2095
731 2314
718 884
528 1558 1872
495 1404
31 479
902 1247
384 1283 2661
439 1250 1259 2396 2470
1022 1083 1770
1964 2254 2526
871 1636 1757
299 469 1181
15 226 1037 1466
230 1757
579 796 1721
644 1461 2246 2455
1809 2470
80 1043 2505
555 1258
109 518 2522
907 1429 2058 2495
587 1014 1109
216 692 847 1196 2204 2612
318 1038
223 1382
695 728 1097
645 1648 1915 1992
1328 1363
843 1772 2160
460 938
1961 2072 2111 2408
1180 1341 1811 2312
941 1938
492 923 1035 2100 2389 2564
36 638 2648
67 1695 2599
1392 2643
1469 1561
478 1772
1713 1908
39 616 1186
242 1246 2320
488 878 1144
725 1168 2221 2404
1618 2165
290 371 1304
1914 2277
538 1369
852 1137
866 1192 1254
634 2419 2513 2584
284 315 1028 2260
318 1459 2624
187 769
620 1190 1770
2209 2411 2490
165 1153 1258 1676
1589 2316
13 321 1628 2060 2437
1397 1550
1195 1856 2411
585 1466
741 751
908 1726
139 2341
492 1004 1890
254 526 620 646 836
921 1856 2653
43 2180 2281
2175 2378
2448 2495
500 1132 1567 2200
695 953 1829 2333
1066 1360
154 434 837 1370 2099
1490 1991
282 328
180 2442
1702 2078 2444
255 722 931 1232
371 421 2430
597 1316 1862
559 1933 2014
90 1083
124 2222 2278
944 2255
4 526 1077 1459
906 1087 1426 1737 2076
571 732 2554
508 1157 1511 2416
657 1370 1895 2561
2057 2221
1332 1495
378 825
296 613 1569
566 698 1822
1022 1884 2278
226 1071 1171 1523
448 1207 1354
109 941
1600 2554 2592
543 681 2204
1464 2605
1449 2400
701 1686 1712 2297
373 1054 1302 2471
497 556 1072 1275 1392
81 261 852
438 1880 2137
209 436 525 908
1125 2267
1497 1577 2488
654 1206 2450
519 604 1582
191 2655
378 532 820 2425
191 1105 2262
644 2558
75 540 830 887
423 2265
215 2132 2493
460 836 1950
311 1568
720 744
71 258
1649 2009 2191
1613 2138
951 1404 1954 2445 2526
46 549 2353 2496
269 1031 2561
371 1186 1510 1542 2588
226 380 1417 2078
151 2125 2278
398 543 879
2068 2071
86 157 165 1620 2020 2062
674 1121 2295 2604
163 334 696 1425
17 2358 2661
157 1196 2598
965 2086
1529 1866 2403
357 2655
953 2627
283 1631 1674 2293
1857 2203 2242
950 2094 2400
35 1461 1729 2198
1719 1726
740 2100
86 1449 1806 2249
166 1620 2063 2253
565 1283 1495 2229
925 1581 2598
928 1905 2127
362 539 1419 1686 1808 2227
172 2494
1529 2120
478 1720
239 953
657 866
125 553 1488 2122 2246
426 718 1839 2293 2491 2496
964 2007 2350
2112 2449
1038 1150 1458 1824 2098
1267 1689 1742
454 1064 1174
1828 2226 2442
397 584
134 1945
18 1215
1124 2277 2577
432 1157 1540
1058 1712 2217 2462 2646
1225 1574
199 463 1046 1298 2179
938 1392 1394 2320
700 1197 1703
742 1565
233 1605 1945 2428 2597
623 2509
689 1892
2323 2470
1530 1661 2016
1382 2149
1353 1872
977 2502 2513
294 797 2118
5 1060 1192 2041
713 1314 2425
1808 2295
125 644
1712 2077
125 325 1653 2116
1723 2016
1316 2398
298 1586
1440 1517 1714 2391
247 974 1950
1409 1516
1454 2104
245 1433
122 499 756 1699 2579
981 1066
339 379 1686 1917 2625
1075 2579
272 2291
1275 2475
467 726 900 1967 2558
554 1541
382 1941
435 964
228 1509
574 870 1904 2147
1347 2340 2622
933 1588
1268 1747 1887 2156
221 2389
2004 2261
1259 1631 1657
60 521
1759 2049
204 2382
303 1055
693 1001 2379
1405 2008 2560
1038 1431
935 1598
66 789 2573
200 2411 2496
1392 1732
392 1502
435 655 1614
197 1548 2356
608 2073
231 524 1280 2149
665 819 1055 1753 2309 2648
908 1041 2030
300 1120 1252 1465 2313 2611
1207 1257 1780 2491
85 2634
790 1096
325 1394 1879 1938 2091
482 558 1673 2238
221 1563
313 944 1181 1905 1965 2497
4 584 996 1698
660 2604
229 783 1151 2268 2650
83 1298 2290
368 1042 1175 2661
49 931
1307 1472
1964 2274 2397 2440
1385 1811
149 154 894 1761
719 1202 2282
1193 1882 2639
1320 1672 1707
1780 1866
33 392 684 823 1135
174 460 799
202 2448
1450 2007
1567 2492
2027 2634
511 1617
465 1174 1816
432 1014 1220 2021
758 1251
475 951 1833 2569
34 732 1106
323 1679
1223 2640
1721 2083
1119 1523 1652 2443
370 701 2617
246 638
83 127 980
502 990 1110 1448
746 1602
86 434 623 859
90 1845
762 2407
98 210 1142 1235 2449
2013 2213
445 957 1574
686 1952 2602
520 2000
377 649 2152
420 1409
528 2186
1184 1206 1763 2214
1520 1709 2087
1013 1251
450 1500
698 1498 1734
34 2420
1732 2251
2065 2490
1202 1656 1849 2466
396 559 1224 1802
1567 2013
225 1860
848 1832
409 1321 2587
608 961
1066 1752
81 593
504 760 1311 1678 1742
734 1502 2550 2592
641 1389 2130
828 1415 1725 1921
1492 2421
1234 2465
647 1764
1393 2614
483 837 2146 2467
219 599 1540
2079 2175
652 1769
72 252 394 2508
1139 1714 2449
2385 2646
1392 1837 2439
766 2583
457 2557
736 1211 2223
1013 2027
278 1316 1881 2664
294 1725
157 601 713 1491 2313
1145 1266 2642
812 1302
125 979
583 615 1029 1599 2415
736 1279 1532 2105 2588
559 2502 2601
700 1306 2024
1041 2083
1858 2583
2162 2392
777 2145 2216 2524
663 1191 2637
1450 1500 1514 1629 1914 1982 2646
83 116 1141 2571
957 983
73 1007 1315
49 1618 1949 2105
1403 2175
311 400 2576
350 1276 1653 1754 2462
826 1130 2598
867 2361
1918 2168
627 915 1598 2536
527 954
1518 2615
306 812 1233 2612
382 1007 1498 1980
1058 1806 2204
133 1857
901 1246 1376
1964 2309 2512
198 1871
394 445 1162 1278 2316 2559
666 1400
615 946 2062 2146
69 1091
375 2011
1240 1622
471 717 1179 1789 2479
31 603 1667 2121
378 1271 1945
278 1690 1701
118 739 1227 1482 1691 1899
313 358 1099
525 2239
1659 2356
494 2060
267 1156 2309
47 1963
66 243 526 2629
106 1798 2119 2132
105 1120 1160 2187
1206 1863
239 1262 2377 2604
722 913 1247 2219
2008 2302
1530 1914
747 1208 1296 1449
682 897 1561 2529
1113 1339 2213 2223 2340
2035 2111 2452 2540
217 2316
1009 2368
385 998 1252
1541 2565
602 1771 2309 2521 2530
1846 2070
512 930 2202
455 2376
683 1488 1873
163 592
777 1725 2320
1658 1826 2285
521 1267 1997
1122 2635
510 612 1297
148 1285 1712
977 2060 2459
1158 1404 1784 1801
932 2296
490 502 676 1946
141 442 1662
33 88 185 336 1120 1666
1506 1644 2606
950 953 2358
310 536 1478 2577
689 2616
420 622 1098
405 543 661 853 1031 1907 2507 2643
640 742 1674 1970 2553
768 2508 2581
657 1107
429 2114
1707 2094 2523
1262 1279 2259 2382
127 2561
604 1638 1639 2310
98 1343 1821 2285
565 681 1863 2015 2504
2272 2638
190 1355
2151 2613
528 2233
1543 2498
512 2313
31 437 1035 1412 1780 2221
280 436
798 1772 2141
213 1327 2572
162 1130 1328 1495 2089
101 360 1258 2659
1499 1506
1106 2492
1291 2632
312 1449
478 1176 1885 2583
1037 1083 1519 1859
601 1253 1462 2171
224 1568 2048
610 1111
82 1424 2537
376 1588 1888 2397
244 327 1634
1199 2398
1741 1945
57 820 1894
181 2108
699 1402 1441 2165 2531
274 450 880 2085
347 627 654 2612
474 1122 1627
169 847 1501
409 2521
320 829
2035 2606
986 1985
1201 1556 2065
709 1395 1979 2091
1038 1090 2210
461 1387 2656
1080 1201 1202 2062
663 799 1284
794 1100 1925
148 502 511 963
982 1178 1250 1591 2303
233 603
1069 2079
1464 1819
70 374 1936
898 2496
341 2118
799 2348 2402 2465
405 956 1215 1341 2232
479 1953
146 844 2280
23 418 1377 2388
248 1167 1704
214 293 1603 2506
267 287 2159
600 1520 2180
1612 2594
185 246 1618
44 578 1452 2252
544 1316 2518
770 1086 2558
559 2590
1350 1969
236 440 1128 2231 2623
784 1176 2561
70 494 1512
303 647 1332 1466 1484
561 1216 1993 2017 2639
446 1550
531 791 1316
168 647
436 1416 2537 2553
1507 2289
1839 1863 2018
52 737 1701 2479
608 1041
396 1588 2176
543 697
2 162 630 631 1086
124 1490 1725
891 1733 2066
800 814 1171 1808
326 614 2444
1236 1446
828 2070 2153
852 1865 2481
804 1808
68 316 790 1745 2032 2370 2480
1155 1267
1064 1662
550 941 2085
484 1416 2327
1270 1422
861 1232
810 1767
1174 1512
651 1464 1469
1428 2635
57 1064 1606 2449
202 1882 2048 2601
1496 2228
2286 2291 2451
1079 2285 2527
1635 2120 2597
814 2326 2443
2311 2478
166 188 1452 1564
294 946
1588 2046 2345 2525
1398 1488
943 1320 2091 2445
254 1034 1625
1562 1882 2160 2268
128 1414 2602
917 2297 2342
35 1400 1541
2067 2404
255 482
1048 1060 1491
1606 1891 2175
429 1019 2623
554 907 1016
892 1355 1511 2452
2153 2644
513 1724
200 214 673 779 971 1232 1616
465 2401 2440
1214 1331
160 2342
1868 2532
1787 2634
295 1743
54 2454
2049 2069 2366 2570
1750 1821
282 1984
360 2147
66 913 1268
938 1035 1203
480 920
594 1923
1420 2373
630 1829 2458
392 2275 2401 2488 2558
88 675 1140 2149 2274
2040 2597
1059 1370 2006 2618
46 2058 2393 2573
307 747 949
755 1291
734 1188
915 980 1556
1034 1045 2569
1455 2135
1454 2042 2139 2358
63 283 1227 2579
565 662 1592 2156
222 2530
364 1189
1124 1311
833 1299 2056
38 1104
512 1979 2536
228 2356
314 2120
191 2386 2554
1244 2014 2601
1190 1365 1579
2335 2569 2608
63 1704
1292 1655 1864 2000 2394
1839 1987
1468 2496
778 1588 1897 2364
1013 2394 2528
312 517
445 1201
273 2520
1031 1299
1272 2131 2647
36 1524 1561
1932 2078 2162
1332 1957 2620
1050 2463
72 321 444 1204
491 915 1092 2204 2540
1431 1508 2036
777 1487 1555
938 1707
845 2122
365 1528 1869 2084
73 1165 2433
300 451 710 819
38 619 1631 2066 2088
2176 2645
1845 2130
925 2607
1197 1466 1822
437 538 557 573 1341 1876
1429 1953 2162
2118 2541
195 2430
339 1116
488 2215 2377
2139 2200
769 1274 1842
484 1736
2030 2488 2594
443 1159 2245
427 1622 2069
586 627 718 1194
1657 1834 2313 2363 2548
1625 2131 2653
2295 2319 2411
695 1050 1655
166 178
1556 2196 2648
1112 2044 2236
1630 1633 2528
355 1339 2242 2551
422 1620
4 107 895
688 985 1179 1352 2029
1207 2324 2638
141 157 550 1816
1179 1792
1299 2114
455 1107 1201 2442 2642
1375 1661
147 676 1039 1081
174 914 1851
1100 2143 2315
52 571 797 1120 1295
1013 2607
399 607
942 1340
203 816 1713
568 1097 1197 2325
101 1640 2117 2128
526 627 983 2126
515 692 714
1143 1568 2421
396 548 2044
232 1613 1997 2530
106 1217
1687 2432
135 1409 2066 2524
214 1239 1716 2385 2452
1189 1695 1721
895 1756 2358
484 740 1056
250 518 1603 2332
617 1487 1508 1546 1624 2094
1434 2319 2523 2524
187 612 1167
256 456 1243
412 609 836 1581
1126 1420 1949 2103
1957 2327
6 889 2444
2406 2522
32 274 345 1423 1929
258 377 1427 2498 2629
2003 2522
848 1066 2247
1515 1738 1876
95 2337 2595
1068 1636
1553 1783 1947
1329 2372
1440 2138
8 1470 2419
321 389 1093
1129 1485
1161 1869
213 1551 1683
275 1124 1593 2195
1439 2308
23 312 1244 1516
325 1433
219 1130 1295 1512
1036 1339
623 1705 1763 1795
1121 1844
404 1173
660 1689 1968 2137
395 1474
265 1059 2134
36 451
101 437 2507
770 1435 2179 2394
271 804 1000
766 1539
130 2550
1604 2343 2435
21 674 1167 2529
1159 1276
806 1320 1562 2022
717 1084
1788 1892
281 1120
323 435 1214 2302
814 2635
97 1312 2373
1026 1373 1964
569 2550
985 1625
132 355
1002 2463
903 1393 2341
1368 1950
1870 2203 2477
1620 2003 2105 2442
1013 1028 1287 1821
19 633 1609
335 849 1057 1743 1894
1009 1095 2050
858 1380 2322
1100 1345
566 1353 1454
208 1471 1782 1802
464 2151
160 1522
562 2181
398 787 868
663 1015
1398 1572 1858
9 760
45 456 742 1556 2587
17 1517
901 1340 1451
135 229 309 510 1418 2119
155 1276 1317
1251 1598 2591
317 2022 2190
836 1853 1954
57 242 1895 2002
266 1274 2029
404 830 1382
673 1034 1060 1159 1993 2243
34 1512 2446
196 1521 1592
172 927 1412
1265 1276 2602
36 1869
380 685
294 366 572 2059
1734 1840 2575
760 2549
701 2568
885 1284 2107
1112 1180
531 797 1865 2117
533 971 1668 2202
257 716
1608 2557
1005 1582
26 225 476 2565 2570
304 409 656 1812
769 2299
1322 2064 2456
238 416 810 1224 2487
74 904
125 760 1045 1166 2009
145 992 2613
1082 1361 1494 2063
1240 1706 2309 2344
572 1202 1915
642 778 876
222 954 1062 2276 2323
339 370 1812 2403
1140 2503
1278 1384 1800 1814 2035 2064 2664
466 1296 1345 1657 2375
1130 1593 2064
495 1761 2057 2622 2653
736 1068 2352
33 624 1673
310 2021 2599
844 2006
631 1595
1597 1795 2067
236 608
966 1941
219 901
977 1724 2246
826 1370
600 628 629 1087 2377
342 1200 1871 2204 2415
1155 1181 2254
1022 1652 1988
974 2187
403 897 2482
2318 2535
310 366 564 2111
395 544 1644 2100
620 1033 1548 2017
486 725
165 1007 1529 1674 1849
531 1974
1602 2485
308 2544
2418 2635
623 1693
1395 1651 1658
280 2120
222 1967 2256
295 720 1923
161 384 1262
74 1132
659 2164 2661
294 623 1248 1986
450 838 1854 2118
1240 2321
58 1365 2627
1577 1884
898 2632
184 353 1213
518 1248 1699 1786 1951
59 134 1181 2560 2641
228 1356 1428 1827 2516
73 1200 1237 1846 2344
766 1792
190 766 2295
170 1994 2006 2651
134 450
1131 1853
18 874
435 1180
413 1042 2219
1248 1538 1927
239 1860 1898 1901 2232
404 643 1308 1387
802 1922
299 2259
849 1365 1866 2339
64 1112 1591 2263
304 2508
131 1619 1818
1205 1299 1483
802 1509 2005
291 1626
502 974 1502 1672 2002
219 941
467 1119 1133 1652 2204 2647
1253 2502
942 1657
57 509 1084
581 1606
1464 1880
635 1060 2478
1837 2186 2601
116 243 479 1365 1918 2278
854 1371
508 1364
46 1175 1217
171 1056 2564
1328 1371
1056 1526 1551 1981
697 1809 2264
820 942 1142 1801 2373
77 480 1587 1936
265 1212
630 2242
350 408 528 1459 2350
970 1144 1592
65 226 1235
97 1646 1937
458 931
182 366 742 1028 1502
56 1602
243 2446
1250 1491
250 859 1069 1472
596 1080 1276 2238
931 1414 1916 2204
616 2182
336 380 1489
1566 1641 1877 2367
1258 1291 2606
235 2101
363 372 2431 2566
720 1265 1645 1787 2487
598 605 1243 1757 2581
603 1742 2030 2130
413 427 1123 2482 2562
1225 1681
194 1059 1396 1524
652 2631
47 1901
468 737 849 1585
351 881 2146
32 497 670 1763 1785
404 1263 2373
728 2081
352 1179 1216 1232
109 2135
1554 1910
1685 2067 2358
263 1061 1499
201 714 2512
738 2448
1617 1719 1811 2577
117 773 922
486 553 641 1705 1707 2570
53 96 1237
391 1556 1983 2534
653 1117
38 977
883 2378
154 1214
85 518 809 1982
1694 1791 1939
329 1634 1911 2602
1343 1705
1092 1758
757 880 1513
407 1863
1445 1463
26 962
1815 1867 2486
162 487 1066 1290 1812
578 1635
180 1613 1947 2451
1233 1255 1256 1860
1284 2435
1197 1997 2063
352 483
104 685 2526
1531 1828
780 834 1730
543 1919 2262 2303
345 904 1430 1730
1376 1994
87 1153 2632
173 2215
322 1033 1330 2418 2610
308 2260
2476 2575
1324 2016
490 1278
1148 1333 1704
317 1090 1289
248 1715 2104
967 2151 2434
700 2427 2602
69 1203
205 927 1180 1242 1312 2007 2089
542 665
557 2532
1661 1687
390 486 644 929 2329
613 981
852 1069 1079 2001 2531 2657
21 427 2452
751 1336 2394
27 1034
451 1169
27 1820
577 2143 2377
476 819
1277 2149
1414 1433
531 1199 1682 2522
753 2570
368 369 971 1576 1594 1667
778 1197 1347 1871 2122
1320 1961 2335 2611
504 700 1701 2234
971 1250 1776
810 1177 1984
387 646 1852 1904 2250
1163 1457 2239
1911 2411
725 1223 1383 1675 2427
1092 2455 2474
211 454 1046 2646
1958 2293
43 438
757 2020 2230 2565
525 916
2 896
470 2307
654 1775 2603
41 1862
844 990
769 802 1729 1873 1976 2051
86 593
416 1789 2088
1370 1485
537 731 994 2206
1968 2171
220 800 1808 2035 2224 2490 2508
613 1330 1563 2207
20 773 981 1420 1880
1093 1421 1562
484 549 844 1475
389 1604
679 780 1460 1939
361 778 2232
1862 2513
1378 2613
203 1806 2345 2637
232 234 323 849
1331 1573 2448
257 2239
312 722 1268 1687
178 764
416 982
641 2244
464 1322 1372 2357
908 1255 1802
171 2447
137 245 1472
1261 2066 2080 2479
518 1343 1961
17 70 165 216 554 635 2625
37 1140 1884 2378
1014 1193
432 619 1672 1848 2120
87 1516 2407
1496 2515 2628
1044 1884 2176
158 933 2659
280 1765
217 244 484 592
2271 2512
258 1490 2625
586 1841 2272 2443
179 637 992 1079 1434
656 1201 2134
658 731 998
448 509 1758
285 605 1370
823 1312
1115 2119 2373
706 2005 2622
34 403 588 1847
881 1063 1604 1858 2175 2627
944 2524
124 1412
525 558 1225 1410 1513
67 1740
776 2368 2537
49 208 2126
217 1175 1627 1771 2078 2605
906 1443 1479 2023
392 661 990 1025 2209
122 844 2205
530 868
693 1730 1871
263 1563
615 1674 1856
585 1131 1202
94 2528
1689 1912
1198 1652 1992 2625
172 1448 2251
1471 1988 2007 2118
1289 1946 2388 2536
719 1313 1770
1312 1438 2256
117 681
293 368 789 974 1570 2394
111 2099
331 545 2013
1921 2011
1808 2603
495 499 1552 1756 2110
171 571
465 467
207 997 1258 1574 2425
1393 2283
1919 2165 2547
2098 2280
1217 1707 2363
1626 1713 2444
1614 2279
681 965 2065 2206
1101 1302 1657 1718 2097
1395 1646 2176 2250 2490 2507
561 1691 1954
1140 1573
274 733
893 2282
1486 2079 2235
33 1133
284 2145
1121 1181 2612
953 1660
819 1336 2098 2604
96 125 879 1328
780 1039
393 760 869 1903
358 808
377 1112 1967 2164
1358 1946
28 1048 1885 2385
1491 2052 2148 2172
1246 1952 2220
1472 1569
347 1119 1879
870 1440
104 154
217 1827
200 516 1813
18 1658
93 1934
427 1879
364 2189
700 862 908
405 941
402 2126 2217
626 1102
1533 1588
1089 2455 2541
1427 2541
309 2245
826 1413 1414 1507
519 1194
1206 2319 2344
1231 1262
1195 1672
1139 2038
241 2536
36 326 1478 1693
918 1311 1443 2211
896 2140
998 1031 1623
671 2211
1209 2284
851 1119 1897 2536 2553
340 2011
1930 2000
7 1702 2030
1349 2158 2217
257 1428 1838 1910 2498
399 934
1925 2203
1059 1116 1716
173 812 1381
569 1061 2628
661 731
275 850 1066 1948
1350 1736 1978
899 978
2147 2476
124 165
667 1131 1503 1622
1118 1402 2056
2133 2221 2291
424 1826
104 190 306 1783
344 646 1959
351 624 666 1277 1637 2073
305 709 1139 1337 1653 2475
1332 1419 1993 2145
1481 1755 1954
1368 1735 2380
879 1690 1828
249 1023 1704 1763
209 2385 2556
1450 2477
749 1317 1733 1871
649 2078 2216
169 297 923 2233 2333
576 716 1163 2031 2580
676 1935 2167 2245 2422
1679 2241
1491 1715 1858 2480 2624
635 1100 2569
811 1939
214 1522
1544 1806
1207 2412 2592
751 1514
186 263 1331 1953
267 284 1086
281 1536 2031
1778 2272
946 1075 1120
53 1695
190 553
104 153 2449
1657 2386
693 2489
1338 1417 2413
957 1207 1676 2209
1030 1225 2247 2369 2534
373 1309 1435
1580 1669
388 1982
1401 1581
264 1607 2457
37 525 767 2063
820 2011
800 1937 1973
295 704 1323
779 1924
839 1216 2206 2336
41 1408 1437 1853
861 1570
217 756 1236 2240
162 209
459 610 1345 1419 2188 2455
1369 1514
950 1601 2025
505 738
6 39 2039 2521
369 384
1343 1620 1753
307 415 797 1030 1777
683 1725 2211 2232 2500
814 1223
117 2197
1378 2165
39 595 1412
210 389 593 2160
550 1569
1526 2066
69 2276
132 558
8 510 1229
329 2291 2449
154 848 1395
352 867 2575
179 1089 2288 2389
980 1931
991 1140
88 241 1987
666 1690 2557
232 745 1389
955 1012 1689
229 474 1605
842 1556 1725 2437
223 365 1258 1301 2346
1047 1387 2384 2628
343 753
740 1513
337 1726
127 283 450 1255 1853
1301 2333 2545
52 213 853 1015 1393
166 301 987
1064 1220
350 744 877
375 1731 1846
598 1184 1464 1667
223 1048
548 748 2089 2643
437 2529
857 1885 2647
485 1446
823 2524
663 1245
560 1321 1887 1928 2071 2459
357 1661 1883 2480
2400 2598
226 1226 2356
1404 2123
1153 1759 2410
1280 2262
187 612 2149
1528 1657 1885
1374 2116 2563 2589 2635
716 1177 1736
1411 2638
662 694 1505 1566 2078
157 1129
416 1658 1983
156 1561 2259
1091 2172 2455 2617
1762 2433
1063 2420
1488 2123 2390
1944 2094
143 549
474 683 2035
200 734 1033
61 75 868 951 1433 2484
1295 2185 2501 2516 2525
8 657 1732
1586 2531
1330 2366
1153 1435
1107 1447 2096
318 725
1191 1811
603 1501 2247 2404
282 968 1144 2183 2571
701 1806 2095
661 2109
248 1748 1943
2036 2060
158 624 2040
137 287 1300 2424
481 524 1685
2097 2448
1103 1544
407 1494
630 2411
637 1033
1518 1556 1619 1679
2097 2245 2656
75 621 827 1034 2264
195 385
401 1108 1855
118 164 1490 2631
641 1348 2235 2467
262 2466
896 1138
33 1785
911 1551
709 1024 1156 1708
109 447 676
558 703 2038
502 1029 1814
1023 2131 2554
395 592 1612 1815 2332
751 1283 1916
932 1604 1998 2271 2587
1901 2177
713 1267 1579 2435
1424 1978
1602 1621
99 283 435
443 593 864 925
241 1080 2128
937 2615
286 1638
858 1214 2529
862 1013 2189
2151 2440
337 1536 1913
427 1317 2406
903 1786 1929
1817 1927
263 297 347 1283 2068
303 764
684 1489 2598
1810 2328
702 859 1674 1759 2372
896 2271
19 84
1440 1765
160 2351
342 437
604 802 828 1385
91 1626 2152 2505
1338 1769 2543
479 1257 1390 1977 2153
619 643 1743
402 1639 2351
26 192 1143
15 382 819 2098 2299
327 453 2311
437 2432
131 588 935 2280
945 1382
589 903 1025 1288
365 810 2082
200 347 1870
878 1299 2531
872 1427 2455 2557
76 720 2501
221 1411 1445 1517 2368
216 838 2182
1369 2158
1714 2057 2390 2407
330 1878
166 1263
57 569
370 943
592 918 2599
1260 1471 1932
959 2127
21 109 1694 2252
52 205
457 2562
358 1140 2325
663 942 1118 1687
592 1547 1621 2063 2324
1565 2204
108 1113 2207
878 2345 2650
1597 2078 2158 2347
1223 2020 2478
628 964 1585
1181 1287 1699 1832
382 511 521 926
1047 1143
46 139
175 222 2011 2053 2070
263 264 1152 1503 1620 1937 2553
2407 2556
1215 1364
20 541
375 800 2202 2380
1699 2133 2564
892 1426
669 765 1966 2205
212 1838
285 1754 1949
681 1089
1665 2103
306 1029 1594 1937 1997
594 887 1192 1966 2386
638 2099
1245 2065
896 1614
1315 2618
1458 1721 2231 2539
123 741 1884 2308 2659
232 799 1767
230 698 1389 1648 2576
177 590 800 2271 2331
308 887 1432 1966 2061
1151 1487
271 1221 1857 2480 2589
371 2191
580 1530
1181 1606
1079 1958 2038
385 1417
213 1618 2513
157 1594 1661 2659
606 1573
34 1103 1297 2308 2525
631 1208 1918
942 1017 2003
1494 2617
1994 2318
980 1500 1515
183 2157 2568
2066 2439 2483
860 2305
397 628 1442 1971
806 967 2199 2479
932 1072 1501
33 246 565 817 1006
382 1208 2390
1267 1346
66 2167
241 1314 2558
774 1489
16 1561 1790 2342
559 595 983 1429 1983
345 2503 2633
402 1426 1957
322 715
23 312
1389 2014 2563
118 793 1062 1333 1801 2280
376 1306 2454 2456
991 1560 2357
590 939 1426 1623 2336
1831 2244 2308
714 1017 1512
1539 1621 2609
602 767
852 1715 1938 2189
900 2057 2616
767 1379 1389 2373
36 569 949 1146 1189 1220 2294
575 1038 1320
864 1156
1604 2257
511 2165 2237
96 673 864
497 748 1160 2461
676 1117
722 2129
1923 2308 2552
1312 1780
385 2394 2414
1155 1411
1302 1935 2460
930 1889
528 771 1117 1476
859 1022 1939 2209
376 510
57 958 2607
510 1470 1603 2034
1518 1567 1983
508 1469 1528 1937 2238
1417 1484 2455
1174 1268
139 152 2283
49 906 1694 2257
938 1272 2652
260 526
461 1415
209 2397 2584
833 1130
522 1771
810 1099 1245 1265
19 1903
236 1336 1347
1440 1835
28 2254
881 2211
374 1612 1859
312 1327
452 2416
105 196 379 1353 1443 2620 2663
434 1630 1984 2391
2425 2531
265 983
643 1133
612 839
234 802 2479
279 1157 1886
1585 1621 2176
110 2009
1020 2462 2490
51 1122
40 693 1598
566 2403 2445
519 1204 1747
337 2187 2503
1175 2504
572 1101 1206 2344
974 1877 1899
1750 2536
1012 1455 1469
2497 2565
932 1876 2503
252 2436
1049 2236 2351 2380 2391
679 1128
1423 1577 1956 2067 2416
670 2093
235 2043 2324
231 346
1559 2003
676 2094
249 333 1015 1301
977 1345
70 122 1457
966 2326 2577
1212 1488 1779
821 905
457 885 1003
409 1127
945 2214
129 716 1328
1896 2341
74 844
236 1087
433 1868 2456
1526 2601
5 2126 2368
198 1113 2085 2268
70 688 1384 1622
246 2480
174 1226 2146
1513 1534 2422 2618
274 621 1827
638 1310
2206 2253
1495 2225 2632
449 1787 2115 2549
156 160 204 511 1129
1558 1571 2203
1271 1729 2575
466 555
587 1697 2497
286 564 777 1777 2022
1869 1884 2556
791 847 1829
214 1950 2017
1120 1191
996 1102 2524 2630 2660
1281 2443 2625
1330 1614
135 1142 2023
71 438
1123 1292
2444 2483
257 2030 2292
1361 1918 2407
36 1035 1497
94 812 1879 2242 2377
1403 1847 2370
795 996 2339
880 1039 1859
190 542 1031
640 2461
1129 2016
1080 1795
1781 1806 2221
1605 2534
762 1802
1672 1893 2501
61 920 1843
763 935
552 1554 1653 2029 2182
1051 2615 2628
359 643 2033
1132 1697 2498
709 2478
250 633
237 817 1481 1776
1037 1197
491 2116
509 714
1669 2174 2573
409 1267
148 214 1318 1904
1104 2313
419 668 2274
526 839 1271 2208 2444
301 898 1530 2151 2168
352 1103
1366 1677
919 1184 1426 1883
99 346 517 970 1452
66 1515 2598
1480 1824
428 1165
42 2408
367 721 1012 1020 1387 1859
1055 2017 2150
2269 2300 2663
59 1443 1734 2161 2632
649 2425
1093 1389 2162
33 77 147 510 1520 1709
999 2026
524 1009 1388 1652 1929
49 149 1972 2103 2469 2619
957 964 1502
241 1407 2191
1322 1691 2131 2488
268 333 1413 2231
629 1369 2470
270 429 1167 1539 2209
601 1274
251 465 2402 2651
200 241 1431 2356
373 552 1713 2207
340 1042 2228
1240 1640 1649
977 2401
1480 1880 2193
102 1088 1496 2097
882 2019
1306 2018
864 1337 1920
553 1282 2059 2236
578 1249 1366 1556
1304 1897
479 1083
1069 1268 1413 1774
1280 2421
1344 1435 1933 1986 2457
230 1479 2082 2524 2606
34 299
203 689 802 2253
723 1682 1762
1146 1370
1483 1859
1081 1733
134 1289 1353 2650
1448 1824 2419
413 2148 2462
530 2480
553 798 2169
752 1023 1052 1746
1494 2223
648 1416 2554
1385 2334
413 1584 2128 2220 2478
1059 1723 2609
508 2203
232 1014
816 1159
833 1604 2485
413 484 510
126 1286 2003
1275 1849
1176 1828 2557
74 1794
494 667 1454
884 1997 2148 2431
1131 1439 2266
28 569 697 874
400 745
707 780 1889 2406 2423 2542
307 2478
788 2070
821 2495 2588
756 1316 1827
432 1240 2567
425 1284
1350 2482
94 1178 1918
489 1202
101 2439 2466
118 689
1251 1838 2457
94 101
180 869 1417
594 790 1196 2469 2588
1014 1413
736 2074 2659
168 360 1336 1831 2223
212 242 278 682 2492
92 460
43 281 785
567 853
283 511 954 1205 1608 1904 2520
890 2365
769 1066 1451 2479
819 1204
1092 1679 2499
214 2421
1446 2514 2519 2627
38 660
640 1293
182 293 2277
530 656 1691
4 1023 1128 2112
407 2361
1608 1646 1764 1840
241 1663
75 1052 1087 1778
956 1090 2150
625 2400
813 1317 1439
858 1430 2157 2407
10 682 783 883
706 2096
1208 1370
409 986
219 1963 2158 2371
403 1121
555 790 806 946 1402 2122
1128 1375 2138
774 1809 2215 2646
1715 2031
1820 2132 2619
164 400 709 1507 2037 2604 2640
506 780 1268
1064 2035
196 2662
358 1007 1978 2622
320 405 509 1925
50 318 1493
402 1266 1771 2150
1064 2401
141 1858
1462 2189
165 1917
847 1808 1876 2606
1684 1973 2242 2255 2373
2456 2603
321 429 1017 1083 1875
1967 2128
237 1060 1361 1457
395 2657
272 1306
792 816 950 1705 2335
351 2109
2337 2508
1836 2306 2391
322 1350
1798 1878
972 2150 2637
142 1011 2340 2367
2391 2449 2517
49 769 1753 2327
655 1539 2566 2641 2644
1661 1729 1793
448 1794 2189
601 1844
1245 2464 2465
588 1696
131 309 966 1147
1801 2017 2583
1119 2415
473 949 1919 2351 2646
637 2047
502 1528 2174
79 1355 2298
1537 2191
17 409 692 2261
52 1526 1961 2028
267 497 1868
756 969
59 1789
715 1298
505 1314 1910
739 1015
549 1268 1907
947 1622
322 1114
266 2005
719 2527
728 901
592 2105
1465 1527 1955
286 1826 1865 2344 2418 2556
581 701 1128
1234 2113
16 1861 2511
274 1219 1415 2244
74 1507
361 752 1849 2107
1909 2485
667 1241 2054
107 738 1227 1472 1921
71 1826 2642
595 643 2437
320 958 2191 2375 2459
226 920 1101 2352
108 1130 1180 2128
275 868 1530 2531
821 1451
536 767 2478
1376 2041 2443
302 1831 2528
626 1048 1788
805 810 1659 2359
254 1785 2149 2466
20 262 434 2099
174 310 529 791 892 1916 2045
900 917 1018 1154 1271 1559
94 1760 1840 2190
649 1921
98 1909
361 460 2013
432 795 1024 1715 2030 2330 2450
490 812 2517 2598
841 884
698 1075
497 2118
690 1402 1877 1941
579 997
766 1072 1991
916 1608 2502
542 1057 1606
1041 1577
483 969 1378 1812 2084
2083 2569
883 988 1417
1458 2165
133 285 524
577 742 1540
34 322
13 454 1125 1454 2627
605 1320 1772
208 793 838
35 1346 1361 2021
363 1127 2039
420 1741
771 954 1779 1952 2198 2380
354 764
802 933 1378 1605 2349 2488 2490
561 1422
173 1280
51 366 1061 2096
640 1199 1276 1545
677 1506 1515 2530
317 672 862
1993 2312
233 956 1130 1870
492 1641
634 1176 1183 2628
342 2451
342 610 685 737 1574 1701
309 1424 1783 1888
468 2074
184 1394 2253
122 661 822 1676
96 2603
2067 2386
1778 1947 2610
418 2634
151 635 827 1734
83 583
725 1368 2154
318 387 895
80 996 1309 1422 2083 2424
1084 2635
683 1647 2535
1456 2042 2272
74 267 461 847 2317 2423
798 1233
210 237 752 1041
733 2058
17 323 497 2010
57 2430
364 644 2005 2053
1340 1734 2350 2625
1006 1212
856 1061 2025
535 859 1127 1142 2429
17 1877
158 1239
250 1829
265 678 1181
1209 2009 2070 2233
668 2312 2541
1067 1712
698 1186 1798 2515
107 836 2640
480 659 760 2581
129 2395
791 1845 2082 2384
185 290 1683 2189 2192
1650 2481
345 868 1958
283 1695 1831
85 360 908 1754
247 1091 1266 1585 2254
1441 1494
326 875 1082
1265 1455 2187 2188
391 807
1062 1248 2224 2430
5 1205 1851 1935 2111
635 1498 2168 2351
1425 2441
1587 1664
505 636 984
2211 2252
443 1319 2224
267 1703 1857 2244 2342 2449
376 1496 2005
1593 2549
966 1471 2140 2414
1582 1720
364 1016 1685
499 883 2517
1545 1587
267 462 846 1824
290 954 2173
121 2663
292 298 1185
1355 1484 1507 2085 2486
248 996 1114 2273
1721 2123
613 820 970
1165 1485
765 997 1804 2361 2466
1803 2379
1497 1547
1657 2093
1331 1771 1805 2038
364 695 1887 2045 2358 2558
1464 1605 2078
251 484 2316
504 617 2048 2070
550 2535
1382 1503 1594 2191
530 1674 2092
965 1852 1875
281 327 414 502 807 1867
358 1768 2629
124 177 314
1492 2089 2530
1837 1886
1235 2255
960 2654
324 342 1933
593 1001
270 1171 2190 2361
75 2335
1643 2322 2343
1748 2533
1507 1548 1694 1811
1345 1673
220 359 965 1279 2017
436 690 1333
212 456 1206
382 717 1885 2599
260 2140
557 832
699 2208
151 1563 2245 2326
119 1744
255 1412
245 1492 1662
295 1577 1895
189 917 1086
490 587 1991
1460 2575
384 840 1085 1704
243 413 1338 1945 2466
531 1212 1277 1425 1461 2034
1227 2622
602 1177 2160
756 1246 2400
61 2427
260 679 2171 2200
1335 2262 2412
1753 2057 2287
366 1193
1164 1703
1642 2419
1261 1402
638 1395
418 483 1501
246 1079 1110 1815
414 2000
262 1979 2517
290 1379
185 977
93 468
6 912 1385 1406 1526
233 1246 1345
202 264 2524
401 980 2139
407 1392 1438 1986
576 990 2474
150 873 1955 2474
141 173 342 700
966 1226 1301
1723 2470
165 396
931 1158 1596 1650 1735
10 282 1632 1668 1924 2454
1415 1518
195 211 742 1102 2512
365 1688
439 647 1593 1887
794 1209 2314
584 1472 1703
212 1073 1099 1165 1694
403 912 2158
132 1173 2641
1103 1436 1717 1815 2294
955 1164 1594 1707 2443
656 1325 1707
1930 2637
228 298 1108 2118
636 2300 2617
70 258 1517 1689
1793 2420
635 1022 1038
1481 1719
801 1610
64 681 1479 2196 2633
497 1415
27 2409
210 944
310 1088 2125
660 1010 1146
396 1677 1763 2558
1260 1302 1516 2010
342 2041 2093
209 1069 2468
1520 1865
639 2534 2563 2657
120 1954
31 1033
71 442 889 1339 1492
15 679 1479
85 1954 2139
15 317
1062 1884 2215
1429 2153
501 2142 2438
364 441
421 505 1230 2066 2268
1512 2218
652 885 1758
1069 1921 2094 2555
783 1012 1556
222 310 1617
13 94 1222
343 2435
1958 2585
289 1449 2412
854 1642
96 442 776 1466 1553
557 2046 2099
1786 1850 1954
415 926 2291
309 720 1337 1899
247 326 2576
385 854 1085 1599
76 1076 1458 1583 2106
1017 1808
116 1303 1708 2314
2198 2343
1015 1888
7 616 854 1231 2141 2472
1604 2248
1650 2375
790 1658 2276
790 2059 2517
437 687 836 1409 1885 2463 2577
1603 2417
59 1886 2126
1048 1343 1459 2613
236 1463 1785
362 2083 2345
1531 1570
833 1056
666 861 1511
182 553 1325
1279 1571 2192
1156 1344 1436
1087 2020 2662
76 1729
219 743 1133 2359
382 761 2355
265 2223 2592
1336 2036
222 392 1765 2400
295 955
812 1035 2291
161 475 1457 1866 2443
572 662 1479
383 538 1050 2044 2270 2379 2402 2663
82 110 337 619 1184 1920
990 2168 2171
1149 1174 1345 1693 1718 2205
449 1526 2638
420 1392 1495 1642
332 648
255 1617
1928 2550
335 883 1033 1860 2289 2628
609 880 2397
857 2517
1742 2343 2526
1042 1345 2058
1113 1437 1600
357 1354 1742
147 428 882 1026 2294 2484 2536
1209 1258 1640 2009
1557 2513
350 993 1387 2205
419 615 1041 1938 2214
1623 2571
1498 2478
474 559 679
59 236 291 1383
729 1113 1651 2012
464 993 2341 2550
1182 1718
291 2291
145 519 755
1079 1584 2485
56 1731
83 198 497 1966 2410
165 785 1227
904 1045 1124 2074 2307 2418 2553
1871 2382
126 156 649
620 965 2225
974 2233
134 447
1125 1844
545 1446 1494 1704
1520 2334 2389
976 2138
235 251
425 1432 1818
156 213
698 1941 1962
1510 2115 2459
744 1351
1416 1457 2401
66 411 674 1317 1378 1424
401 1558 1901 2292
710 2076
1014 1213 1490 2002
1793 1822
1700 2341
113 1229
404 1142 1303 2197
1076 1627 1767 2201
459 548 2481
1870 1912
1083 1706
235 701 1557 2030 2259
1878 2636
1051 1448 2659
809 2132
49 531 1378
751 1303 1580 1847 2086 2339
800 1139 1779 1797
617 773
385 1692
905 968
846 1528 2418
1376 1867 1964 2366
1891 2265
24 2431
35 1733
590 1279 1791
827 2268
803 1031 1613 2184
609 1831
61 1195
152 706 1463
402 980
299 1907 2430 2522 2573
133 2180
102 610
833 1917 2619
1971 2112
1266 1294
343 2155
2250 2333 2484
396 428 923 1643 2584
543 1274 2537
762 2280
961 1673
467 531 619
201 1730 2192
632 1159 1765 1955 2099
125 355 772 1386 1643 2155
1046 1330 1685
1900 1951 1966
229 1280 2036 2658
399 1167 1302 2522
235 2134
988 1079 1907 1937
542 1622 1868 2172
716 1288 1942
217 1774
381 461 1341
358 592 1581 1584 1907
885 2163 2614
228 1293
296 1212 1602
1292 2116
1082 2355
428 1849
1297 2189
2138 2145
789 1084
150 1185 1477 2636
378 1065
758 827 2100 2190
433 450 1849
185 465 2358
320 649 909 1073
1425 1640
899 1264 1363
17 1215 2430
102 972 1122 2122
839 1910
22 476 942 2071 2293 2309
825 1922
1663 2615
595 695 1235 2647
666 2359
328 1247 1951
1111 2486
762 1111 1257 1373 1743 2541
729 759 2641
629 2492
243 826 2017 2543
727 2001
1206 1621 2143 2257 2637
1479 2646
1076 1302
930 1720
471 1617 2111
1090 1799
1306 2080
278 1600 2351
342 573 1598 2400 2502
688 1327
818 824 2544
175 1760 2004 2609
1032 1541
309 444 1909 2030
118 2544
658 871
748 2473
160 984 1107 1365 1389
175 513 2112
187 213 781 2159
1615 1716
194 417 677 1680
308 519 722 1442
1640 2085 2534
416 1059 2143
431 793 2053 2345
106 928 2218 2649
765 1606
260 1534
283 364 512 1796 2060
483 1087 1215 2242 2409
966 1139 1814
716 1350
464 1718 2180
238 286
439 2370 2430
1227 1332 2191
827 838 1376 1886 2402 2507
152 601 1726
371 2259
217 1389 1557 1585
1473 2188
12 1808
414 1394 1422 1840
242 931
200 1227 1958 2641
933 1005 1927
247 401 615 764 917 1366 1987 2103
1193 1448
271 313 952 1821 2182
347 1874
5 2128 2586
61 341 951 968
66 180 254 1403
5 1733
677 901 1016
1721 2350
12 1023 1179 1804 1987
847 1538
328 636 1185 1215 1222 2401 2522 2559
131 290 413 1642
1832 2374
1144 1594
2448 2476
1037 2339
418 2383
1126 1559
2016 2408 2627
647 2095
317 454 2421
1054 1354
135 1505 1648 1994
149 269 1853
1242 2299 2601
663 1337 1669 1682 1883
141 249 2118
223 366 1216 1420 1555
1242 1790
182 846 1093 1588 1828 1962 2092 2420
1446 2304
484 886 1016 2550
1625 1714 2000 2213
457 1358 1515
1493 2385
2510 2613
1722 1783
22 379 1928
20 112 1320
1010 1026 1659
700 1537 2012
161 835 1413
38 2265
167 1710 1941 2199 2411
1956 2554
171 1251 1253 2153 2425
295 1769 1798 2291
901 1244 1510 1558 1938
816 1634 1994
862 1219 2034
234 2260 2358
2150 2232 2481
1422 1820
870 1175 1377
908 2277
626 1373
351 1213 2209 2340
2162 2415 2615
389 2012 2449
434 694 747
457 1281 2457 2606
1436 2368
393 607 1364 2589
38 532
1755 2262
370 1247
2269 2579
479 1171
100 635
291 352 1715
1131 1363
535 1750
141 1220 2051
573 741 1086 1574 2077
1044 1111 1566 2464
882 2556 2629
1059 1356 2237 2321
310 1483 1695 1728 1777 1829 1976 2323
1085 1161 1635 2429
479 2423 2584
703 810 2079
853 2416
269 2108
1039 1227
942 1093 1692 2204
597 1649
1061 2429 2553
261 1398
395 1512
1844 2363
1340 1633
744 1237
617 1549 1828
1092 2108 2362 2498
1544 1873
613 946
644 747 2554
636 1085 2428 2582
1734 1789
6 156 683 2026
16 314 1992 2313
2014 2323
1587 2048
1730 2628
2031 2195
243 2211 2345
226 488 1891
1315 1734
651 1289 1974 2025 2289
148 2191
711 1353 2353
1391 2467
884 1875 1925 2229
2196 2335
192 485
475 1142
1960 2047
111 127 938 1911
261 1859
849 1290 2025 2247 2654
714 1899
106 1414 1590 1686
730 1124
1070 2496
561 1747 1903 1911
1234 1756 2053
1644 2624
334 1957
178 899
1753 2283 2596
1411 1421 2652
1309 1553
259 436 728 2503
881 1309
70 101
257 1316
1141 1697
924 2625
130 2041
163 315 2293 2435
1289 1454 1606
572 642
403 516 1932 2057 2144 2334 2417 2595
229 1468 1541
30 633 1424 1935 2528 2530
820 2594
1214 1422 1573 1581
1001 2234
1075 1143
114 881 2074 2388 2486
483 602 1393
1017 1628
1025 1130 1476 1920 2137
138 1915 1933 2596
1514 1674 2157
135 2310
319 1288 1958 2235
1746 1938
640 666 809 1839
350 686 1555
80 220 268 2053
233 393 538 958 975 1089 1432 1730
1142 1233
1799 1802
1053 1576 2227
1420 1679
1548 1667 1935 2359
427 664 1605 1925
951 2038
954 984 1779
313 2305 2580
350 1553
127 611 842 1284
369 1523
395 761 2046 2637
1287 1526
1626 2559
1080 2442
549 660 817 870 1366 1809 2168
492 2036
334 417
104 1476
725 879
739 1581 2577
980 1589 2647
1398 1824
868 1432 1535 2078
1160 2564
204 2047 2338
18 556 952
389 1026 2275
643 1886
1762 2146
1110 2319
1671 1761
809 1953 2420
697 956 1873 2459
371 1357
2058 2482
1506 2368
868 1709
830 1041 2065 2091 2654
1415 1891
2202 2536
1043 2359
1083 1184 1591 2324
894 1010 1419
261 1462
221 1034 1040 1272 2609
1458 2457
1375 1662 2069 2082
31 1358 2503
80 2614
130 191 1950 2054
216 1102 1246 1640
263 933 1394 1831 2088
585 778 1505
112 222
665 1192
598 775
1186 2012 2578
558 893
422 475 1001
169 1108 1219
389 1939
246 706
689 1987 2273
136 972 2275
345 2177
1116 2095
259 660 825 2415 2647
1205 1253 1453
1823 2196
62 1136
360 2549
27 2046
388 1008
1779 1787 2335
282 1876 2186
757 1848
504 1269 2002 2085
771 799
902 1424 1753
33 1139 1353 1949
185 878 1331
1618 1975 1980 2542
1794 2290
594 1145
202 623
173 689 1532 2157
95 414 1373
376 1818 2081 2384 2663
547 735 914 1276 1688 2408
2174 2357
210 1479 1748 1809 2451 2634
254 747 1575 1697 1747 1787 2634
240 443 542
577 2071
326 1299 1366 2048
174 388 878
143 830 887 1357
1321 1719 1868
428 847
1199 1939
1 504 683 1238 2096 2121
629 992 2167
223 1924
1468 2016 2276
200 859 1484 1522
1066 1930
316 1749 2005
572 741 2165
910 1828
180 613 742 1597 1845
773 1343 1865 2555
223 898 1420
208 274
544 1241
786 1114
581 1666
803 1152 1667
231 1063 1849
595 703 1877
1038 1185
287 2541
173 2567
539 862 1460 1490 1569
1595 2627
183 2591
956 2111 2177
415 492 812 1132
722 747
745 1462
132 182 327 1193 1289
1018 1648
2570 2606
475 1142 1686 2016
280 1236 2606
1012 1794 1848 2616
764 1847 2387 2544
108 1048 2564
703 2232 2317
458 2202
454 831 996 1458 1609
213 2421
588 1883
190 1229 1367 2231 2416
1185 1801
137 458 2120 2372 2451
814 1340 2347
2050 2272
717 854 2106
1223 1821
1072 2409 2643
139 461 685
2241 2448
86 1644 1941
605 1349 2456
501 993 1402
1468 2235
658 842 2181 2385
134 1171 1431 2235
118 2362
1120 1783 1856 2579
254 562 722 1343 1513 1595 1683
503 695 1734
982 2182
609 1171
927 1186 1361 2035
1139 1669
2391 2418
1045 1848 2598
545 2533 2576
1075 1714
646 1110 2567
641 832 983
1356 1989
5 325 1323
240 279 2049 2208
983 1204 1550
458 2502
551 951
56 402 663 974 1769 2119 2628
1075 1411 1574 2429
922 2436
164 264 950 1592 2106
725 1266
542 1219
658 1483 2251
12 1091
202 1595
48 163 235
222 2541
464 763 842 1476 1694
434 519 1056 1543 2608
1584 2587 2604
393 494 555 683 2025
96 1091 1992 2484
460 1183
451 1649 1756
174 1963 2631
264 954 1589 2291 2618
166 617 1741
998 1664
483 1657
25 2146 2320
1082 1161 1511
1209 1985 2015
1329 1850
17 2009 2121
900 1899
915 1347 2328 2402
654 1274
166 1330 2380
477 1522
272 2022 2459 2468
1466 2077
161 739
192 428
1193 1980
124 2254 2273
27 242 1210 1639 2605
317 1034 2034 2557 2559
43 745 1018 1552
959 1492 2253 2661
842 858 1723
1590 1989
1130 1432 1597 2082
107 2418
29 1652 1949 2119
892 2431
30 171 2343
254 1102
278 1733
932 1468
369 998
109 665
427 1022 1034 1597
694 2248 2335 2660
597 1378
145 561
797 1595 2116 2248 2555
360 633
63 237 434 2532 2564
1 1284
39 789 842 1546
551 1170
1418 1522 2608
1904 2137 2472
323 1886
545 2055
334 1005 1082 1989
1064 1704
453 1280 1669
557 1116 2442
468 1350 1869
694 963 2130
996 1691 2200
755 1495 1510
1301 1720 2661
16 1301 1915
309 431 1927
327 1156 1459
418 959 1870 2597
78 392 1882 2208
638 890 2181
1050 2216 2551
262 1714 1886 2058
66 1337
132 2141
287 453 1224 1660
244 799 1063 1551
776 1283 2380
232 828 1061 2432
746 966 1691 1986
295 2198
7 901 1386
844 1709
738 1428
394 797
745 954 1242 1658
252 432 1787 2468
719 1845
866 1589 1732 1848 2575
2436 2622
758 997 2515
956 1099 2298
666 1910
1133 1189
1247 2284
206 1961
495 1492
662 721 1087 1811
358 1288 1561 1606 1623 2302
995 1153 1597 1814
418 2098
1121 1423
125 682 1981
1540 2122
474 524 764 1436 1514 2089
1566 1878 2513
869 2152
207 235
1742 2090
2119 2413
1733 2564
1889 2557
1169 1867 2561
14 512 1524 2133
2081 2150
571 2440
229 454 716 931 1110 2606
825 1443 2548
1036 1169 2645
122 1443 1728 1971 2094
229 343 2420 2458
212 2399
138 1718
685 706
720 1123 1901 2059
207 552
338 427 2008
395 1920
52 2108 2233
919 1173
425 1259 1437 1864
133 661 1013 2262
423 616 1445 1465 1718
1228 1663
49 670 1753 2501
2158 2274
347 1150
219 337
709 2453
530 993
1528 1572 2543
154 1352
429 1786
344 547 773 1428 2222 2496
164 1889 2008
609 1781 2326 2501
61 924 1093 1498 2313
281 2235
519 1201 2604
1285 2322
1021 2492
1579 2507
173 1398
247 474
2175 2486 2642
643 1007 1738
679 1013
1327 1552 1727
1159 1787 2128 2610
745 2217
728 2192
472 688 1679 2507 2529
234 2250
803 1019 1354 2353 2560
800 1080 1099 2428
1079 2273
485 674 2258 2633
194 656
738 1762
459 1275 1283 2635
466 1976
567 609 1132 2276
377 437 1090 1373 1513 2654
300 590 701 1111
857 1589 1891 2301
20 399 1484
566 1587
490 1092 2207
1273 2049 2135
1029 1885 1980 2272
2246 2272
69 744 2341 2552
2098 2386
947 993 2008
2605 2655
1140 2420
96 156 428 1349 1941
1341 1812
663 1199 2010
1362 2062 2654
63 1201
593 1502 2429 2529
728 1483 2035
1546 2202
1047 1496
495 721 1353
827 1144 1340 1691 2052 2568
554 793 1044 2503
106 645 1115 1396
208 1214
1299 2421 2537 2540
838 1444 1721
1392 1663
931 1128
889 1511
145 1530
231 1592 2179 2586
182 489 557 712 1706
151 503
217 2531
1797 1981
1003 1549 2362
791 2163
1104 1213 1403 2194 2588
401 2013
1039 1239 1414
34 1155 2376
1462 2472
15 350 2119
1879 2306
56 2064
246 549 1974 2024
838 1252
961 1053 1143
216 1435 2170
104 351
348 2168 2271 2477
870 2453
2575 2579
319 1394 1419 1602
1774 2448 2512
2116 2515
311 1621 2347
368 1169 1888
118 720 1723 2437 2625
651 1041 1252 1866
726 1339
46 1197 1743
948 1909
329 728 1989 2340
646 1513
992 2586
138 579 1354 1989
1072 1644 2274
1072 1158 2046 2362
449 1732
1112 1367
620 2623
801 1078 2131 2408 2500
475 1459 2364
511 1038 1288 2634
1111 1867
705 1354 2011
1544 2092 2128 2217
1283 2089
14 85 269 661 1501 1784
321 2636
1355 1390 2500
1223 1230 1960 2319 2599
755 1147
232 1278 1865
221 1089 1857 2132 2601
238 374 582 667 1336 2097
2215 2576
747 1385 1821
281 1322 2097
27 2514
1133 1603
1246 1344 1452
71 1910
293 367
62 208 1358 2270
373 521 1513 1526
749 1137 1577 1833
622 1144 1324 1812 2390
308 2429
1168 1762 2259 2655
988 2442
986 2316
1089 2544
1170 1198 1875
1340 2608 2629
27 1035 1996
116 728 1793 1973
463 1377 2351
1667 1894 2095
997 2162
815 938
381 1193 2361
1839 2169 2344
827 2613
1184 2470 2650
1318 2027 2495
1612 2350 2532
1797 1930
47 1981
50 82 1265 1591
378 386 1160 1994 2069
1143 1164
1146 1636 1878 2543
1586 2548
1047 1668 2083
1050 1577 1939 2081 2213
584 2398
1122 1173
87 234 1481
1585 1909
322 1187
444 980 1412 1626 1928
538 699 1240
3 371 649 2316
85 697 1494 1530
1080 1449
230 1220 1467 2073 2426
50 1239 1830
933 1102
1062 1576 2089
2346 2611
311 600 822 868 1460
479 1211 2637
841 1515 2088
489 494 657 1771 1834 2482 2487
21 102 249 975 1435 1758
459 1399
1101 1495
371 923 1938 1981
392 944
319 2132 2276 2593
1577 2236 2390
376 1843 1963
1502 2622
91 416 1598
1257 1328 2303
1056 2215 2344
2222 2253
1125 2104 2564
1205 2346
263 503 2485
593 1007
853 1027
476 1480 2583
303 948 1352
593 741
544 1353
230 2049
93 169
748 950 2106
946 1434
625 852 1686 2629
1482 1949
286 733
1586 1821
269 938 1779 2262
879 1306 1319 1961
223 592 1603
252 333 548 689 1074
66 2129
530 1361 2208
169 1995 2481
120 1200 1470 2488
679 846 1155
558 864 1368 1442 1691
755 1240 1980 2457
791 1018 1574 1588 2067
1033 2481
662 1245 1253 2383
1431 1992
498 1773
1993 2388
1741 2371
431 466 768 1467
1314 2393
97 320 2629
448 1911
418 2437
213 2279
211 756 2380
476 1371 1961
346 2540 2598
205 403
405 569 839 1581 2114 2164 2304
627 908 2378 2605
4 38 138
257 401 498 2425 2568
354 1565 2064
248 767
449 1365 2164
590 969 1759
830 1585
2399 2592
517 526 1447 1824
249 1540 2581
1107 1471
61 161 546 1020 1830
1630 2268 2459 2573
80 203 570 1730 2406
326 1294 2404
2485 2585
729 1877 2565
691 1578 1927
29 2280
11 1645 1750
193 837
6 1820 2085
674 944 1012 1650 1772 2066
403 2141 2223 2637
531 1344 1354 2098
156 2221
80 739 2277
233 1566
1099 1682
472 990
225 389 599 706 1980
1627 2505
806 2023
881 2309
346 744 2602
602 1967
1725 2026
1056 1420 1562
507 1662 2027 2643
1452 2216
247 855 2010 2301
1281 1706
202 481 903 1801 1891 2416
1047 1100
1433 2168
239 1705
255 565 2043 2053
504 704
1742 1974
221 1287 2054 2316 2504
2415 2510 2527
1748 2174
145 171 314 616 2629
265 1480 2282
1171 1656 1703
681 861 2111
17 137 731
141 1694
1411 1461 1906
320 795 1119 1921 2188
654 797 1426 1564 2131
347 2626
639 747 849 1061 1695
380 518 880 2503
244 857 958 2523
117 1380
427 2002
2278 2421
30 1713
182 547 690 1305 1518 1565 1825
198 799 1111 1903 2461
306 321 802 985 1458 1712
855 1101 1405 2444
564 1007 1883 1902 2500
221 350
889 2100 2180
256 1484 1544 1579
1018 2608
2025 2299
1188 1650 1889 2367
1812 1917
1117 1437 1726 1968
776 957 1239
409 1098
202 435 775 1355 1428
1173 1946
1686 1949
1230 1962
959 1458 2048 2567
14 533 1353
548 2362
110 2395
1491 2101
112 1117 2550
601 1387
854 915 1019 1231 1518 2312
227 650 2485
102 1794
1579 1917
927 998 2155
171 381 874 1866 2639
1029 1083 1136 2249 2356 2413 2567 2664
367 1241
175 264 1242 1734 1944 2613
412 838 894
434 992 1644 2437
155 226 486 598 2178 2404
965 1951
846 1448 2374
1143 2590
522 706
203 1585 2062 2343 2495
1853 2461 2486 2630
1 562
1155 2201
392 1314 2001
1776 1953 2177
467 1279
524 922 1017 1168 2362
628 2451
1433 2341
41 351 708 1247 2240
11 1436 1569 1693 2459 2487
746 998 1709 2189 2198
1569 1870 2105
542 1566 1765 1864 2029 2483
8 1875 2489
109 1232
1462 1873
2115 2617
291 1516
52 751 1372
264 1445 1784 2511 2520 2633
794 2156 2485 2579 2608
931 1464
732 2208
248 881 1208 1247 1281 2378
776 1701
650 1659 1869 2205 2216 2553
1131 1881
961 2574
1404 1689
783 1185 1341 1741 2465
304 356 2336 2359
8 221 502 548
628 1418 1500
286 1523 2067
191 400
762 1144
183 1573
639 1617
998 1906
1323 2509
539 792 2143
293 446 761 1740 2641
1066 2530
83 329 1044
1239 1467
708 1125 2512
343 769
5 1519 1968 2094
807 2251 2650
766 1804 1887 2083 2342
823 894 1717
406 547
586 1148
408 439
233 294 776
1789 2531
144 1565 1774
653 718 976 1417 1512 1572 1840 1920 2423
584 1753 1779 1981
279 905 1892 2007 2275
1518 2088 2517
520 881
1707 2035 2173
1896 2379
385 993
1525 2165
1285 1446 1754 1788 2201
366 1777 2073
1326 1549 2430
14 1102 2217 2657
1287 1923 2408
171 282 1839 2214
678 1232
554 1017 2205 2389
384 1504 1786
422 2073
258 1468
1400 1922 2648
1158 1177 1358 1991 2131
436 1443 2040 2226 2521 2538
979 1086 1276
2192 2534
1458 2342
334 620 1622
314 1725 2546
174 776
2075 2419
837 1826
1434 2612
1800 1997 2212 2569 2571
151 430 2149
416 1403 2054 2320
406 1309
755 1231 2044 2149 2470
95 248 1654 1892 2313
1395 2003 2580
508 1009 1690 2182
135 1258
347 1983
311 1287 1739 2235
298 561 2224 2405
416 2067 2312
1627 1839
1342 1601 1803 2011
618 2122 2167
570 734 2150
277 371 1131 1232
709 1435
1947 2039
534 2054 2395
286 2220
446 929 1309 2302
834 2239 2510 2640
402 1482 2231
57 229 819 1198 1855 2514
351 1048 1291
335 633 981 2566
389 1926
86 744 1220 2099
73 400 440
734 1317 1500 1593 1729 2580
1726 2308
463 832 1296 1402
565 1887
90 630 665 1223
496 917 1461 2060 2488
1471 2295 2646
1791 2062
352 1140 1540
119 1516
110 879 992
533 983 1053 1481 2489 2579
1326 1624
725 2423 2625
1282 1424 1574
449 664 1826
538 1793 2095 2335
89 2371
1530 1789
1230 1809
662 2603
982 1566 2083 2158
539 2202
161 667 1185
843 1212 1442 1767 2490 2543
1005 2645
464 900 1698 2168 2618
114 814 1080 2003
1439 2494
1133 1980
263 958 1510 1688 1939 2252 2544
1059 2661
1331 1570
365 1133
739 1085
435 795
635 1100
1540 2128 2223 2617
1759 2006
657 833
138 1092 2162
90 1332 1967
1350 1549 1950 2239 2272
490 2219 2351
1565 2529
439 1640
2101 2647
562 952 1174 2152
716 2119 2252
1045 2157
1369 1576 2401
364 378 407 1564 1624
266 769 1325 1452 2059 2285
996 1705
1206 2529
182 1445
814 2047 2154
1225 1724 2060 2244
1562 2034 2290
363 373 664 1802
146 1007 1123 1192
1429 2000 2577
992 2436
3 1990
1754 1765 1857
689 1454 1860 2451 2454
1547 2330
203 563 2246 2276
142 634
32 1602
1008 1686
992 1785 1988
50 61 1363 1755 1951
291 656 1147
118 1811
940 1339 1341
892 1810
1376 2041
175 1921
314 407 411 1341
128 1268 1448
395 832
465 600 2084
15 1177
915 2500
216 431
108 110 278 1124 1371
312 1175
563 633 777
39 731
1188 1761 2541 2585
283 1743
957 1187 1248 1339
1264 2512
1238 1488 2437
3 1101 1648 1722 1766
321 786 2215
662 1600
1568 1661 1742 1793
519 1874
1074 2155
155 493 2225
281 1785
47 1572
1243 1992 2003
519 1927 2275 2613
388 578 2269 2585
893 2511
140 665 846 1620 2325
402 800
559 2371
815 2084
842 2099 2435
1105 1295
73 1157
626 1510 2378
446 1946 2275 2633
1006 1699 2347 2457
16 1679 1856
345 1953 2076
2034 2268
1245 2564
956 1593 2168
1786 2209
149 270 463 2368
1607 2242 2407
63 613 1706
1618 2521
13 704 1006 1467 1528 1604 1847 2343
1 420 1777
544 1298
308 494 1180 1902
1941 2067
380 858 1188
562 1549 1931 2574 2613
761 971 1790 2031
197 869 1784 1867 2251
517 1480
637 1486 2307 2560
1326 1864 2273
306 641 2155
443 973 2443
872 1800
360 1102 1517
97 2460
1123 2196 2445
508 1955
191 348 2621
151 1088
773 823
768 769
847 1925
1533 2161 2266 2320 2637
49 536 628 767
418 1847
404 963 2283
164 351 1175 2442
426 1127
972 2348
209 859 1514 1780
1199 2118 2474
879 1829 2004 2466
615 715 878
312 2321
1423 2384
697 1189
1042 1757 2206 2273
255 651 907
963 1012
250 2121 2611
529 1060 1288 1857
483 1787 2131
794 1125 1220 2013
1552 1658 2381
18 236 651
417 1430 2235
1429 2461
823 1718 2180
949 1464
2238 2454
771 968 1607 1714 2494
932 2016
1096 2321
405 949 2597
863 1971 2177
1197 1418
1015 2402 2561
1483 2608
106 476 1703 2107
191 1185 1191 1780
190 2356 2481
1522 2639
1767 2260
357 768
226 448 2260
641 807 2272 2363
1009 1119
374 1307 2112
1175 1198 1226 2056 2080
1879 2206
1568 1717
1019 1638 2083
501 1136 1807
2195 2311
384 547 2026
1557 2543 2607
1658 1770
678 2126
516 2363
652 1375
1535 2073
34 1228 1750
583 865 2350
1280 2338
458 2312
75 1459 1517
927 2425
521 1824
1518 1903
958 1929 2089 2638
837 2082 2172
2177 2455
1466 2364
585 1235
169 878 1193 1536
466 1232 1940 2037
265 2465 2600
276 1242 1870 2580
1369 1888
643 2127 2636
693 936 1354
465 2496
889 1771 2064 2187
1582 1876
369 1128 1155 1839 2002
90 837
614 1864 2519 2530
382 436 1187 2632
481 1424 1496
965 2595
1505 1784 2588
327 1497
1165 2627
82 259 1441 2390
557 939 2091
212 2032
73 594
254 591 1014 1225 1667 1733 2289
126 358 764 1516
291 327
1228 1349 2231
326 357 1165
2338 2419
76 1029 1226
1925 2125
2541 2549 2591
337 1096 2380 2426 2578 2588
363 440 2261
1494 1755
467 750 852 2176 2412
529 2558
1506 1552 2401 2408 2659
300 584 1018 2108
739 1076 2661
1603 1987
297 771
1870 1955
16 218 241 271 373 2006 2403
157 923 1433 2130
1244 1770 2373
257 410 1084
826 2556
116 548 1669
911 1198 1352 2431 2623
330 1267 1334
99 230 860 1089 2284
595 1054 1926
406 780 1630 1713 1779
3 2438
94 143 405
475 959 2430
1457 2007
1785 2230 2415
77 1155 1644 2374
1400 1662
43 281
1202 2367
429 1275
2136 2255
1173 1266
991 2005 2280
47 210 1704 2066
1712 2166 2370
62 1135 1396 2499
80 944 1010 1094
219 970 2223 2304
770 1122 1719 2544
770 923
602 1048 1526 2247
1537 2187 2440
276 1440 1740
286 437 1453 2633
8 2155 2386
1988 2126
1357 2385
841 1085 1699
786 1204 1682 1747 2263
1577 2216
1578 1853 2221
823 1885
185 699 2164 2345
509 1619 1685 2481
1016 2076
126 158 2205
1685 2422 2548
949 1785 1988 2523 2599
208 2463
214 1886
1 1291
1446 2070
398 1417 1575 1775
444 953 1873 2289
814 858 1171 1513 1543
217 2363
86 1771 1914 2010 2232
313 558
616 2203 2441
685 1719
46 1857
277 523 2367 2402
1527 2153
505 598 991 1544 1904
31 348
764 2157
888 1880 2034
1464 1720 1735
392 461
2384 2586
533 1672
632 1226 1967
59 223 409
1599 1615 2005
64 1466 2526
3 2246
43 649 2101
176 1059
242 2553 2567
231 321 369 1255 1524
807 1385 2091 2597
771 1994
61 526 2656
548 675 2367
1549 1553 2044 2115
170 2576
1135 1496 2640
555 768 922 1040 2334
509 685 2198 2360
1102 1346
373 843 1188 2093
156 1722
147 238 343 1729 2092
2107 2226 2511
2164 2218
90 298 1089 1316 2328
521 1274 2044 2099 2312
109 972 1314 1410
565 2436 2561 2635
369 1990
676 1359 1612 2221
190 576 646 1082 1415
1720 2052
1533 2019
317 2573
1024 1720
330 2364
450 1306 2284
793 1557 1707
732 2109
345 710 1468
1429 2048
1087 1507
1119 2359
1039 1589 1718 2238
21 647
537 997
2228 2519
175 1489 1892 2046
381 789
159 322
1688 2180
184 584 761 2003 2640
1572 1906
1098 1531
1829 2119
608 1429 1480
23 1833 2092 2310
1254 1410 1509 2522
1374 1441 1759 1871
104 269 612 1802
431 1591 1740 2364
907 1213
465 1280 1982 2592
580 623 762 2638
95 530 908 2568 2579
2132 2507
95 2240 2602
410 724 1445 2471
1096 2399
78 1749
72 198 1483 1563 2350
250 329 423 594 1699
261 1011
225 912 1156 1599 2251
777 1536
1349 1433 2478 2569 2586
272 1843 2079 2293
384 1453
367 864 1043 1617 2181 2202 2567
232 510 2076
1910 2181
124 2149 2592
1672 2542
1454 1676 2462
106 1045
1179 1201 1771
55 349 458 887 2006
972 1949
879 1286 2138
384 610 954
160 448 535 2259 2504
1298 2384
1275 1858
680 1312 2077
191 1726 1832
554 821 981 1345 2575
497 1240 1824
1025 1314
1589 2153
984 2155 2181
80 833
228 1451
925 989 2448
481 635 1188
181 432 576 719
122 1007
1106 1477 1954
459 2381
4 362 364
1383 1468 2102 2412
300 524 755 1693 1756
213 263 752 1430 2549
1884 1955 1961
755 1194
2412 2433
102 1218 1324 2492
63 313 504 2120
1291 2364
87 458 871 2412
515 847 878 1125
603 2277 2378 2436
320 2157
1057 1715 2527
1691 2053
149 244 1751
637 1060
97 851 1572 2196
820 1012
460 1770 2507
119 939 2621
528 911 1343
394 1644 2623
41 45 161 1992
1756 2046 2225 2435
177 1331 1533 2213
248 433 685
231 1535 1800 2046 2618
1486 2333 2413
994 1084
5 1402 1672
278 460 741
647 1543 2354
1424 2379
127 1132 2095 2124
306 557 1170 2353
101 577 1382 2311
101 815 1198 1225 2068
912 1112 2371
1535 2266
1715 2009
841 1542 2096 2585
8 961 1185 1277 1573 1706 2198
750 995 1871
63 137 2034 2609
1338 2172 2195 2612
310 1229 1626
766 1579
115 1457 1714
1037 2186
1309 2657
666 753 1192
2132 2285
666 2063
1584 1605
1900 2487
579 1101 1501
87 247 300 313 848 2456
339 1226 1673
25 848 2445 2590
159 1134 1180 1395 2475
112 1748
1004 2471
782 2529
377 1389 1479 1581
1414 2440 2636
135 199 651 1271
184 287 416 1674 2433 2610
861 2589
376 861 1459 1857
60 1484
1416 1936
610 1797 2513
1460 1932
417 1505 1859
1011 2633
72 1750
2031 2557
621 1100
1920 2085
659 2604
222 335 1019 1927
1430 2594
342 1145
911 1373 1611 2495
325 2259
414 1593
403 633 1741
1811 1903 1954
839 2407 2446
1212 1244 1846 1981
247 405 1592
279 473
471 1346 1453 1938
1001 1723 2644
940 1202 1999 2096 2351
1327 1793
964 1782
686 1341 1359 1398 2471
703 706 1988 2314 2659
1463 2313 2566
301 345 431 1402 2618
1536 1973 2180
315 2384
1203 2375
1005 2079
420 571 1091
1409 2359
856 1153 1414 2017 2189 2585
944 1072 2256
203 499 634 889 1041 1370 1453 2001
99 448 679 803 1662 1923
719 859 1124
529 626
1219 1266 1548 2631 2635
124 203 298 684 1827
807 2407 2412
