2673 4009
261 492 834
1719 1810 2383
62 927 1179 2057
629 1238 2475
317 1165 2208
526 812 1980 2069
104 603
676 1287 1821
2580 2607
218 1449 1810
676 1089
1510 2291
51 822 1043 2166 2525
99 291 2107
1139 2470
257 590 1111 1893
281 1179 2419
57 1581 1851
1671 2597
159 401 816 1758
236 1704 2264 2338
1036 2109 2155
658 819 852 2133
794 1521 1622 2142
307 588
2127 2572
1252 1515
583 677 863 1151 1243 1850
425 653 828 1504 2147
62 535 2405
11 1178 1763
1001 1221 1244
1439 2204 2499 2541 2583
1431 2009 2440
456 2292 2598
307 682
2068 2209 2648
1303 2540 2564
467 629 2178
907 2172
543 1228
1010 1439 1654 2172
427 1212 1947 2065 2270 2550
959 1192
224 704 866 2343
373 774 976
1911 2333 2632 2638
175 617 683 1328
753 1744 2095
271 1491
433 599
667 845 2502
466 725 824 1238
1018 1627 1735 1765 1772 2183 2203
693 1061 1355 2662
524 933 1543
307 2421
1302 1460 1967 2239
279 1184
100 230 1648 2546
533 1456 2583
204 1362 1405 1512
1135 1161 2422
424 638 2586
930 2151 2417
595 1257 1643 1733
92 1750
1012 2135
217 351 1810
1367 1435
885 1042 1660 2267 2422 2545
1464 1583 2161
476 818 2442
239 1361 1551 2412 2639
378 406 1727 1844
675 1874
1381 1887
139 374 998 1581
55 701 1091 1284 2195 2612
861 2501
1005 2547
530 1012 1280 1790
46 592 1181 1287 1484 1769 2243
355 1211
525 1641 2094
726 1571 2643
1673 2042 2047 2063
553 1122 2227 2455
1305 2400
1125 1795 1840 2074 2596
148 1517 1940 2100 2162
1497 1927 2430
1053 1209 1717 2508
2448 2506
150 1114 1597 2041
399 2121
103 771
320 1409 1694 1828
1097 1686 2232
197 627 771 1351 1757 2250
267 802 2182 2284 2430 2564
978 2591
134 223 1814 1886
347 2298
455 2143
1200 1503 2406
627 765
159 414 758
1031 1158 1230 1546
50 1660 1779 2211
1531 2234
370 1746 2548
445 1742 2247 2486 2488 2588
722 1917 2549
907 1009 1499 1938 1952 2098 2475
91 1832 2249
1617 2399
405 472
906 2594
1376 2403
607 677 925 973 2166 2232
878 897
207 212 1664 2107
416 497 551 1329
426 2090
441 924 1274 1975 2490
177 421 423 2152 2457 2488
53 479 658 1758
186 208 1378 1668 2242
605 649 723 1503
79 1583
56 282 2539
981 1612 1933 1986
1520 1627 2130
166 370 853 2299
112 510 1285 2142 2182
364 454
14 226 1078 2233 2519
1254 2253
81 2323 2506
300 1785
33 566
1364 1714
909 2667
716 910 1760 2362 2454
884 1850
166 249 1685 2508
935 1774 2294 2512 2591
1271 1397 1815 2050
1726 2094
486 635 1380 2324
100 2260
140 1051
49 97 1761 2469
303 1983 2106
432 491 1621
160 1286
210 930 1131 1153
160 2336
366 462
82 259 1042
245 1552
762 1366 1949
237 607 1275
1143 1280 1282 1824
1219 1941 2068 2284
1495 2488 2567
202 2483
399 1629 2219 2567 2661
1290 2671
687 1312
245 1449 2380
613 1189 1383
1037 1380 2389
1344 2244
1318 1998 2370 2398
2199 2287
262 1312 1721 2499
1435 2471
786 882
2148 2155 2257
870 1805 2597
451 1827 1900
31 554
612 2458
1022 1221 1248 1262
49 499 1089 1315 1860
1084 1898 2040
738 1003
552 2543
92 534 2664
840 1113 1962
1059 1270
288 675 728 1562 1772
53 54 1232
32 290 624 886 916 1983
354 1142
779 870 1891
677 1672
52 392 1558 1887 2013 2418
1162 1310 2487
90 1356 1936 2482
1289 1711 2006 2164
1755 2021 2078
1934 2146
238 455 1283 1526
403 448 1369
1592 2561
1109 1690 2157 2307 2421
1112 1368 1502 2481
1009 2190
834 2098
1102 1777
557 583 651 2070
238 730 1463 1874 2041 2154
697 1595 1833 2552
285 334 1595 2006 2207 2515
608 609
1287 2233
900 1301
1560 2537
176 1513
3 2076
825 1285
415 1167
711 1437 2044 2263 2629
307 1426
1391 2472 2495
448 1460
766 1587
1660 1771 1789 2208
83 786 810 1734 2003
46 1439 2211
1711 1892
653 1449 2233
210 2074
1809 2180 2317 2435
1741 1798 2377
1356 1481 1521 2044
458 589 690 2251
1411 1538
332 2442
394 832 1389 1517 1606
1220 1954
107 515 585 883 1155
356 1314 2127
239 633 1123 2429
637 690 1524 1975
1338 1347 1578 2096 2255
652 2639
973 1453 1808 2255
676 828 1058 1273 2384 2547
945 1111 1309 1849 1964 2436
199 501 598 804 811 2617 2664
391 2140 2608
586 711 901
456 2284
1669 1682 1904 2526
812 1497
121 197 1100 2252
55 1191
1052 1505 2592
290 1258 2036
213 515 1109
987 1668
530 986 2178
29 763 1001 1375
1287 1457 1554 2516
280 362 1947 2148
214 1475 2263 2487 2657
195 996 1928
240 2612
52 1772 1934 2219
1975 2449 2551
982 1480 2047
86 1015
623 706 1792
136 1308 1483
1927 2054
2345 2349 2398
718 1172 1265
128 396 659 730 1086 1422
82 598 820 1670 2013 2129 2505
301 1300 2421
185 2502
389 1618
568 1519
315 1817 1852 1908 1982
657 786 2148
2162 2283
1301 2515
882 1302 1333
472 1911
694 1260 2405
477 632 825
1366 2472
2371 2406
104 1416 1931 2440
398 823 1056
154 2636
1273 1329 1776 2300
2075 2116 2560 2657
1251 2530
42 1276 2112
839 996
22 24 533 1417 2412
276 1417
205 1215 2131
244 457 1710 1835
2154 2215 2373 2425
867 2591
418 2320
261 279 331
397 706 1579 2115
2050 2208 2238
222 1123 2099
1769 2648
1646 1840 1937 2096
335 762 879 2483
834 2322
923 1191 1731
1113 1256
1623 2628
886 1163 2136
15 2581
396 1726
1912 2058 2334
306 993 1592 2467
648 1599
160 406 1316 1374 2303 2442
1362 2335
1914 2039 2634
501 1401 2462
169 1343
1041 1396 2047
119 867 1530 2561
2126 2525
325 2242 2322 2539
909 1390
1440 2514
327 2422
1442 2107
309 1616 2205
1261 2425
214 766
105 770 1161 1531 1872
346 1303 2055 2321
152 233 692 967 1255
1005 1254
561 1713 2666
392 466
1269 2177
931 971 1143
5 872 1693 1863 1993 2061 2635
112 1215 1356
1859 2205
193 1350
587 1448 1941
2579 2645
278 379
322 841
222 525
309 316 720 748 1103
1776 1902 2378
930 993 2646
83 234 1925
657 1592
1543 2182 2392
239 1410 2102
1442 2240
1554 1970
31 1146 2336
606 2185
859 2038 2066 2090
1406 1770
828 1752 1765
578 2246
1035 1846 1990 2529
2437 2646
775 1601
184 737 976 1282
483 609 771 1550
15 268 1042 2186
148 1305
883 909 1513
489 1610
709 1751 1875
244 2227 2331
25 35 1493
1377 1552
33 827 1628
609 610 1915 1973 2249 2602
300 536
31 85 436 816 2049
951 1706 1773 2658
102 122 2483
2418 2636
88 1246
382 1868
509 1420 1746
307 515 1354
1542 2489
1025 1152
422 507 972 1517 1711 2615
902 2330 2525
348 476
775 2513
787 2211 2454
942 1427
285 458 2360
325 1050
1339 1629 1825 1883 2642
1055 1122 2185
1042 1676 2202
1174 2586
327 504 691 2461
148 377
746 2038
429 1753 2102 2381
530 1869 2186
113 831 2305
1184 1733 2063
262 441 966 1279
1869 2459
1423 2092
580 1919 2599
666 731
394 477 1421 1862 2412
98 1383 2312 2636
505 611 1352 2629
475 1471 1779
97 823 1505 1586 1935 2420
50 922 1590 2210
336 1443 2115
1200 1755
1120 1715 2466
547 674 970 1509 1720
736 1826
82 497 926
1628 1711
275 2518
49 804 1762
332 1782 1834 2221
433 1989 2194
173 299 1760
11 1896
373 1232 1753 1957 2351
66 256 405 702
1234 1317 1510 1728 1785
1413 1606 1736
630 1087
626 1759 1844 2291 2547
251 679 1566 2355
256 934 1763
44 399 629 2590
867 1104
250 384 1967 2260
1684 1899 2550
436 438 869
205 262 666 677 700 1439
243 592 732 1222 2265
172 363 599 2590
974 1813 2016
528 610 2001
626 1389
240 323 1782
52 2124
430 1101
70 674
839 1457 2052 2564 2639
201 627 2582
70 1421 1638 1915 2091
184 1525
1161 1168 1736
522 925 1104
920 2591
39 1449 2250
708 1109
962 1491 2646
1215 1669 2050 2326
1673 1884
110 1898
166 357 2091 2602
283 753 1921 2355 2484
244 478 1980
278 664 846 2092 2250
468 859 1074 1981
616 1505 1650 1992
548 1621
1509 2567
259 1733 2552
1412 2553
252 1178 2110 2530
574 684 966
2154 2162
521 1440 1609
679 1964
605 972 2189
1018 1842 1858 1998 2666
1071 1660 1769
689 1005 1827 1933 2368
566 1864
1198 1780 2378
86 726 2532
164 243 556
771 1486 1594
693 895 1123 2095 2201
546 1016 1798 1913
1120 1691
214 1236
1687 2175 2455 2662
40 2329 2623
643 1851
384 2235 2341
685 762 1074 1362 1696
1213 1699
1576 1762 2057
823 1903
1289 1532
416 1258
488 735 847 1761
852 2664
8 141 1318
473 1165 1863 2262 2657
270 635 699 1749 2284
281 1249 1817 2355 2438
2282 2568 2570
428 1885
557 727 2149
875 1783
1129 1266 2153
937 988 1265 1400
1546 2436
266 778
671 975 2050
573 2136 2140
629 768 1873
676 735 962
578 1854
320 598 728 1767 2146
2178 2416 2570
258 332 1222 1462 2013 2601 2653
1978 2137
2331 2359
498 1231 1979 2004 2653
404 571
190 1245 1775
1062 1292 2671
172 864 2287
101 1857
547 1337 1890
767 1219
300 514 522
851 1397 1959 2397
70 1674
502 663 2296
151 722 1997 2251 2274
242 1026
194 1201
180 1353 2097 2431
263 2180 2459 2620
1260 2339 2523
811 1337
1354 1749 1754
2154 2201
83 446 1901
1167 1538 1808
1376 1939
714 2028 2212
172 2582
575 1612
100 1662 1751 1849 2566
1367 2436 2617
656 1216 2237
674 988 1191 2090 2281
352 2336
620 1306
375 1720 2275 2491
2170 2322
11 1283 1946
1125 1143 1561
25 652
695 1495 2231
92 302 479 1682 2524
625 1235 1616
243 624
1542 1588 2034
486 1699 2106
1187 2440
224 585 2163
318 2074
1462 2352
183 323 828 1154 1452 1757
1985 2312
2296 2389
18 311 388
382 843 1085
1398 1826 2349 2603
626 700 1561
46 592
91 1454
1919 2219
1188 2114
964 2502
187 1542 2387
297 754 915 2210
370 916 1032
35 1983
722 937
179 2601
1 1082 1714 2019
185 1010 1387 2456
303 1797
1639 2438
459 2250 2668
740 1669 1710 2346
331 622 1813
218 1478 1585 1748 2351
237 465 902 1591
1460 2615
1715 1797
504 1812
471 1328 2470
632 930 1182
1406 1845 2417
444 626 2425
1054 1383
296 1562 2103
237 712 1988 2649
1341 1919 2488
416 866 971 2358
51 2523
1651 2448
167 177 972 1611
1344 1696 2611
1517 2090 2263 2666
75 2011 2223
774 1632
1897 2017 2065 2362
113 122 218 837 1069 2424
244 281
637 1842
455 1390 2202
1419 2513
1113 2210
305 547 1118 1470 1965 2404
164 946 999
431 461 658 1553 2331
2249 2331
814 2012
168 779
542 1288 1980
1449 1808
405 500
1083 2380
1707 2110
80 265 2148
313 1162 2410
696 2481
90 300 2174 2307
383 392 1304 1992
507 863 946 1452
860 937 1420 1600 1708 2066 2445
2254 2635
497 2559
784 978 1435 2106
256 638 1520 2664
781 1148 1698 2560
274 453 1182 1572
738 1083 2517
514 1161
438 841 1117 2141
209 345 500 680
83 232 1323 1382 1627 2622
225 1024
1721 2029
202 1834 2212 2608
329 1920
1129 2170 2408
471 2065 2276 2307
628 1146 1548
1462 1935 2176
95 143 729 767 2418
1570 2152 2467
786 1437
1379 2250 2355
2433 2592
872 1417
248 1282
1570 1949 2135 2382 2651
2064 2368
1264 2477 2538 2598 2619
462 1584 1756 2602
913 1338 1689 1783 2520
10 1042 1977
673 2022 2340
208 1274
441 550 1284
632 1218 2316
385 962 1719 2515
360 371 1369
582 736 874 1484 1615
394 495 512 1342 2431
1095 1653 2134
378 1447 1983
1194 1344 1623
960 1518
115 484 624 1266 1300
2151 2650
818 1464 1975 2673
2098 2143
34 620
300 1983 2043
48 217 1998 2287
749 2607
1160 2380
642 1272
329 522 779 1601
205 2489 2628
477 2130
134 1757
307 1573 1660
4 278 816 1043 1381 1622
555 1313 2115 2587
31 934
309 1169
946 1551 1615 2164
1001 2466
105 1020 2406
433 1015
3 140 450 456 1733
1634 1840 2202
1783 2193
616 1096 1650 1998
431 1662 1691 2136
90 1918
816 1216 1241 1290 1292 2523
1784 2272
1634 2217
1978 2067
554 871 1457 2196 2269
122 159 2018
1665 2285
739 2418 2537
64 1265 1729 2560
133 614
1529 1874 1893
32 81 1593
162 1269 2107
378 984 2172 2193
1442 2259
147 762 1123 2048 2423 2658
230 1555 1559
2026 2567
960 1000 1399 1952
1385 1730
1378 2122 2334
2457 2533
283 1449 2580
810 976 1228 1377 2388
1178 2175 2321
1168 1411
310 1175 1454 1560 1656
341 772 909 1195 2616 2656
17 217 399 698 1411 2143 2470
683 1130 2660
1357 2156 2286 2505
986 2582
1360 1738
322 1580
199 1815 2372
1186 1455 2443
428 956 1317 1401
530 571
1606 2007
1461 1853 1884 1965
491 2089 2225 2352
51 1467 1895
926 1397
556 916 2048
358 768 1258 1777
953 1834
240 494 925 1594 1733
378 649 1219 1435
1738 2115
1919 2340
1998 2140 2319
363 2207
166 1917 2155 2262 2362
1553 1855
967 1028
1422 1492 2241 2301
748 1059 2377
198 767 1159 1179
434 840
518 1110 2274
385 1427 2621
1112 2106
1338 2060 2262 2271
544 1201 1359
656 1738 2078 2176
88 1367 1711
656 2031 2133 2320 2371
1447 1650 1654 2554
6 864
1182 1842 2278
35 382
887 916 1143
1080 1509 1934
2117 2447
731 1703 2472
257 687 1723
51 364 1313 2292
180 531
984 1254 2663
983 1170
1844 2003
1251 1973
875 1020 1589 2022 2125 2449
1236 1761 2537
984 1830 2438 2494
15 878 2202 2502 2553 2656
455 1555 2343 2562
128 2101
715 1664 2553
1592 2187
1065 2508
148 2360
786 2408
55 1184 1751
395 1710
919 1192 1264 2106
15 455 1707
1117 1583 2542
1057 2127 2295
1242 1320 2141 2365 2455
1940 2137 2163
662 1053
1469 2125
1055 1734 2073 2494
681 927 1289 2368
519 713
461 1439 2166
963 1293 1798 2671
1787 1874 2077
176 1244 1900
1200 1782
122 1234
462 903 1327
1746 2484
490 1272
792 1141 1449
1065 1432
999 1382
855 1655
108 411 2036 2251
1988 2592
1037 2378
1229 1935
1605 1625 2008
451 978
28 870 1934 2306 2663
2060 2349
1783 2609
1638 2269 2319
171 206 328
227 1242 1477 2528
561 619 1098 2195
232 1183 1850
1363 2003
399 1630 1825
349 527 1205 2260
864 1905 1933 2039
1196 1694 2559
575 1017 2373 2556
842 2525
226 630 1594 1680
468 576
333 345 2464 2531
212 1124 2212
73 214 1588 2493
1350 1521 1677
440 570 1638
1391 1669
1978 2124
13 1204
840 1069 1118
38 1157
2086 2617
565 972 2370 2605
282 2304 2536 2571
849 1023 1721 2576
1872 2286 2482
994 1478 2252
788 1934
1122 2181
9 201 1526 1595
686 2358
380 645
433 1809
35 95 626 2363
137 1012 2572
16 857
577 1887
657 1867 2032
957 987
599 767 2578 2644
1123 1921
618 2054
124 1122 1753
2370 2490
545 938 950 1245 2467
498 1866 2486
658 812 2011 2325 2444
547 2084 2105
272 625 1262
251 986 1335 2286
13 348 1500
992 2349
651 917
958 1467 1994 2376
872 1750
460 683
410 500 516 1849 2423
1611 2165 2486 2532
1448 2443
837 2313
481 1245
488 992
137 1867
154 1460 1788
345 770 2048
765 1112
253 1438 1498
421 732 1590 2547
20 959 2292
609 1554 1952
917 2453
911 1142 1241 1249 2050
964 1415 2290
308 592 1543 2295
742 971 1635
886 2539
134 519 662 2371 2526 2579
451 1102 1197 1399
1283 2656
385 942 1011 1564
123 1258 1721 2278
1195 1440 2006
527 1226 2306
635 1578 2274
512 752 1481
585 924 2075 2459
744 2295
185 657 853 1423 2522
226 1484 2598
177 931 2273 2580
505 878
1040 2016
1664 1693 2406
800 1341 2019 2164 2653
982 1475
1829 2112 2615
425 486 1243 1469 2064 2353 2377
530 2620
1837 2658
1292 1536 1899
148 1929
705 1757 2490
42 573 1288
1409 1984
34 520 1490 1608 2388
983 1197
1659 1692
28 79 532 1378
31 372 394
813 1048 1436 1630 1975 2466
7 224 1148 1667 2569
133 556 1401 1934 2439 2578 2649
1294 1823
138 370 1074
158 433 2094
365 1299 2044
519 755 1406 1524
348 567 1080 1156
1696 1869
990 2234
1238 1799
1541 1578
319 768 990 1725 2176
452 578 707
838 860 1169 1944 2247 2262
73 591
733 1670 1856 2325
320 1921
870 1641
357 1382
546 1330 2004
269 1979 2048
895 2212
486 1056 1579 2171
481 1510 1754
306 338 1996
714 966 1568 1757
28 1442 2414
1203 1830
737 1918
35 2668
861 1267
26 935
56 589 1656
473 756 2557
44 89 922 1340 1697
337 1354 2529
1682 1772
477 1556 2398
796 835 860 1169 2305
80 1096
996 2086
655 1340 2375
490 2613
304 1261 2082
897 1707 2336
292 361 1968 2082
566 625 2378
336 724 1968 2027
221 599 686 1164 1776 2156
117 515
709 1444
2096 2121
1653 2634
370 846 1915 2502
1677 1678 1853
444 1091
70 430 1963
459 1751
1061 1377 1535
293 654 703
332 370 792 1509
204 2323 2445
171 528 1175
118 739 1558
833 1204 1580 2386 2623
62 263 1435 2412
1382 1397 2196
912 1031 1299 2499
213 906 1021
1082 1361 1403
430 2581
614 1454 2454
779 1597 1928
1066 1113 2052
16 1965
49 816 1905
1118 1532 1932
963 2017
677 1227 1935 2089
970 2118
727 1952 2338
725 2105 2568
363 898
454 470 1014
1150 2251 2604
52 1081 1204 1550 2649
335 1190
54 2294 2662
334 2116
483 595 1018
610 2439
1025 1179 2100 2149
960 2000
1495 1602 1655 2016
71 647
1195 1253 2617
868 2202
393 672 966 1346 2401 2553
854 1077 1332
292 341 526 1628
514 1180 1611 2292
1069 1173
333 1081 2332
708 1339
1267 1470 1964
282 814
324 854 1554 1946
1 151 846 930
1658 1802
1233 1404 2057
264 1609 2377
1455 1608 2583
907 2530 2581
534 552 683 1282 1598 2385
451 1087 1288 1892
331 1410 1799
580 1353 2537
88 2488
1551 1626 2146
343 930 1909
780 939 1074 2546
431 1107 1681 1949
160 747 1434 1538 1834
1721 1773 2328 2634
161 588 882 2154
639 1075
816 1632 2483 2567
1026 2600
283 1527
445 1043 1972 2041 2406
18 117 1395 1684 2305
523 1651 1708
1801 1900
5 1218
668 1505 1517 1907
533 1996
239 1232 1955 2061
1266 1546 1780 2007 2113
767 2220 2375
50 507
182 1441
389 1053 2287
549 655 762
957 1254
527 1086 1146 1366 1608 2022
947 1626
492 735 1484 2355 2518
1470 2189
277 661
542 744 1075 1181 1526
20 244 471 1275
347 645
92 379 553 1475
239 964 1200 1473
66 1890
1048 1520
548 2083
204 367 1837
462 824 929 1118 1377 1804 2221
1510 2149
1568 1716
356 2097 2660
784 1797 1813
131 1858
1966 2601
325 1633 2379
1426 1912
409 1696
1494 2284
784 1728 2625
247 313 550 2127
23 226 314 1447
193 552 1125 2664
13 199 1157 1811
420 427 1651
876 1984
396 2190
103 122 1056 1495 2268
540 978
251 260 982 1181 1290
190 1068 2269 2318
1035 1229 1983
1969 2002 2605
1041 1430 2162
5 1268 2481
1416 1548 2341
2153 2409
625 1201
1220 1966
180 596 1258 2282
279 1280 2145 2355
2191 2490 2525
410 602
70 2333 2399 2662
2375 2484
146 1343 1710 2502
184 1097 1178
89 1042 1246
207 320 933 2171 2513
144 1081 1670
1689 1756
347 1395 1899 2287
205 2053
462 1181
942 977 1160 2319
940 2534
113 456 1415
195 1430 2131 2349
1764 1805 2658
168 180 1121
5 808 966
1909 1913
258 928 1929
2131 2313
784 1037
2229 2294 2354
189 1270
83 520
896 1274 2091
365 1401 2004
7 267 285 853 1445
1729 2204 2273
2442 2527
88 472 1195 1925
413 958
1810 2003
414 2337
808 972 1334
57 927 1413 1817
855 927
549 836 1368 1920 2114 2187
1514 2019
268 697 1508 1769
737 2337 2584
674 2256
841 1048 1318
75 1085 1711 2575
709 883 1009 1286 2652
911 1070
328 2371
328 423 1604
888 927 1359 2278 2593
115 304 364 911
137 1898
590 1017
30 123 735 889
518 989
271 642 1188 1970
75 2451 2469
575 824 1134
1690 2066
1127 1908
475 616 1239
201 935 1191 1347 1598
430 772 2466
1305 1518 1821 1852 1853
253 1004 1005 1584 2304
709 1039 1735
139 887
263 1413 1483 1598 2163
155 281 423 2069
853 1908 2639
268 1026 1236
1466 1720
710 964
819 820 1368 1690
784 1737 2031
253 2159
607 884
165 578 767 1810 2408
1840 1904
331 843 1010 1084 1499 1957 2101 2140
786 981 1134
1029 1953
557 1201
553 2554
44 472 626 1000 2145 2557
812 1071 1671
810 2345
203 1141 2126
101 1186 2129
212 661
1184 2021
962 1027 2671
43 2037
837 2498
221 2556 2669
371 1511
1238 1553
46 386 623 1277 2163
1534 1683 1891 2083 2276 2648
70 567 819 1244
52 462 602 827 1693
313 1091
1609 1837
994 1579 1709
364 1845
472 1783 1848 2308 2435
819 1344
424 701 2195
333 1276 1592
874 895 1470
1521 2517
590 1390 2145 2236
277 758 2011
172 1956
998 1052 1342
396 1715 1886
265 1392 1687
726 835
557 561 2259
246 1714
230 699
387 412 771 942 2377
721 908 1066 1760
951 1745
1560 2439
97 963 2349 2485 2509
237 649 851
86 437
159 311 391 793 1284 1307 1763
619 1122
121 1973
918 1135
578 2286 2458
1241 1680 2222
145 2323
470 1499
1027 2645
196 925
671 1075 1494
43 530 1020 2314 2460
1585 2391
938 1009 1318 1340
1616 1738 2306
212 244
687 1253 1999
186 2577
1137 2328
411 594 951 1134 1594 2584
2018 2340
299 1044 1371 2179 2501
1137 1283
105 1727
1359 1873 2636
1352 1978
226 262
7 990 1067 1257
519 1912 2310
457 642 1669 2350
430 517
1545 1898
2230 2338
4 2576
1979 2482
605 1416
589 1061
252 1862 2591
1348 1632 1904
1563 1630 1968
2569 2610
685 1168 1347 1470 1610 2401
778 801 1523
473 900 1810 1908
654 810
1073 1188 1866
344 969 1917 2571
878 1067 2226 2336
403 448 457 1093 1972 2092
69 2307
336 460 1141 1311 1451
23 1626 2269 2599
603 695 1616 2334 2617
709 1844 2436
365 418 533 541 647 1029 1066
145 1463 2125
61 282
244 1497 2098
387 755 1404
1544 1671
367 407 1219 2023
650 2016
111 996 1450 2045
248 1781
379 819 1673 2381
557 902
296 408
186 1331 2105
518 2084
535 684 972 2001 2259 2575
461 2147
49 437 2009
830 1862 2226 2607
991 2313
362 1272 2113
355 1060 2217
1484 2322
850 1684 2243
453 1043 1056 2342
57 611 850
663 811 1938
1063 1144
1032 1458 2353
163 1973
1319 1524
290 2327
165 521 725 1779 2337
1392 1570 2090 2354 2359
174 1115
198 2017
417 1742
496 1504 2119 2531
153 253 411
522 748
1406 1682
1151 1984 1997
261 679 2296
1274 1707
1354 1719 1754 2195
1267 2656
499 668 2031
1609 2086 2594
559 1008 2479
215 1857 2125
217 697
763 2022 2404
168 752 1152 1352 2034 2506
266 1285 1423 1543
117 220 1913
191 2064 2203 2209
348 1323 1479 1915
302 375 1545
604 1490 2662
657 932 986
1244 1286
1020 1081 2672
203 250 1614
196 1410
1144 1381 2369 2613
735 992
259 1781
1832 2071
1297 1561
1281 2424
1082 2207
2105 2508
362 2221
652 2469
371 1090
929 1336 1815 2155
583 1473 1904
672 1749 2514 2535
67 1704 2010 2583
1191 1422 1693 1915 2254 2607
1230 1750 2597
387 701 793 1273 1854 2126 2643
595 1330
521 753 1170 1935 2470
221 2129 2397
1844 2636
28 1866
506 1438 2444
96 1007
1438 1573 1835 2198
1359 2202
32 427 771 1263 2525
3 18
731 1209 1289 2630
530 1268 1764 1773
1259 2276
159 1575
716 2534 2577
1929 1935
2146 2462 2665
334 382 1391 1730
350 773
981 998
1157 1940 2626
67 762 2504
1585 1626
1316 1511
378 437 1791
19 1922
589 1267 1995
274 2260
241 243 1064 1585 2364
270 1475
293 1624 1883 2075
1009 2096 2588
109 2172
666 2184
439 520 1410 2072 2523 2587
116 254 496 1666
732 797 1231
1318 1643
1965 1987
1837 2304
619 1420
271 465
1968 2109 2232
479 1678
2146 2469 2584
1157 2630
566 1318 1636 1661
1300 2201
125 287 1837
481 579 2136
981 2619
351 603 1264 1496 1931
1970 2289
1277 2599
624 754 961 1790
41 604 2524
572 1131
364 1333 2624
446 1103 2458
544 858 1256
876 894 2114
845 1349
1047 1314
1338 2047 2244
1187 1676 1995 2332
971 1358
955 970 1813
720 1149 1303 1491
609 2283 2664
618 830 963 1180 1647
396 1705 2083 2204
1100 1263 2447
644 924 1054 2236
687 1510
51 1529 1695
188 1185 2035
2021 2643 2666
1017 1629 1755 1756 2314
960 1094 1813 2507
1481 2010 2247
1678 2638
1086 1582 1825 2544 2589
1228 2041
534 1635
181 1070 1401
145 485 851 1580 2022
371 1444 1598
134 1064 1219
1276 1574 2095 2380 2599
525 1190
577 1905 2270
1353 2265 2545
200 352 1258 1864 2231
1880 2021
90 879
377 1015
47 1536
654 2372
805 992
1254 1973
1386 1851
398 470
241 1115 1274 2624
1881 2276
1742 2013
224 279 309 1505
906 917 1065 1430
221 1766
1356 2262 2576
854 1224 1229
105 126 2235
91 2450
105 317 1076
738 1959 2578
47 103 2157 2207
1402 2216 2507
227 1662 2439
409 1045 1801
328 1079 2023
670 1541 2263
256 358 2429
720 2093 2410
514 1332 2500
301 378 1644 2371
938 1395
1169 1738 1915 2071 2319
526 931 1634
719 734 1744
381 750 1145 1234
1220 1432
1799 2393
1336 2458
85 487
183 2064
525 808 2465
798 1433
900 1635 2203
26 1675
194 1032
255 312 1949 2181 2293
409 1055 1076
878 2207
738 2242
1359 1480
1037 1852
759 2023
843 1311 2645 2662
323 1218 1803
79 1499
231 2083 2557 2667
319 321 466 828 1250 1483
1861 2360
669 1418
386 2631
1360 1368
1309 2255
106 1939 2595 2660
404 1527 2465
472 543 983 1360 2499
275 311 577 1170 1242 1264 1603 2266 2571
147 1336 1930 2175
35 1463 1848 2216
1178 2284
111 2479
166 1716 1768
900 2294
760 916 1687
622 1048 2242
828 1512 1994 1997
78 413 1084 1530 1851 1877 2204
304 473 631 1230 1560 1822 1850 2461 2469
61 280 1088
197 817 2086 2428
189 1691 1773 2320 2358
732 2423
112 2138
507 966
643 2316 2579
204 1313
539 2031
402 445 470 2291 2455
558 1434 1445
139 1185 1289
803 2187
938 1725
263 1194
1282 1335 2281 2503
962 2673
835 2175 2562 2564
1061 2218
1776 1984
105 207 1459 1795 2452
318 770
661 1356 1736 2328
177 831 2294 2658
943 1849 2085
518 2264 2401 2538
504 1002
421 537 1583
329 2475
381 1405 1634 2250
643 657 2201 2254
90 746 1030
1163 1367 1781
690 877 2026 2196
45 970 1598
210 1237 1347 1638
265 346
78 1154 2506
1015 1490
281 398 1118 2067
557 1370 1826
446 1781
172 569 1034 1492 2252
190 429
541 1246 2346 2455 2607
933 2061 2151 2364
20 201 1056 1962 1992 2086 2359
765 1394
971 1228 1503 1534 1800
605 2127
1389 1444 1851 2248
1282 1854
10 391 842 2558
976 1127
462 1750
343 1938 2035
229 1875 2475
981 1982
170 1152
507 844 1025
477 792 931 1503 1756 2262 2342 2497
1181 1805 1859
442 1422
446 1500
240 1529 2558
416 1879 2377 2418
1809 2400 2648
943 1026 1032 2149
127 1631
24 703
385 1098 1331
165 342
118 532 1006 1814 2006
459 1474 2600
140 1532 1538 1874
1143 1233 1383 1699 2200 2263 2543
50 501 741
1221 1616
606 1049 2095 2575 2592
2033 2143
1118 1775
629 1350 1781 2423 2646
306 2539
676 1490
1334 1414 2551
941 2087 2223
1487 1788
374 2151
507 1184 2335
472 622 1391 2664
785 2011
126 263 798 1105
112 432 1428
1282 1524
745 991 2197 2277
288 1842
425 1823
847 1276 1728 2376
176 426 1540
820 972 1066
318 376 418 2541
1005 1654 2448
413 1787
1069 1597
22 453 1013
392 2523
902 1029 1162 1457
357 1841 2223
466 1475 2107
506 566 1049 1090 1604
739 835 1093 1689
1323 1656
512 2001 2151 2259
959 1016 1491 2136
1469 1967
17 1156 2039
731 2319
735 1148 1321 2449
45 640 987 2630
90 469 1631 2150
230 853
1253 1270 1928
657 2335
549 2507
1069 1084 1460 1757 2314 2585
316 942 1136
546 1426 2034
1567 1707 2626
314 1447
4 1542
557 823 2259
1545 1787 2518
911 1499
550 1174 1187 1630 2086
409 1658
54 2143 2501
1333 2265 2388
850 871 1172 1840
984 1676
652 1941 2367 2624
856 2558
165 478 1564 1941
1234 2296
385 420 889
1070 1479
979 1376 1620 2334
18 828 1394 2461 2473 2581
1594 2658
115 555
1327 1772 2434
2359 2551 2623
1518 1815
726 1617 1635 1694 2576
649 2103 2203 2303
628 1152 1298
2446 2627
577 946 1068
2188 2262 2476
721 1866
1121 1287
1884 2401
945 1228
228 484 1010 1570 2311
519 529 1495
691 1214 1600
344 708 824 1094
804 1688
704 1965
2029 2553
1846 1884 2638
786 1543 1743
380 548 1260 2436 2480
2237 2476
8 563 2112
201 880
111 1043 1934 2041 2104
16 466 1308 2441
514 1045
207 1111 1849 2038
55 2158 2547
26 1342 1870 2379
126 605
450 1456
2347 2388
140 755 1338 1649 2428
453 2038
498 677 1207 2054
775 1166
1661 2007 2296
386 460
978 1340
22 466 775 1186 2384
764 1563
1017 2388 2672
360 1295 2185
403 1084 1685 2147 2451
466 1249
536 2335
1930 2177
370 1018 1185 1720 2421 2673
1053 1560
795 2094
1401 1414
163 943
790 1084 2240 2470
962 1163 1824
847 1977 2467
389 1182 1662
336 1223 1868
2379 2443
488 997 2027 2208
203 1212
791 1227
727 2323 2622
325 1735 2039
1159 1169 2240
332 435 488 2142
528 2460
488 1941 1957 2209
585 2530
192 200 1488 2251
423 1054 1883 2581
115 1323
380 767 1158
504 802 1048 1470 1569 1817 2619
353 963
1010 1179
199 1284 1921 2397
738 1381 2121 2626 2672
665 1352 1913
798 1747 2495
617 1323 1447
1175 1233 1556
25 1343 1723 2254
1230 1821
216 749 1197
358 782 2094 2521
5 814
568 2226 2461
404 716 1656
443 2364
62 496 2188
737 2122 2635
237 1027 2501
1853 2282 2353 2400 2568
561 1297 1862
775 2240
133 686 835 885 2547
4 755 1414
950 2558
802 1110 1788 1841
446 1492
348 431 1856
458 871 1057 1841 2021 2356
371 999 1315
597 1831 1966
496 582 616
272 384 1360 2101 2313 2560
199 813 934
483 1161 1883
88 576 1174 1394 1506 2022 2358
317 967
270 750 1254 2217
925 1928 2409
93 590
60 2532
359 1763 2189
347 1183 1819 2369 2518
833 1071 2670
798 1617 1786 2619
267 2584
120 783 2182
748 2514
137 615 1519 1541
1851 2660
292 2087
156 1719
132 172 1990 2234
760 1025 1788
926 1580
395 477 1304 1376 1850 2242 2565
957 1168 1370
67 816 2455
1319 1873
365 2379 2444
2050 2451
2010 2195 2260
1053 1434
50 2312
67 335 1572 1626
518 1605
673 1074 2219
388 525 1581 1609 2471
363 1653
638 977 2352
740 1196 2462 2531 2666
932 1400 1622
333 2036 2066
1753 2204
1009 1346 1584
278 883 957 1129 1325 2307
266 1654 1750
2108 2392
841 1249 1490 1992 2592
947 1224 1353 2498 2527
703 1113 1309 2001
122 1083 1727 1746
505 571 1127 2350
275 2635
1515 1719 2498
171 379
845 1806 1827 1859 2444
1297 1537 1657 1805 2404
75 239 431 613 1894 2056 2469
259 643 1258 2073 2372
1167 1414 1685
255 1863 2269
35 377 546 2583
804 1438 1954 2398 2447 2487
221 1535
722 1854
1253 2661
183 491 1367 2041
25 277 2089
291 2241 2530
285 361 886 1448 1688 1760
1353 2003 2287 2650
734 1485
275 662 1043 1494 1723 2029 2096 2406 2469
1427 1982 2666
1962 2453
1173 1650 2400
574 1287 1494 1616 1841 1984 2613
2036 2319 2493 2634
307 660 938 1152 1584 2152 2193 2560
1176 1686 2103
393 622 1650
854 1354
1490 1952
1868 2352 2582
14 644 661 1595 2222
154 930
414 740 2156
704 1179 1665 2149
700 2370
149 446 1579 2322 2511 2650
30 303 321 583 1613
1691 2295
206 208 2022
334 1041 2405
140 691
30 353 2016 2045
1397 1409 1735
336 1161 2285
200 2017 2135 2552 2651
1642 2047
1288 2089
165 806
249 508 897 2554
2105 2328
1153 1332 2349
1153 1184
219 535
1186 2543
646 1781 2016
642 1001 1610 2546
844 981
670 1156 2000
674 1248 1466 2003
216 1807
858 1376 2209
874 2296
100 1193 2403
321 654 1878
831 905 1572 1862 1893
160 809 1891 2266
495 1849 2390
2211 2493
409 935
632 1699
93 1778 1911 2227
1466 1849 2125
1588 1842
234 1174 1270 1505
432 515 1827
312 444 754 1642
1709 2335
42 2095 2143
976 2040 2322
771 1640 2457
1019 1770 1981
1091 2356
568 1535
161 774 1970 2366 2487
34 40
621 1815
1382 1913
221 405 1421
1903 2078 2118
207 1446 1702 1821
330 1547 1605
42 1419
542 1195
81 1169
397 1900 1997 2553
498 649 1090 1721
592 1267
1668 1908 2093
1335 2491
1355 1658 1667
640 2623
950 987 1819 2211
859 1387 2671
161 364
350 1668
352 554 2251
465 536 2035
986 1013 1231 1457
1518 2537
1753 2462 2499
347 1523
129 1407 2479
516 1856
1726 2227
170 849
154 654 1520
1355 1749 2508
1542 1659
812 2069
746 2106 2220
72 1432 2310 2483
2468 2673
62 708 910 1700 2148
721 892 1232
480 2545
430 2486
1586 1664 1814 2516
1307 1868 2130 2264
77 829 1015 1187
747 1519 1581 2388
50 1257 1487 1563 1840 2187
210 309 1116
123 383 705 727 784 1769
468 890 2256
1145 2166 2466 2661
351 575 1847 2196 2201
1184 1715 2057 2189
495 1031 1526 2151
34 83 199 942 2461
970 1224
1962 2382
1030 1946 2226 2338 2510
1288 2078 2392
254 1446 1676 1765 1766 2419
129 155 710 1108
468 1072 1258 1943
696 2317
395 1244
222 1760
1781 2490
10 396 1548 1876 1997 2101
1359 2175 2560
510 866
252 732 2380 2432
42 1940 2285 2615
495 1037
995 1142 1403 2529 2539
404 975 1247 2319
11 96 2033
477 2343
891 1665 1728
532 1134 2403
1767 2536
251 2596
157 1210 2363
797 2018 2523 2524
37 69 606 1234 1755 2212
744 2638
243 1322 2112
149 624 2127
33 269 2379
448 1267 2114 2186
448 569 808 850 1689 2515
1181 1214 2249
1668 2047 2637
1018 1789 2408
1081 2313 2430
206 1241 1966 2645
15 2412 2574
149 287 550 1327 2453
787 1083 1210
1204 1341 2294 2578
119 2286 2479
62 95 452 1546 1840 2137 2252 2320
2036 2671
759 2396
3 268
613 1447 2054
1856 2368
60 2357
386 1227
464 1315 2313
1376 1617
978 1175 1263 1885 1972
453 1301
61 294
824 949 1507 1994
526 1379 1908
1166 2397 2466
1 172 1549 2174 2297
330 467 2489 2614
51 799 1106 1920
374 1952
2094 2190
49 2001
326 1842
275 1315 1920 2017 2474
1613 2374
89 672 2141
534 752 1859
1333 1881
1503 1703
398 2019
112 1011 2396
9 768 2065
438 689 2508
173 625
85 221 1954 2134
297 1192 2648
610 1112 1431
382 1085 2285
43 134 1778
1177 1331 2559
363 1063 1127
537 1276 2113 2410
16 583 1034 1086 1606
562 1036 1269 1297 1748
372 816 859 1392 1426
97 905 1040 1335
100 731 1218 1479 1501 1909
1325 2015 2183
277 829 1458 2223
77 206 1801
791 2137
423 1455 1564
1361 2031 2568
418 2227
398 2195
121 601 835
957 1084 2069 2243
380 606
1742 2118
228 1062 1210 1384 1854 2353 2430
265 774 2379
377 1787
240 787 1163 1325 1954 2187 2333
1477 2408
1623 2525
916 1297
1519 2256
31 56 1204
145 884 1026
622 1081 1662 2111
14 563 647 2249
1389 2543
1692 2288
711 2346 2478
867 1222 1404 1511 2613
332 870
478 1937 1986
44 1351 1994 2197 2259 2610
253 731 1672 1842 2251
967 1378 1564
483 1396
245 1078 2178
1009 1010
251 325
228 2101 2151
265 527 1068 1176 2428
100 254 1686 2508
635 1373 1557 2177
584 1314 1474 2040 2430 2460
844 1388 1992 2632
546 707 1186 1807
699 884 2029 2158
328 2220 2426
1612 2486
101 324
527 633 1438
998 1613
1256 1906 2639
928 1440 1646
323 2233
127 1866 2368
257 516 1056 1910 2557
1236 2114 2656
477 1450
342 955 2048
259 915 2438 2624
674 909 1099 2095
57 145 828 1172 1826 1942
796 989 2528
391 2236
1260 1847
806 1746
2073 2518
76 599 1001 1896
343 2581
1509 1544 1842
464 655 2503 2526
624 847 1829
460 1329
1147 1236 1705 1736 2053 2108 2153 2282 2475
535 1371
888 1270 1628
845 1667
448 2022
738 1218
262 1004 1188 2196
8 1533 1681
556 1175 1587 2061 2192 2658
201 418 457 664 1928 2119
202 1303
551 661 715 1371
1565 1601
649 1327
626 1348 2455
1539 2075
197 414 625
1973 2226 2582
717 2413
1040 1900
263 2120 2650
33 1085 1538
1345 2101 2433
411 1396
1298 1389 1988 2517
1350 1929 2467
173 583 813 2212 2482
1301 1724 2304
316 2231
1751 2507
987 2149
571 2549
268 526
481 689 734 1298 1340 2053 2161 2453
235 357 2049
796 1341 1738
365 1900
821 1132 1689 1968
1103 1249
321 843
346 770 952
1238 2510
571 1056 1770
98 762 867
466 1949
16 536 616 1186 2532
871 1018 1131
45 431 468 2306 2449 2665
342 1499
1398 2128
558 1707
309 1031
928 1496
9 60 408 787 920
184 867 2548
1137 2381
457 1056 1659 1739
419 1348 1677
94 179 1331
1042 1494 1626 2573
496 713 1682
518 536 1542
55 933
18 899 2425
94 494
1615 2198 2412
581 2476
1033 1163
1632 2152 2324 2474
380 1952 2666
516 2392
202 1377
2248 2574
425 490 2355 2512
1404 2502
192 384
356 500 2060
1068 1494 2256 2601
219 471
32 907 1006 1226
1165 1846
91 329 1755 2629
252 2022
306 1252 1754 2000 2136 2170 2373
288 1536 1583 2127
289 794 1319
685 1462 1908
909 1129 1451 2182 2528
455 1263
399 2331
250 1530 2419
150 1584 1900
789 1510
900 1679
287 2346
406 543 950 1022 2443
145 346 1283 2597
374 548 2002 2614
1149 1835
703 1703 1776 1795
700 1912
943 1597
1330 1441 1450 1703
576 732 1147 1307
335 361 1333 1573
324 1110 1185 1532 2101
207 640 777
230 250 394 1071 2090
352 361 504 1461
2462 2551
1224 1705 2124
484 485 1086 2067 2180
1620 2049 2525 2653
334 1718 2541 2638
57 356 692 1298 1332 1685
334 722 976
883 1716 1850
763 1701 1972
230 1834 2551
411 2253
720 2262
1911 2098
433 461 2212 2306
470 1259
335 1356
2279 2322
87 527
1337 1693
705 825 2574
769 867 873 2306 2489
201 461 1642
270 503
886 1452 2668
192 1919
654 798
1209 2173 2340
848 897 1088
661 1733 2044 2474
1728 2498
501 2264 2361
1058 2177
183 261 1314
393 1217
750 1168
1284 2028 2050
453 590 2000
29 245 357 2089 2493
35 132 185 473
283 2460
526 1303 1785
60 282 465 720 1388
58 1236 2155
887 2389 2437
913 1271 1953
124 1331 1616 2669
1597 1646 1648 2219
780 1919 2523
270 1671
1417 1918
831 2435
2012 2497
5 928 2603
458 559 960 2042
1445 1596 2069
175 484 2195 2452
189 1932 2409
1371 1559 1613 2264
989 1183 1797 2525
238 963
605 1241 2344
198 1462
1083 2172
1950 2490
93 841 2264
253 662 706 2353
834 1969
1145 2207 2635
879 1299 2003 2641
824 2163
1359 2193
1340 1344 2320 2528
113 491
1272 2015 2350
598 889 1216 2659
578 679
515 2196
1539 1671
588 1884
183 1484 2257
604 2290
1693 2636
410 906 1050 1289
350 444 462
380 484 1149 1535
135 1710
862 1838
1760 2232 2536 2574 2667
82 1028 1057 1292 1524 2230
533 1460 1949
935 1694
22 2263
291 436 825 2102 2173
92 297 1183 2642
306 354 2247 2558
1300 1670 2467 2584
1371 1382 2227
334 1448 1674 2236
773 825 1806 1954 2580
1301 2104 2646
24 66 500
247 585 1628
450 2010 2448
2398 2614
2091 2117
577 2564
347 474 777 909
165 1854
348 375 533 645 2568
333 1140 1815
1891 2352
869 2516
481 811 2154
1495 1755
1457 1460
304 1567 2589
468 2035 2402
712 2655
1097 1770
447 1387 2200
185 1185 1772 2323
44 415 457 688
111 354
341 1575
387 1487 2309
731 1535
1156 1845 1982 2660
718 1387 1492 1604 2637
1175 1715 2331
1540 1723 1898 2349
379 447 1027
1040 2175
79 593 2171
456 2666
447 969 1594 2425
150 167
669 1209 2216
1277 1321 1907
443 895
143 972
530 2347
178 476 1937
118 932 1248
52 1752
1173 2140 2300
356 1470
177 1196
218 300 334 2106
934 1681 2517 2624
37 716 1370 1869 2180
951 2291
427 753 1481
2037 2611
533 692 1853
633 705 2320 2408
812 1965
444 551 705 1068 2549
746 1827 1953 2013 2368
916 1650 1748 1853 2232
139 565
1878 1899 2017 2112
1096 1144
329 2152 2304 2499 2667
1501 2320
639 1665
855 1152
454 566
765 2079 2244
721 785 1566
5 1273 1642
1144 1233
874 2667
1287 1957 2375
197 366 868 1608 2572
318 688 1204
9 979
1231 1452
324 727 1448 1586 1626 2086
148 1083 1761
960 2661
397 1545
1265 1678 1913 2499
687 743 744
678 867 1635
670 1153
739 804 1431
98 2279 2475
228 1622 1980
1060 1710 2438
861 1685
427 623
552 1292
817 2273
931 2284
38 501
981 1174 1824 2014
262 933 1614
708 1180
1350 1518
1738 1891 2171
495 1269
159 2462
251 1049
783 1431
83 183 698 1153
1369 1788
1371 2162 2250 2622
799 1747
869 1097
9 269 707 1272 2582
1037 1714 1795 2404 2492
335 351 1269 1536 2044 2142
1261 2188 2618
706 736
703 2105 2502
400 491 544
489 599 1257 2330
1367 1546 2334
828 1970
28 101 691
484 599 771
38 1208 1324 2216
1826 2598 2602
1011 1195 1245 1878
1041 1458 2531
527 2203 2648
1427 2646
759 1367 1936 2089
725 1304
1724 2280
553 770 1316 1610
155 184 389 1249 2396
1332 2522
326 1973
261 1743
2428 2454
2219 2228
36 2498
281 690 985 1291 2235
1333 1425 1469
25 1251
1397 1649 1706 1743 1990 2018
1336 1805
1300 1546 1957
402 1780
1210 1722 2227 2403
75 1429
192 1391 2238
588 1539
979 1104 2535
683 1316 1491
1490 1950
1392 1833
1283 1373
1075 2087
2225 2302
29 1215
135 346 748 1375
339 451 1371 1750 2035 2613
772 847
168 1721 2548
508 963 1795 2345
717 2182
304 2667
298 1848 1880
1075 1254
952 2295
719 1896 2102
559 837 1930 2145
93 846 1097
161 1388
760 1324 1634 2448
363 1594 2337
8 303 2449
628 1582 2146 2236
479 679
563 834 2045
417 934 1636 2252
884 1606 2647
1982 2082 2628
278 325 549 2243 2422 2599
1757 1804
786 864 1065
161 597
145 1957 2629
1144 2236
1343 1829
674 1197
430 1430
1165 1836 1839
646 851
881 1017 1630 2673
500 1071 1649 1806
6 21 145 1864 2112
158 1432 2021 2041
440 1862
1029 1541
303 1487 1549 2081 2610
610 1463 1685
1307 2359
366 641 1554 1687 1840 2589
751 1332 2393 2593
661 1236 1753
190 1232 1562 2657
1337 1520 2245
1712 1783 1798
310 544
1323 1352 2201 2576
1029 1967 1988 2140
116 867 1091 1332
306 346 1494 1833 2226
367 391 754 826 1381 1673
590 606
27 442 1704 1825
436 964 1063
363 367
478 1744
1602 1697 2656
631 689 1073 2093
1711 1966
81 323 2658
1227 1240 2094
1226 1346
9 1286 2060 2194 2232
674 1723
2371 2509
115 856 1595
900 2513
437 765 1964
27 1057 1269
573 1017
16 2266
118 924 2109 2576
182 1893
1237 1845
1395 2464
58 179 381 1353
1722 1898 2088
822 1452 1850
130 2071
1030 2396
1403 1684 1709
652 1154 2572 2583
1098 2431 2590
562 578 1584 1586 1721 2448 2636
385 436 1919
1286 1462
15 179
703 750 824 853
420 1602
1448 2188
1785 2380
1525 1625 2125
529 604 2524
16 1082 1253
31 965 1268
350 517 1627
1347 1479 1824 2364
1000 1424
358 526 1580 2207
2410 2422 2486
439 1075 1617
295 561
1041 1486
272 719 747 1262
282 945 2155 2651
1046 1219 2231 2485
1383 1941
438 1974 2357
177 721
1880 2221
1794 2023
106 1645 1816 2016
106 2289
579 2373 2610
372 1079
1168 1577
702 705 1012 1642
1321 1589
1332 1584
858 2259 2545
361 1749
226 1146
234 1827 2050
2 1107 1240 2102
1165 1330 1548 1619 2417
256 464 606 2585
859 919 1631 2051
628 1470 2366
106 2670
577 2085
1475 1860
427 1083 1127 2009 2601
1292 1691
386 489 903 1269
100 1129 2433
983 1052 1230 2291
460 990 2506
885 2117
234 493 1691 2252 2378
926 1576 1750 2308 2548
1910 2100
263 2196 2556
920 2669
1 1336 1866
1007 1086 1207 1608
1086 2496
577 1830
438 937 2635
11 2116 2388
655 921 936 1376 1690 2452 2541 2624 2664
13 277 1536
717 1566 2445 2544
560 2188
535 1277 1813
61 322
320 2125
163 1322 1429 1638
662 827 1968 2234 2671
2134 2199
559 2009
390 1640 2554
1030 2002
733 2278 2405
364 550 652 1054 1709 1938
1003 2044
342 1286 1458 2216
859 1124 2359 2417
817 960 1065 2121 2571
366 1044 1401 2208
1145 1646 2403
312 1237 1871 2449
140 1032 1156 1246 2609
536 2059
354 707
738 1337 1932 2601
1177 1197 2045 2075
947 1105 2654
928 1094
1 1972
413 687 2592
534 1341 1492 2667
567 1612 1978 2305
829 2572
655 1446
299 433 505 1031 1828 2221
312 525 1325 2176
983 1460 2029 2389 2590
1371 1551 1893
1808 2319
52 61 491 655 975
183 1684 1869 2214 2638
485 1484
1524 2002 2396 2431
174 350 1104 1375 1385 1521 2172
2040 2047 2546
871 1257 1273 1752
511 1141 1197 1754 2360
56 1437 2007
1241 1251
170 864
993 1558
11 316 762 1032
547 1202 1289 1312 2095 2257 2328
901 1901 2611
2069 2109 2113
797 801 1325
203 582 1540
1671 2102
285 1699
324 1022 2646
237 1091 1434 1534 2277
25 783 1594
480 1063 1829
26 57 192 1095 1760 2226 2424
412 1388
989 1179 1518
444 926
493 1118 2078
1925 2153 2247
254 649 1959
471 583
1590 1631 2588
601 1129
518 729
166 2029 2148
95 416 1220
313 1841
1408 1848 2027
574 1826 2507
288 313 460
2429 2596
139 2053
96 704 1168 1365 2397
111 222 1098 1735
693 1546 1981 2259 2665
137 303 482 622
1267 1327 1851
683 1573 2076
1031 1645
1137 1949 2638
656 1497 1558 1633 2480
686 1601 1961
2230 2325
847 914 1431 1800 2110
325 1413 1980
206 669 767 1645 1681
1891 1967 2312
542 666 1821 2669
485 1629
602 1311 2247
793 1251 1586
631 756 1868 2540 2628
908 2464
1604 2623
217 940 1571 2042
108 183 1461 1982
103 889 900 1530
705 1224
529 1022 2110 2286
1331 1935
164 220 1686
179 1617 1910 2229
408 1667
2397 2545
909 1218 1457
377 1687
505 1297
485 563 753 1342
362 825
1769 2673
1179 1820
106 128 702 718 1350 2007
685 1029
54 353 1597
563 2513
28 118 234 2387 2421
1570 1592 2428
425 670 992 2285 2655
524 2523
1054 1826 1922 2397
150 1898
1027 1452 1748
288 614 996 1783 2166
360 1374 2073 2443
1054 1371 2207
156 322 330 915 1198 2463
973 1499 2121
848 1298 1458 2607
240 1131 2321
181 1710 2193 2669
810 1416
1266 1273 1464 1625
194 318 746 897
149 1431 2340
492 2291
84 1680 2509
656 1093 1529 2593
95 957 1477
489 972 1612 1763 2035
275 475
26 1779
964 1783
4 869 1846
596 1300 2128
132 255 1097
1391 1402 2157
610 777 1711 1901 2115 2119
84 1108 1555 2067 2423
1135 2352
2457 2570
526 1474 2372
817 919 2313 2369
594 692
700 1989 2621
107 613 990 1052
1249 2409
518 1225 1639 2468
93 606 1000
889 1003
605 933 1006 1143 1452 2476
173 1213
1054 1797
1012 1173 2135 2170 2176
34 565 1133 1704 1842 2267
516 1111
51 561 1126 1242 1835 2397
210 1997
352 464 1955 2476 2639
85 2413 2557
243 1432 1481
1119 1578 1852
51 734 2352
451 1532 1578 2139 2304
547 1397 1444
243 887
12 489 521 1323 1883 2389
379 1509 2574
378 1272
350 1546 1585 1608 2296 2416
316 623 1091 1721 2054
249 430
628 1987 1989
396 1797
54 1998 2315
76 1936
163 925 2270
947 1424 1776
34 93 1244
99 160
617 964 1245
176 1392
815 1694 2211 2323
563 2104 2560
956 1742 2008
389 1720
919 1759 2563
63 755 1135 1335
120 891
2422 2590
787 2147 2558
934 1829 1936
1069 2477
332 939 2567 2640
4 659 1994 2651
514 1465
290 558 693 1393
22 1114 2539 2545
58 955
108 812 1216 1338
1172 2046
943 1404 2019
1082 1326 2473
771 2016 2541
1467 1902 2007
407 1403
52 888
267 1445 1962
694 2371 2613
2065 2596
1277 1690
1626 2160 2668
1145 1437 2041
13 525 2148
25 1015 1023 1406 2602 2607
805 2154
1161 1881 2618 2619
1632 2396
1039 1100 1160 2333 2338
1799 2348
49 639 1402
401 1536 2423 2528
1538 2080
754 1779 1861 2352 2454
1589 2154 2635
561 567 1394 2037
597 2209 2653
1563 1654 2514
978 2087 2154
284 848 1267 1710 2392
536 980
464 470 2136
852 951 1084 1134
138 1094 1556 1915 2133
1442 2119
100 1092 2163 2305
140 740 1057 2128
413 1844 2553
631 2632
118 150 687 1198
225 901 1001
831 1106 1296 1375 2462
917 1403 1848 2211
478 1206 1270 2347
453 1920 2404 2568
957 2006 2050
681 1642 2054
228 2379
89 1559 1775
969 1682 1691 1706
328 590 1939 2023
1214 2540
363 1753 2165 2263
405 1577 2430
451 1433 2177
846 2381
195 550 603
1441 1450 1748 2097 2231
408 1480
113 736 1178 1593 2077
1365 2137
1616 1919
66 854 1665 2151
445 1266 2307
198 345 408 605 2210
1049 1938
888 1663 2321
1116 1485
1117 1373 1604
106 2039
67 168 1055 1186
573 2157 2176
120 879 934 983 1977 2206 2508
918 1188
53 169 2162 2334
635 2056
584 904 983 1144 1912 2071
271 843 1759
858 1755 2537
478 2328
708 837 2142 2177
645 946 1895
716 1030
475 508 2295
1528 1852 1921
859 951 1323 2436 2545
991 1395 1932 2432
1284 1879 1948 2300
1043 1457 2026
884 1329 1656 1958
1592 2157 2553
1841 2034 2581
486 2116
534 2253
393 454 747 845 1752
1555 2404 2500
728 890 1780
292 2122
1057 2300 2417 2583
364 1724
1529 2464
44 765 1227 1954 2387
1038 1889
457 960 2016
349 1127 1174 1527
368 1327 1440 2117
470 1489
1662 1904 2538 2648
736 758 1805 2346
149 542
1587 2243 2353
149 188 231 362
65 841 1305 1581 2344 2567
91 265
664 905 1643 1666 2325
177 1989 2296
1234 1718 2517
515 1368 1387
720 1480
1063 1113 1123 1192 1653
696 1319 1687
335 2019 2113 2243
211 1001 1597 2110
805 1138 1185 1367 1827
1136 1410
386 1161 2514
792 1183 1732 2163
1847 2013
230 707 2569
45 1187 1553 1761 2267 2334 2398 2414 2544
534 1122
913 1342
1461 2189 2309
9 126 234 1173 2149 2597
505 588 1522 2150 2198
1656 2213
809 1094
367 768
137 1449 2364
336 634 665 2285 2650
467 1667 1725
245 293 1480 2069
37 55 2378
974 1516
433 629 666 1281
1963 2289
1732 2378
311 318 1303
1689 2054
1153 1545
245 2541 2596
1663 1680 2470 2644
581 1530
859 1763 2311
1062 2292 2554
929 2089 2457
7 356 1333
1869 1905
189 936 2223
1530 2293
1005 1672 1881
1896 2325
1668 2561
830 1996
613 1968 2105
1795 1830 2194 2584 2661 2663
504 1890 2287
94 1151 2549
278 715 842 1818
1650 2321
662 1053 1621 2199 2254
627 1273 1693
742 1929 2304
337 940 1022 1927
26 662 757
255 497 1182 2013 2335 2627 2670
272 549 642 950 1956 2634
488 551 842 999 2259 2589
468 1529 2408 2476
2064 2452
124 1681
484 522 1996
880 2187 2638
851 1414
852 1722
1100 1244 1282
2121 2570
15 647 2267 2316
931 1073
736 2179
633 864 1458 1526 1554 2603
103 2387 2460
942 1074
597 739 994 1181 1586 1759
370 931 1716 1874
441 541 2546
353 1731 2236
176 1577 2201 2482
891 2046
247 1744
75 137
485 644 901
868 1075 1892
261 1319 1543
746 1902 2255
332 1066
166 557
1252 2401
1102 1750
1110 1200 1205
2256 2395 2542 2549
17 298 2452
111 1274 1682
238 798 1167
987 2031 2644
1096 1546 2244 2648
215 2504
48 1449 1723
1563 1948
1372 1991 2341
97 244 1041
643 901 2493
343 1494 1741
86 755 2077
39 412
282 2227 2239
1422 1451 1539 2059 2411
199 982 1513 1958 2062 2601
2164 2425
754 1233
659 1029 1220 1360 1977 2185 2190
425 1085 1693
2175 2577
309 1045 1610
192 466 540 1821 2475
1814 2009
743 1117
194 342 409 543 1746
21 689 967 1703
1830 1916
527 1830 2069
775 1432
1162 1432 1617
583 2623
39 763 1625 2220
1100 1424 2570
1382 1719
528 716
1918 2123 2256
447 1185 1526 2118
888 2602
1980 2074 2421
708 1740
143 2040 2105 2590
388 511 1604 2440
2067 2570
669 1545 1871 2406 2472
609 1378 1448
653 2345
887 1461
1631 2247
154 843 1155 1626 2073
1516 2221
94 222 277 1213 2461
739 745 1030 1197
1083 2234
18 2566
525 1920
564 2427
81 163 404
1040 2455
1463 1990
1159 1274 2007
352 1646
2024 2522
324 336
67 1053 2320
877 1563
648 1981
190 507 2321 2502
982 2103
151 429
399 1001 1164 1377 1996 2019
1373 2020
1480 1930 2288
905 2400 2556
1142 2279 2409
54 1642 2048
1965 2584
1006 1084
1597 2372
269 498 1915
589 1126 1670 2228
99 458 759 1641 1829
581 1461
869 1162 1715 1829
416 474 792 2178 2403 2590
210 1325
1142 1327
342 688 1488 1927
1162 2443
405 1599 1715
1892 2407 2628
715 1699
759 1394 1549 2451
198 208 1940 2435
153 746 1660
1735 1979
2530 2570
253 619 1180 1392 2629
886 1227 2258
32 255 531 1228 2419
377 1182 2544
1382 1809 2630 2646
331 581 843 1246 1356
171 1685 2262 2619
1128 1770 2064
334 531 1360 2347
405 407
759 971 1242 2644
568 616 830 1234 1566 2015
469 1265 1652 2547
991 1311 1564
410 504
166 1595
823 2244
88 1404 1539 2000
59 186 240 2182
607 1971 2290 2387 2405 2523
170 767
607 659 744 784 947 2144 2429 2624
29 1611
258 1339 1665
468 1829
765 805 1954
942 2467
18 637 1426 2249
26 173 913 2358
119 474 536 1179
691 1112
549 723 1575
173 717 1018 1394 2643
1269 2078
43 1455 1484 2068 2552
1348 1719
378 2167
1036 1338 2497
431 1467 1680 1919
892 1724 2168
614 1251 1278 1899
532 1635
2375 2615
1709 2399
666 692 1346 2442
80 847 1343 1526 2283
75 127 916
225 345 361 409 1580
620 1049
737 1920 2103
357 696 2071
854 1379 1439
97 110 2510
719 1215
893 1000 2119
142 1998 2604
139 471 2336
1535 2343
1735 1911 1989 2032 2134
633 844 1246
285 1342 1683
1392 1494
1011 1552
1715 1734
197 2202
935 1126 1868
1149 1570
434 590 1130
472 898 2442
148 2423
913 1630 1946 1976
278 1583 2287
116 1006 1266 1992 2265
1420 2012
656 1723 2045
1843 2611
58 1942 2450
1011 1752 2029
549 986 1205
1009 2201 2359 2530
399 1167
292 1347 2373 2593
1781 1956
91 1061 1628 2157
984 2094
966 1389 1864 2316
1175 1202 1555 2448
203 2345
218 1369 2540
622 968 1041 2157
67 1246 1631
210 871 2067 2619
2440 2482
73 2018
239 625 1562 1948 2119
186 522 1707 2282 2548
585 1582
510 1265 1595 1789 2440
1090 1340 1582 1632 2537
604 1184 1346 1451
39 1022 2563
90 2546
152 1059 1674
322 541 1529
904 2503
1363 1718
672 703 1669
731 1472 1598
320 1019 1853
472 2075 2443
118 823 2470
1526 1635 2381
644 811
692 765 2083
1004 2078 2116
218 678
98 486 1727 2237
344 637
976 1624 2542
1171 1175 2161
101 1659
142 1326 2254
135 1317 1387
4 1040 1662
88 645 1896 1994
37 2110
92 1395 1933
1173 1177
631 898 1039 1452 1926 2560
538 852
240 757 996 1500
408 1517 2218 2401
447 1301
1334 2008
1956 2337
2107 2217
1343 1368 1941
1046 1091 1447 2005 2346
425 763 2457
818 905
34 880 1272
72 935 1738 2370
1301 1652 1968
932 1590
1299 1960 2289
42 847 1447 1612 1803 1936
1146 1430 1652 1703
463 633 1456
1397 1552 2555
827 1781
770 1254 2456
612 2377
118 1402
576 2321
774 1684
283 1688 1923
1 1669 2013 2651
318 2008 2046
303 2400
533 576 1503
1759 2624
134 347 709 830 1244
79 1615
186 1408 1900
798 945
597 1263 1581
1840 2116 2229 2323
101 139 362 913
15 440 543 728
194 410 613 1262 2515
1077 1639 1888
318 917 1191 2345 2514
405 1551 1677
1897 2178
114 1892
2254 2589 2664
297 969 1262 1994 2021 2058 2548
438 1930 2007
44 413 1453
122 1077 1728
1573 1587
399 915 1615
534 1826
937 2090 2173 2589
931 1014
810 1094
609 1979
92 843
43 173 554 842 1962
418 1622 1724
164 1749
323 2201 2242
1200 2031 2136 2417
679 962 1725 1946 2289 2508
1515 1627 2123
411 1047 1552
1234 2081
197 573 870
288 380 1055 1458 2394
104 761 891 1815
1012 1321 1343 2149
1920 2332
1057 1360 1815
1180 2002
340 1805
1092 2544
447 1652
957 1059 1567
735 1989 2396
716 2112 2247
377 1516 2021
352 770
744 1040 1373 1909
623 820 882 1352 2520
1154 1723 2077 2594
170 2028 2260
270 705 2075
515 1778
552 1048 2452
726 2008
887 1914 2335
290 446 2029
2519 2653
407 1031 2101
393 921 1687
1431 1687 2077
543 2591
64 1664
674 1220 1900 1979 1998 2657
2092 2098 2279
388 1729
672 2170
1948 2364
1240 2157
403 1032 1720 2336 2561
1188 1398 1556 1848 2621
514 1185 1252
184 282 683
532 1795
914 2306
156 2155
913 1347 1443 2093 2269
1210 2381
839 2180
628 920 1175
973 1011 1663 2488
900 1552 2010
658 2119
257 277
522 1819
772 2068
1347 2160 2506
155 167 1301 1564
1241 2495
1287 2255
1884 2431
5 753 1716
513 966 2169
627 1509 1552
933 2653
1395 1949
596 598 2295 2469
241 976 1263
286 292 299 548
1262 1477 2587
432 890 1747 2651
1428 1760 1827
524 744 1204 2609
226 476 1096
98 387 1277 2568
2261 2596
161 1474 1814
861 2018 2147
281 1300 1513 1925 2555
389 779 2372
814 2593
787 2643
1466 1736 2233
1215 1621
659 904 2276
255 1790 1799 1951
706 1059 1406 1751 2416 2566
766 1892 1952
895 2558
1048 1775
213 2318
712 1173 1389 2335
452 1193 1259 1751
603 624
709 1041 2449
920 1669 2086
320 437 2276
566 1353 1481 2223
424 944
245 301 578 1777
297 500 1043 1292
1796 1866 2070
526 611 1538 2255 2396
717 1385 1536
418 889 2141 2490
39 852 2408
580 1964 2372
202 213 723 2246
579 1678
454 1292 2624
291 1020
241 1201 1773 2279 2544
407 679 2340 2422 2636
1271 1345
693 2246
241 852 1162 1833
1424 1531
564 1797 1972
154 188 1819 2309
1368 2435
54 171 1007 2515
91 683 1643 1696 2479
805 1236 1634
282 1259 1953 2029
733 1509 1858
1030 1930
57 342
825 1968 2020
437 1609 1757
112 1766 1829
1649 1752 2141 2549
564 825 1409 2336
311 652 2312
457 516
1419 2054
151 437 1680 2381
1110 2612
946 1271 2110
1145 1483 2509
1396 1917
67 602 1389
589 2307
1622 1980 2197
1146 1530 1869
390 2670
346 560 2561
58 1157 2132
543 2368
783 1128 1684 1953 2384
575 797 840
1850 2108
267 2602
364 671 1153 1460 1999 2628
184 854 921 1476
1675 2216 2633
747 2255
901 934 2252 2665
520 2198
1174 1221
1637 2503
214 1633
511 581 1258 1452 1653 1838
1648 2105
610 1325 2338
90 242
589 1742
304 1403 1790
57 738 1862 2384
1365 2417
112 600
588 1068 1912
425 837 1648 2239 2505
314 844 1101 2411
1575 1752
299 448 2514 2545
1994 2489
958 1508 1627 2544
848 1561
516 654 1350
622 1543
260 2030
377 486 1238 2571
565 824 1089 1879
491 760 1607
449 2142 2403 2415
1145 1352
818 986 2556
1564 2593
106 755 1765
699 850
126 1192
85 956 984 1552 1592
1353 2221
152 749 832
1583 2013
1390 1694 2562
517 2193 2519
1448 1668 2602 2619
36 641 1045 1111
969 1249 1686
804 835
25 1416 1561 2120
327 1423
893 1801 2331
1245 2070 2517
501 819
865 962 1668
2330 2370
507 1154 2317
2412 2594
1077 1491
804 1572 1596 2293
347 348 1098
150 447 1851
1335 2629
338 361 523 756
1678 1799 2181
469 1705 1756
1908 2407 2576
440 1432 2436
954 1868 2258
489 1342 1672 2381
378 669 1237 1525 1551
2358 2451
273 2358
198 2103
1122 2497
453 582 2447
855 1855
556 831 2224
1253 2329 2360
971 2443 2449
221 600 1404 2432 2549
1540 1734
906 1729
1153 1394 1604
148 1155
1019 1621 2355
198 2391
1022 1228 2176 2552
46 1010 1337 2253
111 1237 1887 2526
714 901 1992 2304
568 1813 2331
501 652
935 1484
1042 1893 2131 2256
262 1392 1500 2491
1078 1101 1169 1559 2087 2396
964 1766 2260
270 1970
58 676 811
32 1294 1500
172 613 2387 2475
379 1800 1918
32 2209
163 785 1962 2252 2466 2486
1839 2635
1170 1415 1790 2556
110 541
1975 2461
58 999 1412 2597
1694 2325
135 629 879 1017 2263 2637
676 2440
410 1039 1815 1992
1381 1819
1 798
305 1437 1622 1711 2653
443 552 619 1530 1702
371 670 1958 2117
951 1672
2011 2272
1562 2672
1061 2256
643 1510 2210
597 786 795 2222 2544
1511 2214
121 1560
233 365 1531
1300 1611 1758 1945 2007
1024 1162 1646 2156
323 1277 2164 2289
70 207 680
1244 2093 2447 2601
4 807 1044
95 1563 2260 2576
636 2211
2056 2122
1238 1592 2657
458 522
612 770 1153
281 915
1868 2370
345 348 521 1694 2453
90 2441
105 897 1245
684 1312 2601
704 938 1757 1910 2445 2559
650 821 1652 2438
514 682 2501
825 1019
96 965
74 810 1793 1834
1420 2561
624 1116 1177
205 1040
776 834 1924
1353 1501 2538
595 2394
933 1797 2438
1461 2216
1581 1898 2106
830 1581 2518
105 1696
1450 2435 2673
77 205 1783
506 1871 2316
451 798 885 1414 2102 2254
989 2003 2117 2293
871 1073 1502 1551 2340
263 1156
844 1340 2442
1111 2343
588 2209 2263 2495
101 226 365 1709
138 1787 2300
984 2042
999 1612 1811
633 819 1024 2072 2431
727 2465
325 2649
729 994
146 233 1397 1688
1080 1331 2000
68 1958
414 596 726 2554
1302 2644
802 954 2040
283 791 2253
915 1304 1709
488 1580 2600
120 734 735 991 2515 2642
179 1046 1805
595 644 1026
792 973 1887 2538
16 1076 2077 2481
1032 1469 1679
1986 2157
452 584 1547 2392
839 1630 1891
2012 2384
234 684 2103
408 437 752
157 2006
149 706
393 2025 2454
230 1249
1199 1633 1656 2286
261 2436
690 2034
395 534 1320 2651
313 913 1882
681 2468 2543 2563
384 858 1017 1132 1607
1025 1146
926 1050 1184 2064
218 749 1388
1224 1509
1037 1257 1613 1788 1819 2370
885 1445 1800 2133
92 1315
1288 1309
438 1432 1990 2292 2393
97 2446 2592
734 1266 1505 2636
168 1910
343 621 982
1457 1795
498 2520
839 1141 1482 2269
228 309 1660
1653 1799
394 615 987 1015 1467
108 1685 2589
313 897
521 1571 2244
33 450
380 755
596 2204
880 1023
281 1412 1514 1865 2143
687 2042
201 483 2641
58 2071 2153
1498 1887
226 1146 1950 2255
362 958
912 2380
1462 1954
631 1703
1302 2435 2540
543 946 1194 2420 2457
254 810 1682 2552
517 1491 1813 2031
200 1857
1119 1127
879 1242 1286
61 377 2406
844 1238 1822
165 423 598
576 957 2054 2646
1627 1934
498 2343 2392
273 2180
141 288 1609 2163
259 283
833 2532
45 354 1729
427 814 1128 1187 1260 1536 1809 2558
1367 2539
722 1881 2545
56 1912
738 1404 2223
29 502 1492
1605 1962
736 1918
456 1874 2270
1632 2092
421 2142
1154 1517 2506
731 989 1264
456 1526 1582 2581
385 516 1602
369 707 830 1274 1804 1905
1054 1733
589 1346
1727 2125
1 1333 1545 1590 2015 2082
192 1081 1427 2321
367 971
889 982
865 2392
1671 2574
1005 1222
1406 2363 2409 2509
1048 1590 2261
413 1850
1173 2017
607 747
872 1000 2483
758 2104
178 1553 1585
1935 2445
1426 1656
1238 1410
1305 1524
937 1702
666 845
791 2610
1393 1417
1180 1414
732 1725 1830 2300 2598 2651
564 1253 2353
30 454 1695
858 1488
532 658
911 1825
495 1016 1132 1342 2599
92 632 1584
290 740
520 1104 1801 2069
693 874 1547
1891 2073
354 1027 2173 2210
379 2570
901 999 2015
1181 2125
144 1450 2455 2599
218 1510 2671
866 1195 1650 1756 2065
518 1295
848 1022 2497
1572 1586 1753 1758
1001 1321 1706 1844 2071
336 434 1468
1112 1365 2202
245 405 536 1341 2551
447 951 2040 2250 2359
1709 2447
1166 2089 2163 2403
1843 2480
192 1168 1304 1582 1791
1187 2582
1299 1302 2542
1113 1700 1762 1807
19 1023
802 1563 2227 2338 2585
1066 1788
787 1149 2286
1089 1166 2569
1795 1903 2116
247 363 665 939 1925
545 1288
1082 2030
872 2402
823 2174
1373 2082
583 1887
104 1016 2551
1046 2133
104 393 2108
1 1779 1977 2632
1168 2604
189 347 2606
1696 1803
101 2610 2660
342 1385
787 998
205 414 1031 1101 1416 1769
52 1326
678 1466 1868
230 1421 2138
763 1634
842 843 1301 2164 2608
1264 2409
1178 1684
1065 2447
269 597 948 2045 2569 2622
116 392 671 1204 2538
210 1762 1843
244 357 983 2435
46 256 991 2144
1204 1748 2342
853 1172
247 1024 2148 2524
773 817
24 1289
498 1928
739 1809 2400
357 985 1915
316 895
906 2575
42 584
1559 1631
9 11 598 1816 2506
214 257
662 833 1744 2265 2306 2331 2375
