1781 2632
11 332 394
284 766 1347
41 468 881 1310
49 704 783 1639
526 1569 1708
788 1143
20 583 626 895 1142 1259 1646 1699
272 461 597
865 1257 1261
1140 1569
777 1278
217 348 1170
131 812 1375
584 852
113 359 915
152 229 312 1094 1432 1559
722 1231 1343
91 391
479 779 1486
214 463 1150
13 555
436 1553
8 673 1442 1748
7 977 1230 1360
441 1395
45 1010
473 1410 1528
465 780
619 759 822 960 1613 1656
304 574 760 1733
579 1266 1298 1758
164 1266
1332 1417
28 263 373 582 1538 1658 1758
303 909 1468 1489 1556
610 1143 1730
692 1335
869 1399 1655
454 1161
522 867
103 142
367 643
198 272 288 308 473 1289
222 478
1177 1572 1744
813 1063
928 1602
205 1033
136 778
59 255
203 526 685 1095 1579 1734
268 329 1101 1181 1699
524 1521
510 739 1010
502 1417
503 1359 1764
124 212 737
214 1053 1195
599 1277
149 173 1391
29 470
388 439 580 618 1287
65 524 1235 1415
688 916 1532
399 575 629 750 1051 1209 1413
1039 1168
8 1464
351 656
331 904 955 1118 1712
373 904 935 1153 1279
28 451 470 948 1039 1058 1159 1184 1221
532 1676
84 151 335 464 943
289 795 825 1341
128 1059
349 1774
374 1426
16 26 72 1422
926 1559
1373 1481 1656
108 828 866
637 1248
29 937
326 837
47 1708
42 933 1054 1066
27 432 597 771
121 223 332 1441
898 1133
556 851 1114
569 909
536 864 1242 1474
138 1319 1654 1753
104 1255 1480
838 1241
654 737 1196
77 725
72 533 660 1017 1448
152 1023 1065 1094 1352 1564
77 966
102 333 373 947 1254
472 1110 1237 1322 1529 1766
682 913 1000 1506
132 1321 1456 1614
878 1693
619 1218 1470
86 211
169 241 383
201 731
678 1237 1629
1475 1509 1697
320 1218 1505 1508
864 1448
95 742 1673
392 1110 1249 1667
743 954 1396 1453 1508 1706
1356 1410
295 1750
1383 1414
328 654 1247
444 687 1127
770 1299
330 1167 1653
396 1336
68 135 152 1161 1459 1612
560 675 1337
575 747 878
236 447 574
611 761 1705
795 856 1324
875 1566
157 900 1068 1209
1075 1746
618 882 917
343 726
115 385 828
44 1130 1387
202 1033
393 1543
210 1620
361 530 854 1177 1394
1271 1644
1238 1779
185 381 769
155 988
977 1253 1482
688 1159
698 1534
589 950
440 1717
476 1628
438 788 1763
816 1722
845 1178
199 662 795
1347 1721
22 150 684
22 1082 1154
479 1326 1604
698 1220 1713
207 956 1164 1532
270 624 1014 1650
23 218 712 1129 1483
34 488 1617
765 1061 1422
719 1170 1632
787 1098
694 832 895 1085 1117
740 1171 1346 1732
188 573
535 596 821 1210 1516 1689
983 1060
77 530 1615
905 1589
34 124 1095
213 217 659 732 1401
162 188 785
422 453 1000 1119 1313
409 1713
208 1574
437 1411
253 1138
264 1162
411 634 1487
897 1071 1554
912 1237 1288 1440
325 1043 1616
25 917
22 401 598
16 1031
526 1576
1046 1764
303 312 349 1116
737 1152
372 576 1607 1654
499 1734
215 1731
457 1283 1337
143 1114 1307 1425
547 1302
406 1488
1318 1622
175 1289 1740
157 245 950
1402 1574 1708
127 416 633
65 536 599 835 1140 1501
211 275 349 856 1681
704 1718
296 620 716 983
742 1207
910 1439 1748
31 1149 1721
880 1499
335 527 794 1347 1428
214 354 971 1679
105 208 1715
362 1196
646 875 1019
57 1589
10 56 1530
322 493 508 1482 1660 1766
90 575 1173
452 1135
660 934
406 1385
63 65
380 823
1042 1446
42 78 445
540 744 1405
87 624 1256 1266
39 59 915 1554
1022 1737
1169 1352
119 398 1306
103 1078
413 674 751 1250
508 1173 1667 1689
925 1426 1455
338 601 1314
663 1287 1749
80 368 1046
38 107 349 817
183 1523
63 233 408 699 1217
67 354 684
334 773 822 909 1220 1489
717 1000 1578 1711
292 320 1633
553 592
168 194 705 858
106 1704
667 1527 1729
378 1075 1467 1498
518 721
160 255 854 976 1349 1672
460 553 698 835 1269 1350
318 319 817 818 1321 1377
1331 1581
1165 1756
526 774 1086 1312
835 1032 1219 1349 1364
221 538 836
251 256
1130 1400
127 1683
16 1153 1194 1379
297 851 926 1145 1659
175 615 788 959 963 1628
450 1467
1128 1379
246 293 374 678 1111 1493
322 1669
30 1307 1538
366 936 1138 1481 1557
3 188 1089 1636 1775
501 1171 1468
55 1694
130 1534
744 1099 1139 1346
95 128 709 879
743 790 978
878 1128 1210
426 641 1345 1756
524 1385
162 1295
664 1126
177 1058 1087
1167 1699
1036 1364
589 1060 1306
270 1259
121 1345
1339 1390
320 1679
108 130 1318 1419
764 1245
1031 1644
539 702 1060
333 1273
850 1297
378 808 1086 1678
889 1594 1733
458 1446 1618 1718
653 1383 1392
1650 1682
369 707
974 1168
92 427 605 1313
30 112 1113 1483
362 738 808 909 1543
475 1551
658 1684
169 1071 1753
130 491 1031 1680
292 656 1694
61 1237 1388 1556
420 934 1397
90 637 1142 1584
1167 1350
245 651 1076 1545
1304 1645
151 1367
115 625 781
675 690 1723 1768
227 619 1446
1143 1667
315 437 1222 1307
651 795 1070 1097 1320 1447 1471
444 1176
173 393 512 1003
17 946 1721
371 583 689 838 861 1117 1238
518 722
261 1255 1716
1083 1767
431 700
149 962
558 1337 1654
1622 1699
533 813
133 167 237 320 1428
72 600 1753
427 641 656 882
409 636
92 736 1440
155 391 485 503
4 575 709 1338 1580
34 260 439 1316
103 1299 1734
40 98 318 501 873
401 773 829
1042 1169 1269 1414
723 1404 1619 1669
163 846
1095 1656
222 1336
6 78
42 940
740 1403
1544 1650 1662
555 572 703 773 1089
489 1071
1306 1699
338 756 1254 1483
282 401 599 991 1339
985 1589
90 470 513 897 1142 1156
131 685 925 1480 1545
506 926 1568 1743
936 1091
255 656
24 52 554 837 977 1015
923 1495 1662
9 390
78 481 744
218 808 1153
1040 1047 1122 1730
495 1670 1719
68 727 961
269 988 1164 1376
815 1178 1250 1350
63 1022 1589
259 474 659
1499 1521
723 849 987 1107 1427
258 354 421 681 1594
270 397 455 894 1218
217 513
64 697
890 988 1707
296 404 835
421 1368 1654
759 1443
349 488 648 650 1202 1290
262 952
364 986
208 937 1162 1589 1594
1437 1582
103 1282
98 806
704 1208 1404 1719
201 818 1763
455 1110 1328 1384
1178 1528
47 189 1310
118 166 305 429 1463 1469
247 340 669 1582
1055 1209
262 415
528 790
383 1022 1324
158 433
448 552
473 606 1041 1563
40 80 1008 1104
292 1279
501 535 1569 1593
154 167
533 675 1147 1753
717 991 1245
485 740 885
323 327 817
203 296 397 1197
1229 1618
184 1153 1531 1555
29 756
738 1193 1636
719 1238 1365 1644
1473 1650
319 1742
966 1011 1584
326 567 1138 1286 1641
397 637 935 1374 1756
911 1151 1440
289 685 1449
422 1566
459 1519
134 1108
354 793 959 1160 1598 1726
13 482
336 1345
368 567 1182
667 1176 1450
481 722
160 764
634 992
562 1269 1736
1215 1766
211 672 718
1525 1715
1147 1161 1346 1677
424 1352 1570 1697
107 664
815 929 1509 1513
37 1300
62 1006
241 307
225 586 890 1138
275 776 1111
1648 1687
24 539 634 960 1640
365 764 1693 1747
711 756 832 1135
260 640
138 292 413 1776
15 86 629 1612
636 1020
973 1097 1315
308 1346 1534
373 1214
617 822 1584
327 791 1072 1573 1583
148 507
148 900 1340
1171 1418
391 1500
778 1612
197 1737
272 552 888 932 961 1025 1078
93 1136
457 856 1017 1545
535 706 1044
868 1283
519 1424 1507
1447 1653
314 391 729
931 1369
1482 1538
36 1102 1563
161 292
316 412 528 596 1034 1101
433 502 1023
364 417 586 1738
1121 1258
584 1121 1302
1480 1504
362 1099 1321 1621
1196 1421
80 1664
741 967
1424 1655
103 461
947 1264 1732
6 305 1257 1328 1604
464 1042 1495 1600
409 1232
1092 1297 1611
874 1055
248 289
51 443 1208
17 282 1600
45 886
694 1328
219 892 1599
107 989
460 874 1628
197 230 415 1067 1637
359 886 1288
539 871
744 1173 1358 1372
11 162 976 1735
1243 1305
982 1154
276 1576 1726
435 458 577
90 1701
314 1546
575 639 788 992 1366 1441
345 1448
16 1647
657 712
270 400 1389
237 786 1351
32 829 1066
727 1233
22 134 1138
395 1591
382 1262
422 483 1182
1323 1348
269 556 1195
62 1305 1414
109 544
9 301
168 322 762 897
237 1154
170 708 1603
182 964 1182 1219
962 1589 1736 1743
1096 1578
891 1461
749 1636
10 978 1429 1453
815 924
498 1369
587 917
207 912
310 899 1629
260 497 504
402 437 607 1135 1358 1691
1026 1212 1375
734 1042 1200 1468
581 691
762 798 906 991
253 319 946 1452
266 851
351 527
305 752 1005 1450
228 1205 1704
112 383
1310 1491 1755
83 235 615 1545
905 1213 1522 1746
53 719 1052 1473
149 525 659 896 1274
133 161 263
709 1588
5 380 918
968 1047 1449 1588
781 849 1634
76 1180 1374 1534
341 726
1515 1689
492 740 760 1015 1323
23 892
542 642
639 690
164 1112
680 809 1090
517 553 1272
230 651 1422
780 808
114 1156
205 694 871 1305 1748
462 564 740
1119 1377
959 984 1020
282 818 1056
20 309
695 1343 1543
835 1684
400 463 547 1166 1336 1379
1022 1063
134 1570 1577
125 534 859 1461
256 652 839 864 919
359 837 1465
1164 1220 1593
104 754
1404 1726
223 1016 1441
985 1195
55 1537 1550 1749
62 249 1202 1649 1737
115 721 986
465 492 918
1380 1522
333 606 905
479 984 1003 1463
502 1158
1000 1398 1520
659 1359 1424
56 778 850 1165 1193 1300
148 616 1170 1640 1700
573 1231 1248
909 965 1345 1581
1175 1296
406 1645
689 797 1360 1397
666 721 1011 1040 1418 1732 1779
66 1369
62 151
1188 1640
472 616 898
154 324 563
284 857 1102
409 504 667 1680
395 433 488 989
387 874 1275
1122 1227 1541
63 860
270 387 526 629 674 1416 1766
88 267 278 467 761 1587
173 1740
810 932 1233 1557
177 246
1020 1119 1500 1659 1776
898 1164
137 443
308 334 1560
36 792
664 1038 1473
434 1117
896 1145
764 1609
1186 1660
535 1108 1204
133 1221
639 840 1446
603 1347
544 905 1394
58 140 1136
169 267 709 1709
11 173 727 1676 1739
334 385
126 875
952 1739
1280 1531
672 1408 1450 1629
426 807
330 1470
328 1179 1471 1561
306 493 768 1032
127 605 730
437 1610
218 731 1386
780 794 865 1069 1511
448 598
359 401
392 815 882 1050
177 757 1101
1426 1604
499 1330
444 980
138 262 531 1077
415 1207 1470 1759
443 1581
53 935 993
1115 1688
851 1167 1396
299 906 929
770 985 1415
103 311 561
550 1142 1322
636 1141 1332
234 535 908 1702
230 326
1101 1393
58 1240
124 516 857 1436 1657
27 198 294 480
38 66 160 798
66 705 1355 1528
1172 1450
299 1204 1209 1441
400 885 1035 1137
261 859 1494
503 1241
330 1517
1159 1356
485 623 1206
68 389 541
1650 1756
344 907 1691 1734
75 162 219 771 944
249 739 817 994 1044
1043 1398 1527
132 636 1019 1312
118 168 433 596 1146
1026 1638
385 627 752
248 756
721 1089 1361
1178 1240
914 1001
49 982
17 964 1078 1537
259 1053 1302 1478
1460 1473 1547 1779
1539 1767
752 1007 1228 1418 1586
148 154 1018 1765
1040 1193
132 1648
874 1314 1328
169 532 1119
516 830 992
1719 1768
348 1467
1125 1283 1681
1105 1237 1499
1028 1242
1622 1706
240 339
417 451 622 788 1594
615 1111
89 322
250 569 1190 1606 1697
322 920 1141 1155 1742
112 226 703 1618
437 469
741 1065
49 1061 1347 1480
220 508
401 972 1535
18 664 720 1145 1240
783 1124 1620 1738
152 342 362 1738
600 1637 1677
457 482 557 1188
637 1044 1240 1454 1724
483 511 889
1573 1731
424 896 939
130 937 1523 1556
1636 1764
624 1198
39 633
406 1351
973 1409
461 1147 1236
607 770 1178
651 1652
795 1025 1394
835 1290
666 1276
20 229 718
858 1186
783 1142 1534 1540
414 586 1711
1121 1394
388 594 1593
152 207 792 885 1093
930 1275 1623
977 1330
631 770 1138
336 442 636 1406
21 121
410 579
1428 1642
483 1328 1699
268 672
170 506 644 888 1007
709 1522
9 93 148 356 1094 1359
253 395 667 898
614 927
779 1202 1233
152 959 976 1219
10 20 239 962
1036 1127 1513
913 1098 1697
7 19 72 817
250 272 917
1391 1738
159 375 533 607
101 1054
1106 1126 1541 1696
1266 1294
368 587 906
1031 1228
333 1339 1707
794 1399 1405 1718
127 790 847 1198 1375 1499
107 462 509 1135 1306
438 1327
819 1046 1219
211 1210
1247 1398
488 1435
3 250
1008 1548
108 754 1160
731 1086
1691 1723
620 886 1553
643 1732
259 478
549 1409
134 142 223 1436
64 128 195 1090 1365 1450
78 895
400 862 1060 1273 1561
201 868 1150
105 558
276 1305
319 1021 1728
223 559 1193 1724
296 480
756 1082 1086 1170 1591
97 810 1300
607 1647
1018 1096
486 842
1298 1567
103 588
483 583 1610
225 301 657
465 929 1378
547 589 1301 1756
94 1147 1297 1731
252 403 451 1270 1527
200 462 653 1075
928 1648
429 1211 1622
1355 1678
133 508 890
885 1258
103 284 1196
510 938 1101 1337
148 1763
752 1009 1604
238 907
367 447 1164 1345
546 833 1212 1437 1779
647 1110
1544 1637
527 952 985
30 1188
228 382
966 1084 1283
435 1087 1369
1378 1555
65 1534
269 478 876
319 1325
1401 1704
524 556 1046
742 991 1078 1557 1576
455 639 808
561 1684
681 722
427 1649
765 1333 1385 1602
139 146 679 803
215 643
879 1331
62 748 1367
291 1356
334 412 1161
722 989
791 1419
751 1655
280 309 1073 1577 1610 1693
254 277 396 1403
905 1207 1533 1539 1766
436 1206 1761
698 1457
9 432 748
488 916
331 723 1618 1632
231 1192 1670
38 200 811 1712
263 275 998
499 1681
1279 1545
362 808 918 1734
186 364 1605
505 1673
76 1077 1169 1492 1721
1028 1077 1638 1778
410 824 1075 1225
30 101 1624
481 1381
540 585 872 1704
453 628 1151
704 1204 1581
1218 1295
359 1063 1076 1089 1167 1755
678 1105
133 1053
676 1633 1738
635 1179 1444 1674
510 629 925 1414
130 1028 1258 1681
805 1369 1482 1698
49 451
685 982 1044
425 506 546
2 564 1130 1372 1489 1566 1653
278 1071 1587 1697
535 1356
82 403 597 956 1597
1078 1779
1009 1694
88 446 621 1642
870 954
75 285 847 1667
491 1112 1270
189 1354
170 727
578 818 889 942 1152
183 301 699 755 1418
434 1608
99 752 1544
96 340 1505
89 246
178 863 1694
26 256
818 1084 1758
503 890 1362
127 387 548 1681 1774
1090 1635 1717
912 950
267 1741
454 1114 1122 1188 1578
115 1693
261 686 1195 1461 1496
68 573 668 1106 1547
225 505 1387
1044 1265 1270 1393 1726
365 666 1450 1574 1585
1 1196
337 639 936 1180 1778
743 901 1757
1016 1257
287 572 1075 1386 1553
32 772 1151
390 650
54 680 1059
919 951 1741 1773
652 908
693 1406 1419 1729
419 704 1243
201 538 1564
742 1356
484 800
10 622 1097
54 286 345 463 1758
328 426 1130
919 952 1374 1614
424 1576
371 704 923 1074
1093 1213
674 1113 1748
397 624 652 1297
243 497 1327
1059 1388
219 616 1341
234 1281
965 1495
163 758 813 1238 1732
333 385
774 880 1565
314 1175
89 138 995
124 532 1145 1309
162 1665
165 202 907 932 1492
973 1467 1654
320 1035 1229
257 1507 1537
439 887 1328
226 880 1103
523 1463
510 674 816 1358
374 415 490 541 1525
165 287 394 895 1086 1093
241 596 996 1029
1047 1084 1141 1184
1057 1241 1271
323 1238
464 901 1232 1660 1769
23 841 1471 1480
619 727
81 117 703 1468
85 607 611
1636 1673 1768
283 815 1709
240 860
125 633 731 976 1195 1325 1367
942 1259 1528 1545
240 928 1433
793 1556
23 425 676 933 1707
593 1135 1615
797 947 1209
601 1096
913 1399 1690
157 914 1483 1740
12 40 225 399 1475
610 1325
659 1479
374 693 1117 1234 1625 1772
60 496 982 1384
802 1222 1521
753 1377 1778
1046 1348
113 202 310 452
329 459 595
185 1154 1724
632 889 1255 1476
96 231 361 685 868 876 1280 1379
125 1344 1693
68 229 1106
582 843 1141 1474 1543 1752
1422 1705
192 629 729
263 1214
309 932
39 1378 1493
23 52
393 424 891 1046
91 563 1751
29 247 1068 1492
129 758 788 1287
327 798 1551
908 1738
113 723 1051
1678 1699 1761
506 1373 1765
729 956 1438 1772
783 1362
39 861
952 1414
188 1156
1390 1478 1525 1775
434 1583
201 345 441 865 1635
1272 1544
260 1780
592 663
354 685
61 95 182
1279 1601
1102 1143 1177
189 922 1415 1478 1723
941 1476
26 990
676 851
14 1608
464 762 909
857 1127
101 621
177 284 1117
335 630 893
60 305 1698
195 1404 1513
477 1457
118 582 1224
624 663
429 1372
986 1678
945 1327
1667 1677 1719
1400 1483
572 902 979
42 92 856
606 1166 1245
621 1731
399 905
308 1150 1210
281 798 1389
840 1284 1627
242 900 1413
186 1220 1776
1202 1539
1431 1545
754 1101
282 553 810
219 630 834
363 683
636 1321
438 1676 1762
77 272 636
86 979 1125
123 1084 1254
434 994 1339
29 212 1130
143 575 1291
77 561 993
808 915 1183 1302 1638
1079 1155 1582
413 1184 1669
51 232 1143
471 615
898 995 1043 1228 1453 1602 1778
197 271 489 826
482 571 1292 1623
891 1163
639 1610 1684 1736
268 620 696
485 753 1489
1170 1533
313 561 1183
5 129 497
188 245 565 1132 1147
586 1194 1243 1645
666 687 1676 1679
90 540 680 713 1554
375 1721
346 366
66 107 189 650 1167
279 355 1561
330 789 1175 1717
135 167 1323 1468
620 980 1061
116 465 1408
14 1363 1428
257 397 904
188 1103 1120
72 337 518
507 1523
592 948 1350 1382
142 955 1027 1289
1219 1384
600 1178 1228 1353
460 797 960 1332
245 907 1083
18 455
128 343 1559
238 1500
387 1619
400 667
135 552 706 1116 1463
12 400 480 628 876 889
175 485 538 712
109 701 1242
1160 1357
1252 1368
93 274 412 587 1000
55 489 566
246 745
233 314 351
760 1534
311 904 1494 1588
1201 1638
64 646 1109
71 1349
624 1412
101 553 1570
233 1220 1574
1227 1567 1758
14 765 1106 1270
57 612 1555 1768 1770
243 1748
956 1184 1398 1582
171 1209 1526 1780
274 369 1050
398 964
600 872 1452
465 752 836 847 1660
73 332 420 610 617
295 1736
115 1694
463 988 1072
472 773 989 1667
161 944 1335 1401 1651
776 976 981
152 709 1311
1048 1494
47 363 921 1122
361 626 1523 1629
33 748 868 1090 1263 1270
496 1206
156 940
779 923 1655
240 645
967 1034 1295
9 826 957 1732
720 732 820 932
663 935
56 1194 1402 1771
59 1146
525 1201 1261 1659 1733 1758
328 395 616 617
1523 1661
622 1165 1679
160 714
274 769 1041
21 1236 1698
781 1214
572 1517 1635 1729
419 428 840 1519 1524
109 526
287 1070 1395
174 216 707 827 1250 1549 1666
867 1228 1232
773 912
303 890
345 1086 1106
275 1771
48 967
676 1581
237 592
33 222 1452
209 386
908 940
431 684
89 182 589
293 672 1580 1656
310 1408
1269 1321 1748
297 1102 1576
54 607
1622 1710
537 1116
973 997 1396 1398 1557 1681
335 781 928
636 809 1098 1345
942 1282 1373
318 1262
63 431 458
689 1109 1212
89 352 795 1541
38 1585 1711
163 871 1285
248 284 416 692 803
174 538 589 1632
659 1212
217 438 1231
52 146 175 200
88 647
1219 1523 1647
1508 1705
612 1323
1553 1707
543 962 1697
255 686 1142
132 1168
383 684 1300
1027 1727
526 1419
822 1545
337 882 1550
297 466 749 1139 1454
566 810
739 1233
317 460 1175 1298
1481 1648
1102 1705
278 489 539 766
323 1310
907 1314
388 973 1021
78 795 903
174 262 1186
928 936 1248 1355
37 212
1143 1641
229 424 925
515 1096 1665
1010 1576
192 1056
35 530
1332 1603
1645 1649
900 1275 1627
37 353 654 738
37 436 1235
27 682 1145
457 531 647
297 520 1062 1102 1348 1375 1650
94 1537
73 1402 1581
50 229 389 1082
340 768
1099 1690
505 776 1316 1621
534 547
76 1169 1269 1750
185 982
7 770
355 1129
268 1710
187 935 1227
334 809 1730
195 223
417 467 964 1601
669 1555 1582
364 692
10 871 1325 1698
300 538 861 1114 1564
967 1034 1494
55 169 1180
182 380 751 890
186 401 411
198 657 746 1385 1638
216 234 342 596 1113
490 530
269 766 1732 1771
314 586 1261
906 1224
19 127 528 705 1016 1690
419 489 880 1457
170 398 897 1673
55 788 1202 1607
133 1173 1747
1148 1313 1350
1152 1682
1536 1538
22 464 947
512 1343
547 1188
1009 1223
1117 1291
31 977
464 647 1077
333 406 407 1766
1216 1444
416 1207 1366
375 680 1287 1727 1746
113 598
512 612 764 1031 1590
69 1141
323 858 1535 1647
157 178 1667
851 1455
483 697
293 508 1135 1657
522 1343
163 709 1557
733 1254 1280
50 122 720 783 1300
411 1240
308 1513 1559
79 478
687 835 898 1314 1614 1731
810 843 907 1511
124 229
293 1415
242 481 533 587 1200 1351
75 701 1779
1075 1319
100 395 718 1344 1447
1003 1014
70 954 1542
695 1701
92 108 484
386 697 946 1735
419 1596 1707
1091 1424
802 1127
1005 1549 1618 1732
332 525
107 1076
1327 1683
620 1539
303 808 1176 1679
143 431 745
331 1390 1667
474 847 1096 1192
854 1780
11 1187
497 1268 1528
1006 1426
37 163 603 1632
738 1476
202 581 1632
262 1352 1772
20 986 1591
772 1314
121 425 1205 1670
16 94 804
345 539 1006
790 1087
104 1147
539 989 1693
142 791 1205
289 408 962
3 1636
304 1778
1279 1384
501 1115 1625
142 1393
37 300
364 1102
792 1056 1588
634 842 903
298 601 1228 1574 1680
42 538 1499
942 1536
1515 1738
697 895
1028 1060 1692
154 434 1175
58 1201 1301 1436
146 1138 1706
101 432 1697
206 1139
423 629 974 1162
584 607 846
27 685 1271 1389
43 638
499 667 875
58 200 1543
803 1377
913 1050
754 811 839
452 1557
410 416
831 1467
549 860
215 1422 1530 1721
397 1410 1646
405 1637
388 787 898 1121 1750
583 600 1397 1760
816 1054 1254
77 1079 1472
351 1707
204 684
376 583 1262 1734
45 856 1165
168 1440
45 864
4 437 475 967 1418
920 1316
144 525
505 598 1684
1355 1551
112 1401 1589
500 669 716
504 660
1249 1555 1697
205 707 712 1089 1302 1322 1381 1565
333 657
310 1012
62 900 1575
195 993 1292 1723
414 739 1769
40 456
187 804 1066 1176 1681
769 857
473 502 1006 1613
650 1720
52 959 1115 1242
896 1151
125 529 799 1024
5 1176 1532 1612
733 939 1095 1410
789 1054
1177 1684
985 1019 1103 1213
40 440 1314 1482 1749
1009 1323
59 918 1385
723 1628
41 137 835 871 1105 1464 1550 1564
561 579 689
60 481 634 819
135 372 1743
12 263 329 1471
352 1067 1373
1018 1025
51 875 1244 1302
40 742
329 467 1125
489 1656 1668
399 629 706 920 962 1134 1260 1394 1727
18 162 491 1362 1590
980 1337 1388
505 807 1338 1445 1659
1 661 1483
509 813 1569 1706
352 707
423 493 1602
657 815 849 1175
175 550
682 1660
8 370 382
82 134 886
95 928 1458
173 1307
1156 1175
1079 1555
413 658 1086
454 1139
1423 1541
1169 1762
608 868 938 986 1160
493 840 1737
89 462
274 282 928 1592
626 634 769
435 761 873
31 883 1194
262 1019
617 1072 1160 1398
86 592 1131 1530
371 694
420 723 1009
833 1522 1701
376 1260 1738
513 631 1155
884 1233
697 1481
504 1640
65 1254
43 1068 1307
386 1712
570 952
514 744 889 988
605 784 1441 1607
366 778 865 1608
721 1009 1215 1334
197 728 770 909 1523
414 505 1111 1693
980 1065 1129
339 438 926 1066 1557
488 984 1200 1305
266 269 1472
229 425 1151
619 643
247 372 748 1121 1689
150 719 1173 1312 1485
936 1033
785 1646
249 959 1045 1655 1713
414 447 922 947
279 1248 1620
962 1379
1492 1653
309 1040 1306
1299 1338 1405
960 1145 1554 1648
11 219 289 619 761 1022 1721
946 1509
737 1118 1355
166 1396 1482 1700
987 1114
94 552 1135
374 873 1471
360 530 759 1020
94 1287 1704
276 701 992 1302
30 66 1656
52 1004 1619
31 1594
40 842
103 1040
465 1083
297 353 522 937 1042 1741
37 1110 1629
89 425 526 666 773 915 1472 1517
20 1173
708 762
381 817 1529
749 1244
71 438
74 858 1393
956 1413
416 459 1768
770 1317 1669
859 1341
167 228 455 804
71 845 1179 1289
83 326 954
99 361
983 1047 1332
982 1100
714 1582
402 858
282 386 524 1548 1753
60 1742
210 263 1680
8 299 1525
123 241 256
149 823 915
182 654 1233
268 489
437 834 1453 1552
1311 1312 1629
205 913 1391
63 864 1141 1713
1234 1364 1622
926 1526
60 272 811 921 1074
472 579
493 1262
36 775
134 647
287 963 1027
78 423 649 904 961
10 813 1620
1044 1055 1139 1171
692 738 837 983
83 238 1767
1089 1334
152 431 1227
582 1529
94 302 1233
854 1633 1711
411 889
268 754 982 1253 1394
651 1004 1528
864 1151
73 1176
781 804
165 822 1033 1280
862 1567
560 682 1148
353 839 1096
57 259 726 1484
336 750 1188
139 292 430
328 368 712 1219 1650
491 1614
314 467
104 409 1401
180 229 738 792 888
1473 1742
339 1133 1191
967 1743
62 1538 1729
787 1083
280 874 875
239 1644
725 733 1201
699 1153 1327
606 1351
424 513 822
631 1395 1456
225 514 1280 1446
572 1107 1559
216 1131
167 315 1294 1769
896 1019
255 677 1237
342 918 1035
136 643 831 1386 1614
724 1179 1517
404 567 754 1277
1233 1617 1704
332 1183 1313
327 892
120 357 1006 1246
353 490 1730
575 1395
40 891 1357 1562 1565
513 674 1634
2 678 1218 1638
387 731
219 629 1053 1131 1770
26 950 1258 1293
45 388 1256
275 1756
207 1257 1301 1334 1441
153 610
868 1246 1741
119 1012 1376
202 234 1078 1227
465 800 904 1329 1517 1669 1674
268 361 1379 1717
300 1160 1472
443 744
80 952
204 1252
1213 1649
38 1090
155 839 1169
958 1071 1144
317 1401
141 283 1170
622 1513
1170 1406 1452
709 1425 1522 1733
573 892 1153
50 807 1396
536 889 1726 1737
757 803 1174
602 1740
467 559 663
566 1469 1516
721 1241 1522
660 787 1715
479 896 1780
250 429 1121
10 55 86 731 1225
12 600 1538
189 342 1036 1671
205 1229
167 542 1245
457 858 1005 1251
43 816 818 1316 1338
20 1658 1722
154 644 1453 1704
735 1295
260 341
160 1023 1396 1656
167 265 549 878 1227 1257 1357 1689 1776
325 353 600 1753
1192 1298 1302 1643
1055 1173
531 809 1003 1437
49 321 386 527 614
693 1651
337 414 672 1047 1750
125 385 998
182 1624
53 446 760 1746
639 1635
1178 1675
40 1476
761 930
668 908
452 839 1031 1208 1238 1525
334 712
826 1042 1404
400 606 816 1681
982 1032
230 544 987 1272
873 1360
556 1639
161 1033
286 985
1142 1242 1529
416 434 617 1080
413 1282 1618
105 697 1588
128 1161 1281
415 612 855 867 1134 1386
297 1279
287 522 889
160 412 665 860 1678
1197 1517
353 795 1061
175 501 603
512 1150 1269
267 666 1306
75 376
162 545 1330
365 730 1136 1656
861 1128 1241
57 73
21 154 352 942 1661
879 948 979 1004 1113 1428 1613 1633
1116 1767
545 1574
622 776 1208
80 1362
311 846
529 789
188 1479
1574 1756
1718 1719
405 554
62 375 689 1549
190 561 569
963 1588
101 329 383 1652
671 1302
1000 1002
334 336 349 491 1651
422 1296
68 233 245 908 1079 1150
852 1727 1777
422 851 1534
994 1413
414 906
111 1203 1262
121 171 431 652
492 1297 1499
612 1101 1318
973 1516
1470 1725
756 1036 1134
1433 1610
378 420 1001 1312 1333 1644
17 29 1032 1036
808 877
13 483 539 1613
912 1045 1083 1193 1678
90 314 743 1464
1375 1678
643 1441
533 1408 1600
384 1232
1157 1309
1697 1724
244 1170
184 336
365 665
19 29 123 1120
217 439 635 993 1516
232 381 424
628 1728
1202 1279
269 408 591 903
182 947 1051 1420
491 544 931 1077 1209
282 1594
181 1098 1280
347 482 752
647 860 1477
429 463 876 1351 1368 1634
176 472
500 768
640 1543
256 446
166 744 754 1068
1576 1677 1771
303 1214 1305
1162 1211
1024 1758
701 982 1665 1672
104 686
351 1541 1616
653 698 1075
506 534
340 908
1152 1629
933 1659 1767
165 693 927 1394
609 650 664 1180
31 918
538 597 627 1655
492 947 1691
333 660 1134
762 865
825 1662
475 823 1567
483 688
1296 1325
359 634
725 807 1702
175 1358 1670
407 606 1211 1755
406 1066 1496 1749
320 356 955 1105 1113 1459
382 714 993 1670 1769
231 560 615
561 951 1112 1422 1704
1318 1590 1605 1630
570 1238 1561
63 674 1140
606 1191
310 1544
739 1248
297 438 470 754 1051
532 1110
132 458 1689
141 969 1417
1316 1449
1009 1112
278 1123 1200 1338 1583 1711 1744
287 1470
411 1323 1424
262 1155 1300
1583 1723
487 655 1068
434 718
764 792 860
110 425
865 960 1389
693 1407
118 749
1032 1538
225 738 1689 1777
247 557 1210 1397 1495 1679
151 384 510 814 1090 1257 1343 1674
147 252 1519
1257 1614 1667
139 695 1258 1336
160 169 321
672 854 1295
112 1145 1647
118 416 1615
1313 1741
94 249 583 1408 1458
558 792
154 892
260 383 792 1092 1412 1616 1631
1248 1379
849 1469 1737
436 856 1125
204 425 788 1254
535 871 1282 1647
110 173 611 650 1108 1563 1606
162 783 1171
1021 1548
19 1129 1601 1728
14 668 941 984
251 256 940 1144
811 895 1496
352 1033 1143 1643 1727
70 698 1031
562 708 1524 1767
124 812 1019
378 773 936
643 749 915 1474
310 1059 1061 1739
1349 1402 1684
407 787
83 609
548 995
38 1472
275 733 1145 1388
480 916
686 1238 1615
596 1277
566 886 1202 1604
320 780 1474
330 493 628
322 1414 1749
14 297
3 1386
452 1242 1407
1 170 973
90 959
1281 1567
1250 1505 1521 1705
375 1775
532 583 666 886 964
97 433 493 504 783
68 823 1426 1453 1616 1659 1718
691 1053
78 107 1019
1070 1508
93 948 1054
80 117 1113
688 1009 1225 1362
59 834 1510
507 1212 1517
393 790 1180 1444
70 287 443
228 284 435 720
460 518 1140 1148
340 663 794 1277
2 168 670 1051 1054 1746
725 1054
451 655 1328
1266 1392
171 1680
39 904
216 810 1659
1398 1431
248 919
118 1524
141 1479 1624
1370 1382
90 392 441 1327
492 882
266 576 941
440 465
211 394 612 1350 1753
266 647
1516 1556
917 958 981
187 540 789 869 1194
210 383 940 1206
356 1612
611 1502
938 1080
91 730 898 907
147 776 958 1249
655 1076
426 1300 1324 1695
1134 1619
381 1297
1224 1755
63 263 437
633 1454
131 507 979
1371 1717
258 526 718 966 1108
418 1428
1109 1391
737 1473
229 397
1397 1582
1612 1724
1102 1388
1061 1669
363 1007 1343
69 352
113 504 1528
349 574
115 1361 1739
175 456 780 1201
1494 1769
1016 1115
273 463 627
351 659 1750
426 802 1283
575 1387
27 101 304 1142 1202
147 976 1524
776 817 1156 1231 1670
225 1059 1655
177 556 1620
32 664
13 1613
691 1733
634 667 721
719 848
612 1066 1179
874 939 1118
767 818
1117 1124
541 629 1180
54 1031 1277 1648
70 676
781 1052
534 875 1037 1159 1558
932 1044 1310 1434
1 1067 1486
418 810 1285 1314
270 424 1300
816 1055 1339
29 71
485 1009
58 291 304 503
657 769 1161
85 482 886
16 1053
126 332
812 1154
26 402 505
1047 1700
335 1458
66 129 138 1149 1734
211 459 1326 1524
67 88 1541 1645
1351 1419 1765
418 424 576 926 1125 1549
49 138 257 1263
65 256 640 1607
141 572 1050 1683
132 470 1051
23 554
462 923 1007 1199 1506
951 1054
193 224 351 599 610 1368
58 428 878 1765
1555 1620
200 422 722 749
79 540 822
803 949
960 1307 1472
88 387 977 1207 1518
108 263 484 573 1012
152 363 1181
173 478 1027 1220
805 1508 1624
496 602 611 701 1281
218 318 1410
746 1294 1742
489 637
534 651 736 1153 1706
354 440
624 1436
70 154 305 357
432 1076 1685
54 1777
66 536 1533
560 1258 1307
897 1070 1242
75 197 216 329 473 1434 1494
200 664
145 1038
1043 1108 1492
311 567 883
49 1298
1297 1480 1504
708 1392
109 494
519 1364
204 664
303 1714
156 600
271 918 1386
414 1524
692 1125
1516 1764
458 572 1156 1288
307 409 1766
214 363 555
287 410 1720
847 1611
26 165 343 362
614 1556
687 744 1193 1737
359 850 1211 1528
284 1417 1645
864 1393 1513
179 675 1164
1482 1547
731 951 1554
237 1134 1419
814 817 1272
216 543 1282 1456 1758
364 1177
255 929 1290
1148 1566
375 906
228 577
370 1615 1741
986 1283
1563 1708
628 1242 1286
325 1738
214 1004 1052
980 1724
460 461 493 1528
802 1035 1671
128 315
1095 1329
473 1443 1628
1623 1731
656 1747
88 315 1493 1720
550 807 1051
1209 1558
758 1448
1473 1496
185 1299
168 864 1086
489 1116
110 787 956
204 461 1418
201 579
310 392 548 693
823 839 908 1648 1744
1094 1471
168 752 882
135 603 1190 1275
128 707 801 1154 1766
679 869
1159 1207 1735
707 1599 1641
382 480 1453
197 241 286 702 837 1669
307 1510
330 1511 1566
165 917
714 756 909
61 249 403 490 749 1286
723 813 1183
627 1308
156 752 1690
816 865 1045 1753
108 958
9 115 865 1280
5 388 1446
119 1096 1778
60 453
823 1228 1384
413 1703
165 865
563 762 1095 1760 1762
1118 1119
14 443 1300 1669 1726
11 1779
840 1357 1632
576 698 1545
138 724 1111 1382
682 703
24 359 878
578 693
498 725 1483
923 992
1212 1331
113 129 510 714 863
971 979 1729
56 368
65 1362 1622
80 84 136
131 154
464 634 988 1727
584 1351
756 868 997 1167 1356
676 874
130 497 976
1195 1201 1472
1013 1056
1316 1374 1603
163 341 1249
109 1164 1670 1736
196 234 953
124 323 513 743
322 1517 1747
193 1381 1659
798 895 1765
609 1731
1573 1594
1090 1125 1525
530 624
638 646 1065
354 498 1234 1384
270 461 1729
66 80 1295 1640
566 1245 1263 1378 1739
63 202
475 706 821 936 1336
32 151 241 1421
667 1062 1358
425 1087 1694
46 1183 1231
366 1224
964 1345
837 1193 1350 1679 1767
317 578 1332 1386
825 1550
506 1006
964 1771
544 717 1280
193 440 779
296 637 922 1519
278 281 733
296 1645
859 995 1539 1553
391 633 882 921 1337
1711 1759
148 1390
147 1095 1755
42 462 606 1279
564 735 1081
1200 1572
165 496
409 1425 1463
30 475 921 955
101 1071
813 1350
461 825 1720
114 260 326
475 878 1512 1691
568 1117 1536 1724
45 1035
731 1261
404 1092 1188
990 1335
9 1214
214 609 1297
987 1050 1208
1635 1705 1753
991 1176 1531
1237 1318 1352 1472
11 151 1471
668 1494
120 708 1030 1530
59 926 1691
78 1771
481 909
955 1049 1101 1535 1764
350 1727
383 972 1167
511 730
289 791 1121
680 860 1137
345 859 1223 1483
10 22 273 1536
225 685
712 1332
100 583 1439
541 782 860 975 1727
355 374
115 253 493
205 1070
796 1362 1615
102 564 1373 1705
336 381 399 826 1299 1496 1717
149 254 643 977
131 1136 1398
58 944 973 1221 1745
11 802
70 412 475 1614
746 1060
67 818
477 780
391 755
431 596 836 980 1774
773 1016 1192
102 927 966 1386
823 1752
1059 1205
1169 1188
1086 1664
191 345 599 1589
102 778 1178
764 1226 1527
562 704
56 382 440 838 1351
293 1144 1306 1781
775 1776
496 683
1375 1740 1746
250 1500
22 389 1303
783 1287 1731
324 1035 1272 1385
161 1371
429 1101
92 268 453 1608
572 1122
497 1335 1424
243 897 956
1043 1603 1679 1778
543 547 1567
587 1036
73 256
342 1143 1502
761 1140
85 294
598 1352
351 728 1422
422 1424 1514
348 1599
1405 1661 1763
1269 1391
122 470
112 171 612 1070 1195
462 1503
780 1359
234 531 658 871
874 1376
420 426 441 1394
86 92 937
547 1500
134 1232
689 1493
156 511 694 1081 1665
961 1462
425 453 1352 1407
794 1078 1333
149 1200 1336
148 215 432 441 749 870
545 1338
477 529
446 1571
353 1591
314 406 892 1746
968 1282
472 1720
863 1261 1288
377 1505
225 343 1021
1194 1633
827 891
109 399 714 1091 1152 1659
196 258 990 1170
1412 1474 1733 1777
419 499 855 967 1040 1375 1561
223 838 1005 1103 1196 1218 1248
171 712 997
70 115 948 1510
377 584 1387 1527
300 1034 1118 1204 1269 1751
258 412
210 1124
42 1702 1707
401 1005 1322 1496
431 620
272 289
14 187 220 392 574 1245 1469
37 435 1401
1333 1737
832 1612
185 422 1574
31 541 1135 1490 1741
249 257 420 1062
533 849 1214
171 333 928
1010 1413 1680
91 666 1520 1600
172 716 930 1084 1537 1739
1719 1729
1444 1523
488 1739 1749
351 498 750
1239 1651 1674
167 807 1400 1655
118 449 1532
500 631 1744
580 1244 1296
344 470 1162 1739 1750
41 686 1396
23 886
20 590
706 807 1467 1711
918 938 1364 1388
988 1595
269 1749
1216 1617
914 1022
62 499
231 803 1019 1336 1468
788 859 1288 1723
260 1325 1557
743 1011 1626
389 1186 1272 1746
173 674 715 1274
620 845 1373
870 1064
1200 1369
539 625
411 521 589 613 1237 1581
561 948
190 1736
1196 1319 1591
1169 1402
370 616 1768
239 538 751 1066 1112 1213 1351
760 1047
139 458 1648
839 1404 1448
578 1604
181 232 1089 1097 1147 1765
844 1663 1776
1083 1728
446 875 941
750 751 1133 1623
39 552 1040
619 1053 1319 1711
247 637
237 701 1159 1542 1585
137 1414
208 342 1227
952 1094 1307
133 186 317 1222
25 694 770 1651
4 779 854 855
597 1028
622 1360
204 674
345 1405
361 457 559
112 1030 1500
92 1173 1360 1743
368 645 1415
386 1677 1735
287 706 1305 1764
1241 1686
5 1235 1379
363 665 919 1374 1532
790 984
1720 1769
1321 1391
714 1200
430 1576
876 988 1649
749 1579
383 468
155 1689
208 275 586
1152 1563
356 363 853 1184 1535 1608 1764
1060 1228 1279 1682
301 1537 1743
1493 1741
106 1615
108 532 1228 1327
263 1095 1251 1356
1348 1704
231 998 1640
507 1106 1723
708 880
223 407 1576 1696
570 1185 1254 1511
259 676 1347
1114 1285
920 1532
1588 1726
358 1267
145 620
190 973
274 882 1539 1712
455 1098 1111 1276 1533
10 770
780 1078 1171 1481
1141 1191 1347 1759
73 118
769 907 981 1012
305 559 804 1471
98 113 355
422 1262
595 697 967 1155
570 1096
75 497 559 741 1468
1087 1339 1623
1089 1342
405 1348 1497 1600
434 1196 1513 1633
549 1159 1719
264 855 1218 1525 1711
1088 1190 1499 1743
377 659 1363 1587 1710
9 719 917
17 989
745 797
952 1307 1336
39 89 402
285 1430
680 802
45 522 657
906 1717
1158 1167 1450
125 896 918
16 423 684 1147
1592 1636
733 840 903 1368
487 1069 1272
573 938 1078 1098 1151
235 468 806 1160
1415 1646
356 574 693 785 1677 1718
1188 1370
56 652 1691
283 1034 1451
400 534 555 720
899 1299 1525
290 1248 1312
67 584
8 60 532
937 1010 1016
350 469 551 699
342 859 1162 1258
240 571 1367 1661
1171 1194 1778
434 1480
746 773 886 914 1075 1524
905 1269 1712
507 1133
415 485 779 1189
1203 1623
841 1275
375 1169 1495
13 723
352 572
822 920 980 1577 1742
139 1391
851 1106 1752
739 1683
392 616 1274 1543
212 311 345 1087 1389 1567
439 503 921 1301
20 303 603 1754
1187 1256
1057 1173
165 334 443
279 1005 1106 1139
1263 1616
314 733 1026
379 864 1034
107 785 1419
590 1243 1338 1640
817 1361
762 1122 1612
248 627
1309 1780
108 431 923
245 620 649
553 710 1266
461 1044
829 1187
756 1628
999 1489 1691
142 622 1634
151 755
402 1377 1765 1775
549 550 1026 1395
316 326 812 1767
1007 1153 1229 1694
1221 1413
309 1582 1637
985 1040
504 1616 1620
758 882 1111 1428 1578
205 723 993 1116
1197 1469
171 1186 1291
616 1396
450 547 636 711 1130
349 468 1084 1155 1657
211 970 1406
898 987 1522
84 771 1160
39 604 1047 1194
203 1466
245 1280
47 712 1746
197 205 464 617 1143 1267 1367
630 1023
198 476 1283 1631
343 516 1424 1496
690 742 855 1613
163 437 1257 1288
543 763
197 1483
1561 1765
