880 1337
17 234 365 659 859
362 543
50 328
156 822 823
348 427
351 527 532 800 849
87 325
361 781 865
87 392 726
375 428
283 644
63 341 621
51 710
40 150 736
255 291 603
14 487 856 863
578 857
310 380 404 809
283 289 735
390 615 663
554 803
287 428 540
312 785
444 644
745 870
414 683
8 271 475 716
144 378
13 388 707
224 587
247 594 631 692
24 49 706
35 356 450 565 846
287 492
13 196 406 751 756
293 416 781 869
390 666
645 743
26 120 183
194 220 609
568 693
195 461 482 799
270 355 421
469 587 627
186 342 640
436 823
65 457
219 392
21 697
205 236 317
2 103 210 490 649
6 789
118 745
134 572 713
314 318 378 867
191 291
361 758
43 132 278 329 399 783
76 84 248 750
155 168 384 408 432
217 589 674
114 872
338 487 825
96 442
495 534 542 577
114 826 877
303 483 596 858
141 398 588 719
117 434 622
71 438 594
31 307 310
193 310
88 170 286
104 458 591
45 265 394 657 805
621 636
150 654
282 351 584 586 596
390 486 806
138 513 588 769
416 616 780
14 122 151 185 544
366 754
237 699
88 274 351 811 855
534 615
74 149 481 829
66 195 482 506
68 287 842
76 181 321 343 461 806
120 142
148 498 556 855
101 106 132 433
2 206 291 612 666
191 231 778
234 821
169 213 298 816
117 235 345
2 49 515 579 713
681 793
35 267
211 627
363 616
35 408 461 530 542
348 815 842
3 145 482 500 740 782
408 872
175 555
169 650 764
564 671
329 665 783
12 175 178 395 575 624 869
440 585
108 142 182
332 832
75 474 831
235 565 603 607
450 453 846
419 694
90 289 398 736 738
13 173
86 178 194 357 675
106 341
353 787
32 517 876
11 545 644 846
142 335 648
406 500 827
221 381
732 806
210 214 473
497 793
24 129 561 702 865
428 599
174 538 847
253 448 732
56 104 563
50 733 745 761
62 806 869
161 535 574
184 262
289 428 633 806
237 654 796
5 105 146 241 357 708
138 235 272
260 262
270 454 624
796 873
123 144 752 818
82 538 734
392 828
771 849
43 59 78 89 131 451 637
188 231 261 557 817
326 479
39 130 429 772
354 493 612
798 819
75 645 690
514 716 779
227 248 577 664 766 796
66 433 718
323 690
655 855
631 692
38 413 650
7 80 246 720 795
309 584
728 748
13 317 486
152 451
58 402 829
497 851
291 414 603 674
199 819
352 590
515 565 596
221 531 715 760
18 148
530 543
170 300 395
229 236 611 835
42 499
139 424
331 409
237 804
84 376 788
35 150 225 424 803
557 593
185 186 343
331 360 387 448 570
45 200 235 795 855
238 818
61 272
22 100 410 418 482 652 840
37 263
66 222 853
4 52
184 598 767
281 527
207 549 830
87 454 752
119 595
88 808
194 315 411 487 559 638 849
169 230 365 738
178 772
122 675
122 182 759
133 664 744 843 864
280 417 709
193 687 795
285 334 791
162 525 756 832
227 386
403 451
155 519 797 871
453 742
347 382
337 446 710
181 388 518
597 828
422 543 772
40 130 162 446 605 707 796
165 540
11 693
384 482
34 41 484 641 862
240 298 841
634 832
18 167 187 595
244 503
208 658
566 754
613 677 827
356 388
700 756 823
314 430 658 700 847
8 213 371
551 565
102 257 342 807
55 99
35 153 337
110 119 850
357 387 615
382 445
325 797
290 410 596
70 562 655 688
406 621
135 261
142 814
3 406 749
189 210 553 820
521 654 749
237 572 843
178 208
126 282 455 600 766
24 192 287
428 577 612 671 683
483 631
99 309 446 457 842
436 635 670 679
310 514
58 275
255 324 453 779 856
273 764
109 573
105 161 211 272 276 331 777
16 171 188 230 654
221 372 378 662 691
713 744 746
312 425
9 308 686
194 617
22 152 377 672
159 309 563 812
223 442
217 575 818
21 43 225 299
75 682
452 849
288 595 678
612 646 794 801
92 203 506
136 348 730
317 875
137 251 698 786 845
25 365 560
93 535 767
419 838 861
211 413 520 720 725
508 674 857
146 463 568 631 736 878
569 704 732
213 729
102 402
266 773
20 341 426 604
24 98 174 231
413 648
251 513 532
594 669
107 236
513 854
577 842
667 849
115 708
133 399 734 821 862
355 570
54 214 296 387 511 654
12 678
518 546
43 184 875
246 356 582
10 185 473
92 135
272 365 669
447 486
574 577 768
821 822
347 735 759 780
26 107 140 653 778
329 488
59 296
112 177 521 604
216 356 753 840
251 802
210 298 372 796
166 569
396 733
103 500 531
422 519
278 294 393 462
397 586 792 846
504 633
603 635 729
166 427
50 341
30 31 354 544
101 122 261 288 455 848
182 710 756
124 371 515 531 778
533 637
48 415 548 604 606 779
6 104 244 402 753
494 631
19 238 509 652 704
47 229 432
425 670
313 527
201 671 741
354 441 617 758
87 244 780
177 435 610 661 700 735
579 605 706
61 603
536 720
303 315 507 806
410 568
56 568 770
523 555 588 767
93 856
161 782 796
136 722
182 531 546 573
394 676
20 416 515
525 822
341 380 751
104 176 285
51 301 532 820
81 179 188 650
370 604 762
504 558 621 663
205 753
512 704 850
205 273
70 540
131 607 661
7 378 597 747
74 150
25 520 744 758 868
735 853
203 413 620
161 399
312 348 608
213 730 860
455 735
82 488 538 642
89 155 415
265 488 672 865
3 10 447 787
129 508 569
427 532 766 829
506 732
74 234 237 857
173 223
23 282 491 585 754
339 407 410
41 536
163 207
416 876
853 865
378 425
396 509 627
470 520 551 657
836 840
324 765
281 580 627
61 115
483 653
579 686
678 688
381 441 631 683
16 502 536 615
289 871
408 544 678 868
44 409 455 716
45 267 343 418 862
262 638 850
303 782 786
67 453 545 768
47 745
611 871
49 137 232 458 483 868
61 193 466 529 617
381 559
12 413
254 666 762 877
269 365 562 698 803 824
102 801
476 635 853
163 751
263 727
230 869
74 232 675 753 788
51 85 89 185 271 282 793
146 200
236 870
21 260 294
83 297 388 527 869
99 514 672
44 78 330
8 138 810
177 547 687 819
21 735
157 414 468 725
86 302 453 809 855
62 74 334 636
36 40 100 395 521 553
562 617 860
577 612 792
555 596
327 439
58 200 371
431 435 760
344 398 440 460 480 534
35 225 548 748
166 454 865
737 789
197 210
267 436
335 723
232 513 854
184 377 633
38 162 280 425
453 818
135 164 667
246 584 608 710 730 803
375 704 791
382 389 610
71 494
65 430 470 495
82 272 700
40 185 296 615
42 95 391
371 396 488
378 678
54 61 352
465 555 725 843
226 590
564 724
152 308 321 343 538
79 488
27 111 140 415
395 668 752
8 340
109 398 496 606 789 858
416 737
515 524 698 724
20 105 490 724
338 494 562 835
372 786
349 585
312 459
12 193 310 399
174 216
177 483 504 622
38 266
37 83 191 206
370 384
124 210 360
758 821
256 662 710
238 424
22 240
8 109 740
512 590
553 739
117 156 276 786
146 435 591 690
155 416 835
360 375 710
411 552 805
285 411
204 430
447 540
172 285 609 770 824
368 849
380 505 554
417 616 648 775
257 364
357 595
178 188
326 451
47 305 315 658
62 155 466 520 540 602 704
505 802
144 506 756
144 382 674
47 88 98 355
301 454 775
5 360
404 527
299 343 858
203 843
436 814
536 570 745
325 824
273 644
508 635
318 814
113 183 607 731
46 121 198 354
116 871
213 257
389 457
150 274
136 195 416 769
5 216
113 395 520
646 694 858
31 102
453 464 471 737 786
716 856
255 290 699
375 553
589 754 758 772 777
131 505
366 432 574
221 497
285 359 401 805
211 372 815 822
727 789
581 823
18 364 846
159 172 279 382
49 186
354 450
43 99 538
186 213 265 317 406 468 633 863
61 436
697 785
138 529 797
472 625
287 448 839
147 842
132 153 667
288 342 574
114 232 396
117 495 642 654 756
368 530 819
36 266 370 390 630 711
211 218 578 589 719
303 322 624
331 490 714 787
691 698 860
408 498 630 809
490 518 549
17 207 320 547
128 384 419 454 680
359 511
509 722
153 563 798
77 490 676 809
244 331 450 745
204 342 587
387 771
222 590 595 597
428 860
188 643
112 147 165 385 751
55 61 446 687
31 580
169 277
282 588 602 849
145 399 780
403 490 685
200 849
87 366 543 694
455 721 731 793
265 296 482 809
388 454 569
18 176
50 282
149 262 514 655
95 152 562
271 613 753 850
534 667
72 711
446 766 845 864
192 817
95 118 815
11 63 669
58 109 504
366 561 729
230 724 875
651 746
564 658 767
333 620
242 441 506
261 441 565
189 233
255 864
664 760
20 814
416 527 627
341 646 723
406 463 656
115 204
73 239 405 528
2 441 506
15 388 711
262 822
61 403 576 876
427 501
65 368 423
16 122
386 550
368 613
8 55 182 387 390 777
54 382 655
87 208 454 663
68 237
135 304 352 803 857
118 419
108 149
214 552
20 805
305 584 608 729 785
223 277 327 333 445
133 793
184 280
172 252 417 442 853
45 348 519 668 707 803
114 821
139 396
75 530 596
82 393 447 607
87 542 628 822
310 792
603 649
118 722
553 686 876
309 406
105 488 514 632
348 455 664 801
131 361 618
108 476 720
266 602 605 607
678 877
4 321
193 211
386 549 631 712 728
7 22 225
224 691 801
433 698
654 851
39 360 519 833
570 718
817 867
72 869
90 142 371 718
67 283 346
219 262 286 316 837 873
69 577
586 784 858
199 202 283 544 562 614
58 188 495 675 779
331 397 691
221 267
55 484
574 702
59 71 149 366 524
130 798
188 312 695
76 83 168 642 772
62 450 492 580
330 563 580 817 871
75 100 265 314 408 636
229 329
87 176 366
24 181
482 501
232 486 880
166 212 267
442 681
455 744
54 753
19 58 93 312
67 298 613 631 716 848
634 645 686 798
314 872
552 633 658
230 776 826
688 783
99 322
19 169 406 650
102 845
122 642
405 813
482 494 750
127 570 645
92 146 225
200 840
255 337
161 343
104 287 559
284 350
146 578 728
389 667
279 424 879
54 522
210 541 604 666
56 809 826
381 673
213 494 609 802
670 692 817
412 697 863
82 322 488
5 454 497 713
141 466
686 724 733
137 422 590
221 410
100 755
44 156 575 713
104 251 286 484 693
57 474 534 640
510 831 863
232 533 851
33 374 460 711 810
52 375
859 875
312 389 658
480 792
224 661 845
485 649 710
182 403 458 491 529 756 827
17 640 746
299 563 597
50 282 316 735
413 439 864
22 597
67 112 553 832 859
114 399 496 611 843
95 166 532 568 740 809
340 551
43 361 564 600 876
253 257 435 607
139 279 370 489
555 807
448 523 534 864
213 848
363 774
472 767
9 32 737
116 291 487
107 282
310 497
298 456
80 146 707 737
183 212 447 829
156 194
151 781
501 655
257 463 693
223 648
122 520 602
135 863
413 832 852
644 731
93 597
113 145 283 458 466
302 417
612 696
167 433 513
22 89
793 854 873
322 616
325 451 606
410 733 754 830
47 182 305 389
31 93 273 420 703 862
390 751
278 731
98 413 830
235 314
176 717
153 254 459 703 820
89 125
29 368
43 289 836
730 743
234 366
457 519
246 804 872
144 694 727
164 291 584 690 700 873
94 102 128 362
20 196 581 757
138 296 690 755
364 483
252 482 681
621 678
66 177 466 570
17 55
512 775 803
386 714
365 598 744
31 633
147 168
71 448 584 773
246 380 423 527 598 819
139 579 703 817
250 646 866
333 849 863
250 289 431 501 634
38 147 181
112 288
138 509 568
162 314
154 281 516
1 142
150 268 367 664
75 211 781 862
160 557
371 396 419 583
139 306 320 327 422 612 737
748 753
687 735
230 729
104 443 872
149 382 635 730 843
123 352
50 334 470
39 543
207 278 301 562
97 389 749
77 248
212 273
31 423
83 347 772 811
44 562
360 675
136 537 775
65 496 544
8 114
49 158
98 187 386 717
83 501 734 758 872
107 284
237 476 663 836
171 175 639 829
686 807
559 740
71 212 754
264 273
62 227 771
45 855
361 600 666
70 120 425 877
442 515 528 731
16 189
73 518 859
145 223 593 605
132 348 442
18 352
88 221 290 788
183 356 644 802
534 846
8 267 409
24 618 745
527 605
511 514 671 694
738 829 842 846
226 703
176 523
134 194 342 638
302 824
65 151 773
125 510 591
15 866
192 381
39 226 552
52 822
336 533 693
720 722
729 806
313 701
229 644 645
51 518 651
579 806
22 68 303
232 357 473 726
224 311 382 694
779 823
186 642
102 679 858
32 235 306 471 616 783
241 351 396 804
17 21 589 598
435 856 875
62 176 487 613 843
383 447 655
298 410
82 370 442 734 773
68 151 405
64 326 474 569
448 612 869
365 693
135 616
12 177 620
116 192 225 398 417 862
43 60
383 688 716
67 241
337 469 664
66 711
405 564
271 609
100 104 368 818 844
245 723
289 790
155 173
354 664 856
144 521 553 658
247 480 564 878
186 405 476
300 371 657
127 414
120 815
135 272 659
83 410 588
136 380 497 563
373 797
123 401 775
47 142 175 185
229 620
36 101 465 479 723
136 230
215 875
280 352 392 611
120 124
469 664
107 749
174 867
166 780
259 325 399 556
463 718 746
266 299 370 542 749
32 347 732 798
684 823
134 220 350
75 319 356 794 875
155 513
301 342 537 685
290 587 763 786
74 454
395 479 552 707
50 112
458 552
124 219
151 569 752
66 458
335 555 634 646 810
439 472
277 551 820
92 536
85 581
108 225 635
18 390 539
422 500
5 408 588 810
381 422 506
120 339
117 463 685
609 661 719
80 542 591
271 436
57 432 567 682
212 664
238 504 572 769
83 149 569
11 190
180 692 754 865
668 692
140 402 674
401 661
272 513
461 510
266 815
483 744
141 147 804 833
55 657 821
261 374 493 620 737
408 506 586 667 823
244 290 650 804
388 480
627 775
510 633
176 246 555
302 843
151 432 453 609
409 775 788
327 620 703
169 456
166 167
42 73 321 510 835
169 820
13 690
587 762
226 376 436 560
59 281 567 801
570 644 780
177 255 443 666
394 521 616 623
512 783
341 584
267 524
487 732 867
27 586 671 745 810
68 593 865
131 203 310 573
152 180 472 606 785 815
90 683
301 853
179 587 598
30 530 689 851 854
264 361 521 578 720
78 337 531 796
166 295 333 398 693 773
291 535 698 876
458 542
58 214
412 533 695
244 663
27 112 114 118 710 864
21 648 693
487 556 847
29 870
478 647
36 227 414 604
35 288 724
192 496 649
71 494
152 752
54 343 518
67 72
186 372
148 535
429 537
405 843
183 273 358 363 630 651 770
128 228 518 835
347 452 687 815
9 251 366 669 805
153 249 370 818 828
227 242 568 840
339 747
123 264 667
233 793
468 564 703
87 316
158 405 767
53 111
55 244 878
189 212 671
399 432 444 477
169 556 863
180 239 518 561
522 869
339 738
214 291
262 601 819
265 429
619 712
205 589
254 322
473 535 626 857
512 796
392 472
238 510 551 751
231 509
630 673
195 424 514 587 780
464 570
405 417 444
16 151 340 490 808
152 435 700
91 318
181 618
191 343 609
5 39 357 642
230 251 423 770
241 644
48 132 161 292
136 195
403 549 862
97 115 325 751
276 489 606
17 321 670
139 321 566
423 452
567 796 846
293 343 821
207 249
20 805
170 173 273
384 395 738
30 220 451 637
114 431 732 809
405 777
53 191
74 101 191 863
132 731
11 392 750 823
231 541 648
91 280 291
133 502 636
19 227 446 615
235 419 703
402 586 845
370 798 822
19 375
411 686
86 147 243 271 308 348 419 769 876
386 597 747
154 219 377 711
577 832
537 595 810
380 400 414
151 450 473
450 694
261 315 448 470 508
111 365
58 341 844 865
206 655
519 813 878
261 564 669 873
37 134 161 557 592
156 296 556 612 671
89 413 589
222 261
352 665 823
66 160
375 431
309 699 819
66 258
166 687 772
39 251 270 682
35 392 440 641
193 870
205 287 492 524 567 649
31 692
424 625
31 389
493 753 858
172 294
21 70 264 540 574 860
115 704 854
275 325 568
305 611
32 603
282 436 590 872
131 223 642
13 33 56 449
95 525
415 637
143 481 840
556 710
44 139 632 801
361 393 570
19 176 225 375 661
44 528 867
248 286 569 712 732
4 511 646
249 834
428 530 557
398 853
37 266 831
361 369 734
82 227 261 469
68 142 808
105 222 379 549 597
419 568 820
54 302 576 838
705 816
133 137
41 764
132 866
99 274 322 380 407
569 637 650 737
528 660 688
691 821
137 658
487 685 697
395 690
188 771
173 248
425 571 830
157 490
14 89 122 216 752 773 858
116 313 526
401 466
415 686
793 862
156 634 712
98 633
71 445
128 707
82 707
448 497 768
298 622 801
228 357
387 446 820
677 767
183 364 424
321 504 526 729
297 789
203 672
596 673 779
103 415 869
477 598
654 681
229 747 771
283 533 669
5 58
62 245 682
90 733
134 163 286 629 853
476 763 788
24 368 389
214 302 642 650 678 719 735 845
240 260
416 423
174 613 809
427 681
384 496 674
502 507 874
437 783
100 725
14 39 153 209 385
206 213 522 711
326 531
330 589 734 867
182 377
625 770
172 452 832 867
377 426 439
617 620
389 616
463 584
88 281 733
384 501
275 592 676 692 731 847
115 312 673
497 872
354 756
223 677
116 233 357
776 832
115 688
125 320 433 472
170 430
92 506
135 149 337 417 536
221 595
433 803
113 300 559 768
442 744
232 535 615 621 842
89 135 475 616 815
29 48 307 605 633
510 711
54 108 396 651
154 161 211
71 251 308 747
676 697 759
60 792
13 138 609
472 505
196 565
421 581
240 556 630
381 840
279 847
218 553 693
539 634
347 873
2 409
74 557 688
448 590 623 859
28 165 408
321 613
13 278 672 752
361 635
314 607
247 704 758
329 385
522 730
173 467
163 190 225 764 880
74 134
340 679 807
38 125 436
