4452 6624
2448 3283 4186
622 1178 1471 1848 3193 3340 3950
1595 3309 3436
1135 2447 2939 2953
1453 3840
139 1526 2256
1403 1793 3156 3500
376 468 1270 2930 2993 4302
1283 3972
1129 3282 4367
1860 2020
1319 1418 3066 3925
233 1129 1225 1443 1596 1783 2254 3367 4433
1361 3097 3548
400 2627
543 581 1232 2568 3385
168 2195
1247 4431
737 2472 2754 3147 4341
501 2403 4423 4440
464 4180
806 1940 2884
1002 1529 1929 2659
3517 3575
2368 4444
94 717 4282 4441
1045 2496
2645 2669
5 1671 1959 3301
82 142 476 1071
2868 3626
2628 3858
715 1912 4450
1314 1585 3962
881 4032 4131
1034 2598 4205
1806 2812 3863
2005 3844
140 1187
737 3469
68 2058 3140
157 1609 2877 2940
2974 3441
800 1211
46 994 2682 2938 4072
317 746 934 2795
1789 2122
1233 1710 3876 4340
487 1152 1328 2567 2726
2020 2457
1334 2116
1368 4090
1604 2457
705 763 1523
224 2933
71 97 4416
3749 4381
1740 2780 2806 3961
2245 2859
178 1953 2709
536 1862 2855 3349
747 2956 3270 3619
495 2162
392 3440
492 1242
69 1974 3753
4067 4439
1822 3921
1260 1306
7 727 855 2148
82 241 752
1842 2387 4314
1191 2442
923 1150 1359 3297
2883 3675 3794 3997
1241 1667
1556 1960 3335
61 797 922 1438 1937
216 742
4332 4358
811 2033 2789 4084
2534 2596 3163
307 717 1088 1225 2344 2509 3119
1246 3336
280 922 3523
337 2266 3414
13 805 2219 3636
1686 3703
1323 1801 2087 4341 4355
2298 3202 3998
3414 4026
562 4442
402 1162 2525
343 754 1440 2602 3937
1216 1393 3035
2591 3058 3072 3234
215 3664
1609 2884 4258
215 2208
1122 1965 3617
2497 2793 3568
2086 2589 3243 4047
1311 3985
1948 4385
3048 3298 3357
895 923 4262
480 3003
2915 3175
248 287 4171
930 1158 3834 4212
84 157 2116 2773
166 1231 2798
3197 3598
3466 3558
69 591 1330
1248 2858 2935 3505 4013 4172
965 3633
3287 4190
1075 2278 2304
999 1338 3842
651 1524 1864 2013
99 305 1215 1442 4336
1267 2634 3972
416 723 743 1932 3849
493 2461 4145
2093 3662
898 1756 2163 3487
2758 3418
221 2503
3289 4323
596 918
896 3765 4092
606 4409 4428
199 1471
1124 3916
810 2965 4139
947 3338
1474 2416 3671 4151 4161
208 4351
2104 3464 3481 4099
970 1768 4290
233 1287 1924
557 1667
232 387 954 2252 2371
1022 1459 2281 2426
1108 1319 1349
638 1645 2266
1612 1686 3484 3586
486 1123 2924 3428
267 4111
237 330 439 1003 2390
1044 1355 3534
1364 2497 3465
428 1131 1457 2497 3126
80 682 2565
1503 3421
885 1834 2066 2413 3774
278 1910 2121
2942 3150 3741
382 1792 2887 2920 3875
971 3645 3738 4377
884 1776
680 741 841 2481 3429 3517
570 628 978 1940 2709 4409
1618 1976 3534 4245
242 2537
1268 4273
233 1282
779 913 2211 3585
750 2474
115 1248 3015 3278
694 2739
1527 1893 3128
2520 3347
85 2713
1401 3452
3841 3964
587 1891 2979 3133 4167
650 1254 1530 2289 3129 4029
1437 2332 4037
747 859
113 1951 2960 3540 4125
2310 2456
1799 4273
1216 3495 4112
2633 4111 4375
1433 4208
1423 3967
202 1736
4140 4145
1894 3026
924 3818 3937
133 1454 1903 2236
963 1194 1971 2282 2908 3976 4414
616 4319
3259 3829
65 397 1764 2634
1593 1641 1719
2022 3971
76 2801 3639
292 549 795 1862 4313
1691 1907 2067
1755 1813 2760 2826
275 1082 1848 2969
262 1400
1196 1208
2379 2601 3775
2419 4252 4442
1819 2986 3009 3752 4421
1318 2631
558 2255
2909 3191 3673
1210 4124
2742 3620
1054 3395 3895
351 2197
1934 2782
979 1741
660 2444 2549 3403
724 937 2786
127 1022 1408 2280
384 1045 1748 2345
1352 1679 2216
2453 3788
642 3839
1386 2070 2819
675 2376 3787 4445
1882 3782
1194 1260 4319
601 3343
30 71 1856 2842 3118 3916 4078
2828 3344 3679
8 13 61 1198 1539 2968 3027 3605
567 1124 1383
1347 1897 3606
2779 2975
1491 3593 3807
11 698 1081 1718
1505 1609 2136
833 1846 3094
1371 1709
366 2744
11 602 843
1992 2282 3937
1247 1429 3689 4421
1057 4379
504 2384 3986
152 338 2254
102 1093
1430 1804
3828 4105
437 571 1643
845 3508
468 1934 2705 3464 3758
1321 1416 2784 4385 4446
1469 2917 3237 3689
1940 2532
1455 1532 2950
3429 4019
1097 1661 2643
1484 3065 3110 4079 4324
161 4088
487 533 619 851 2533
397 535
170 1112 1397 2030 2666 4314
35 1217
406 442 1294
2748 4014
1034 1805 3550 4419
266 899 2165
29 1559 4198 4355
1967 2052 3444 3803 4391
2253 2696
1202 2358
1897 3379
791 814 1760 3778
456 3894
476 1768 2692 3432
51 1092 1237 1544 1658 1957 4287
708 1686 2860
861 2327 3191 4406
2299 4190
232 1416 2892 4157
1406 2451
2234 2287 3968
2824 4060
2685 3144
1183 2485 3237
1540 1692 2567
7 1808 2701 3020 3497
2209 2246
819 1977
2412 3212 4246
907 1684 3980
835 2270
1928 1931
1893 3523 3566
899 3516
1385 2964
155 3707 4287
1870 2701 2805 3090 3937
164 1525 1671 3389
695 3242
2105 3017 3855 4020
2782 3693 3846
264 1341 1599
4196 4213
3552 4302
223 1004 3785
1182 2087 2909 3699
59 391 526 813 836 1211 3672 4336
1007 2607
267 2731
952 1462 1566 1717 2749 3826 4153
695 2189 3514
147 715 1336
287 4384
1563 3280
336 3231
336 1122 1253
1709 1932 2926 3299
1634 3498 3511 3872
1455 1744 3808
795 1966 3066
1830 3165 3438 3955 4062
1813 1860 4278
1122 3584 4230 4327
462 643 699 2592 3771
520 961
627 3330
1614 2733 4260
853 2204 3672
1386 2765 4409
592 3361 3619
1422 3428 4124
926 1733 2062
81 2288
498 4033
1017 2521 2757
350 1453 1715
960 1692 2940 3695
1602 2220
575 2155 3022
587 2413 3583
688 2995
899 3691
263 3287 3290
341 1342 2753
3574 3982
1989 3263
1939 2085 3037 3559 3639
174 724
983 3031 3416 4057
2118 2135 2650
1641 1646 2626 3025
208 406 3086 4004
2086 3048
2158 3600
3311 3821
1231 2069
2213 4340
141 788 3984
4104 4151
1313 1578 3891
2629 3511
1774 4045
2095 2200 3801
240 1398 3044 4229
1476 2595 3316
651 2148 3819 4097 4162 4415
1356 1807 3754
1628 2146 2269 3127 4150
1452 2651 3407 3810
936 3159 3703
2530 2539 4086 4090 4109
3654 4297
44 769 1189
67 1560 2757 3742
47 1268 2816 3113
1582 2541
1457 2907 4096
717 2791
256 3233
303 1442
970 3811 4079 4291
2264 2358 2454 3207 3550 4275 4403
87 425
1069 3566
2191 3925
490 2680
1692 1925 1963
415 2458 3495 4022 4319
2312 3761
323 404
1112 1622 4244
1850 1870 3146 3439
760 4376
130 2906 2930 2972
706 3183
1897 2202 3626 4210
3345 3933 4060
2681 3880
1868 2572 2584 3101 4025
654 3583
359 824 1462 2105 2756 4045
917 3295 3472
845 2264
2933 4389
2398 2603 4200
2067 2292
652 3897
326 2697
778 2933 4089
199 206 847 902 2629 3503 4412
269 1125 1818 4192
45 3998 4361
19 1032 3357 3674 4245
1798 2153 3106 3131 3765
37 2080 3011
738 1622 2929 3869 4204
2223 2984
223 1451 2723 3039
1750 2125 3500
822 1917
3207 3298 3996 4148
575 2462 2490
233 686 713 1979
2414 3961
1054 2808 3504
2843 3958 4270
655 1271 2894 3351 3424 4379
549 613
1779 2323 3628
2566 4384
966 1803
2525 3331
787 2269
721 908 2049
4108 4339
103 211 3195 4423
1055 1126 2726
357 1291 2528 3778
1177 2156
83 145 647 1664 2291 3557
1845 3204
1584 2419 3307
1336 3074 3830
193 664 3101
1739 3018
1115 1509 1972
628 3088
255 1226 2147 2760 3104
1816 2480
1314 2961
2123 2143 3829
1647 2010 2235 3474 3495 3671 4080
1500 2160
1050 2160 3082
1235 3779
1039 2198 3243
450 805 1126 2116 3650
2634 3986
446 708 1331
1936 2217 2873 3019 4099
374 1437 2106 3072
1921 2839 2847 3491
929 3463 3706 4346
2468 3499 3581
425 2149 2948 3696
3172 3664
334 2562
325 734 920 3920
215 1508 3847
386 995
433 1910 2918 4271
3261 4045
4125 4305
1818 2865 3820
571 2020 2202 2604 2756 3197 4127
1648 1973
525 1367 1596
3663 3917
1819 2954
348 1254 1987
180 1953 2057 2317
519 1277 1513
1510 2345 4098
1004 2629
2391 3056
1163 2906 2954 3667
680 3279 4124
1070 4236
384 738 1982 2232
985 3229 3796
1255 3770 3893
40 3997
3454 3548 4091 4137
407 1843 2068 3043 3919
887 3401
703 2857
2021 2238 3236
2177 4253
602 2164 4049 4095 4420
1665 4350
1831 3195
1152 2023 2608
2609 3778 4383
2581 3408
1026 1481 4091 4257
2151 2669
310 4299
3181 3549 4084
1244 2496
1688 1787 2774
1950 3548 4152
141 635
229 2394 2491 4024 4090
364 2202
1007 4314
277 714 2744 3721
920 1662 1832 3668
436 1894 2785 3623
1744 2097
2163 2563 3760 4183
215 3802
620 739 816
2086 3555
373 2068 2701 4361
156 1937 2005 3991
1718 2066
3641 4314 4421
282 3187 3301
430 861 1102 1248
2721 4187
971 995 4288
376 3136
446 1829 2217
3932 4050
611 1981
2270 2573
14 488 3977
229 1364 3977
2191 4075
984 3580 3709
1609 2877 3838 4370
600 1451
625 938 1438 1786 2111 2681
1248 3690 4248 4306
478 821 2261 3671
1088 3493 4093 4132
1218 2325 2550
923 2787 3408
564 3611
712 2605
1136 3103 3273 3987
1016 2352 4101 4158
1597 3514
703 1186 3907
2369 3318 3836
68 201 335 794 1181 3448
1569 2978
1529 1811 3064 3126
1215 1386 2149 4341
63 1405 1660
1321 1801 2353 3048 3194 3344
580 4188
2738 3638
495 1131 3507
157 1194 1724 1824 3718
489 3373
2040 2649 4065
503 2603 3027 3528
1229 4027
173 2607 3750
1947 2111
71 561 2295 2979 3175
1168 1501 2394 3894
2529 4067
920 1104
638 1783 3456 4296
27 169 3049 4362
1567 3679 3955
985 2252 3589
2162 2491 3395
256 3365 4095
747 3008
625 1615 3034
495 609 4101
1780 2064
1811 2902 3973
795 3617 3684
50 3382 4153
433 2271 3085
1188 2988 3040 3576
1238 3162 3279 4337
3964 3966
271 4054
3103 3201 3450
303 1012 1754 2720 3357
1348 3423
536 1438
637 3260
1251 1304 1967 2903
589 972 2383 4262
795 2478 3084 4386
230 1527 1626
235 241 1218 3038
48 272 2203 3443
2589 3846 4439
1845 4330
840 1634 3006 4126
1134 2623 3463 3502 3857 4181 4217
724 929 1536 2779 3787 3995
1365 2813
1162 2599 2650 4004
3333 4250
757 4316
342 633 1534
521 700 990 3154
723 1756
1225 2609
194 3024
1313 2139 2373 3111 3701
656 1075 1375 3535
1554 1660
370 1371 3501 3996
3148 3589 3709
699 2678 3677
632 1094 2709 3515
244 2609 3849
338 1073 3662
731 1582
502 1796
173 200 1992 3434 3922
1490 1861 2450 3502
2881 2939 4392
1956 2302 4013
1249 3607 3941 3947
794 1395 2428 3626
651 1014
1341 2854
1844 1976 3253
3742 4134
3279 3499
469 660 863 1888 2118 3900 3930
2461 2536 4400
614 1858 2652 2654
685 1935
291 1415
864 1029 1771
416 479 1771 3663
1796 2918
177 3796
600 2286 4382
1009 1277 3846
840 1622
1662 3041
464 961 1300 1336 3194 4063 4172
1211 3333 3469
1440 1668 4089
3405 4192
1252 2033 2069
920 3524 4015
542 1273 3758
762 929 3606 4351
142 210 1516 3838
2485 2789
655 3298
206 1293 1985
929 2593
3205 3702
801 1052 2708
3675 4321
3856 4158
2012 3680 4334
173 3966
391 965
1034 1225 3018
1016 2143 4091
233 2097 2669 3507 3914
1339 1675
609 3183 3360 3749
257 422 1064
2609 3759
240 810 2057 2197 2436 3126 3977
82 1478 2550 3514 4443
2644 2996
26 187 797
908 2194 2512
2031 2916 4028 4104 4112 4312
565 570 1771 4008 4080
1863 3883
1175 1304 1698 3262 3456
792 2054
1064 3752
1985 2689 2974
3503 3504 4062
708 1538 1546
1291 1713 2662 3371
2291 2912 3270
2 2809 3334 3470
1100 1993 2603
913 3593
791 1304 2189
67 1525 1587 2922 3587 4317
210 2062 3837
301 1203 1343 2320 2561 3396
914 3761 3818
537 2790 3146 4173
167 518
15 4391
2685 3349 3766
1197 2266
1520 1700 2146 3939
19 1571 1976 3897 4280
109 575 1020 3343 3473
1357 2069 2951
753 1508 1605 3961 4164
1944 2163 2608 2987 4222
580 1087 1493 2452
1214 1564 2860 2920
373 2694 3602
562 1843
2988 3324
319 1340 3055
552 1471 2120 3281 4195 4349
2277 2947
618 3765
2018 4059
2109 2229
1213 1548
1007 3550 4233
619 994 2365 3591
802 1072
1065 3627 3703
1893 2482 2530
673 1419 1678 2356
2771 2839 3990 4253
507 1824
497 1709 3279
1052 1947 3214
54 3961 4431
499 1093 1652 3431
12 432 1476 3586
2569 4244
1229 1364
2865 3607 3729 4364
755 1381
3058 4264
1453 4330
397 668 3589
264 4439
195 862 2050
730 1555
1172 3152 4131
319 1729 2866
1064 1601 1739 2864 2948 3538
1681 2113 4089
653 856
827 889 1208 1447 4134
858 2509 2819 3422
1136 3900 4232
380 622 2070 4071
1919 2068 3184
1296 1332 2229 4183
957 2825
302 412 3742
1890 3351
158 1581 3287
12 146 360 2157 3227 3672 4024
1629 1852
1797 3062 3127
818 2644 2980
379 778 1427 2678
1329 3976
1370 2394 3468
509 1489 3210
313 1128 2422 4374
967 1040 2433
2013 2050 4390
107 479 581 767 1227 2050
236 2637 4339
448 1042 1303 1880 3094
940 2666
230 271 1902
1151 2086 2090 4360
1080 1866 2226 4176
2454 4338
2795 2938 3699
444 1912
2166 2695
562 4325
888 1665
151 1376
1180 1282 2478 3634 3977
2246 4010
2120 2470 3847
1528 3947 4351
857 1129 1762 1949 2657 3904
285 1204 3561 3749
1044 1655
129 3438 3929
1969 2931 3065
1099 2735
2335 3592
1026 3508 4111 4160
3241 3304
2441 3234 3514 3915
137 339 1955
1079 2385 2706
762 1130 3346
1716 3859
87 3317
1153 1575 1584 2595
666 1229 2837
467 2637
481 3043 3800 3986 4034
3109 3678
372 1998 2242
958 3908
1691 1859 3450
3098 3515 4206
2367 4442
2345 3634 3894
124 1516 4419
232 2688 2719 2939
351 842 2412 4037
686 1107 3432 3719
48 988 4279
1805 3184
73 133 2185
1220 1514
641 1813 1850 2388 4211
596 2892 3430
1175 2874
864 2793 3461
496 1500 3141 4077 4317
358 565 1684 2098 4364
492 608 1299 1664 2042 3935
511 1698 1909 3539
1695 2596 2910
174 3493 4263
91 382
2373 2466 2754 3693 4008
328 1238
3078 3294 4145
366 1278 2131 3484 3768
3189 4253
411 3419 4051
2109 3806
1841 2954
1523 1579 1650 3653
4275 4414
869 1544 2705 3147
1536 1677 2733 2798 3845 4025
605 646
346 426 2453 3236 4027 4398
2258 3155 3871
2084 2236
1702 3849
3626 3997
2509 3686 3921
982 1244 4164
2688 3624
2819 2978
1536 4438
3605 4137
1302 1808 3255
999 2108 2800 4056 4098 4382
1833 2634
1245 1711 2334 2443 2643 3197
1901 3885
1118 2350
1964 2301 3717 3736
1083 1937
1183 2043 3882
1597 1920 2219
311 4308
957 2112 2325 2686
1032 1750 2974 3922 4054
1603 3454
1533 3266
648 2225
2848 3933
2892 3543
1028 4340
1279 1548 2440 2561 3560 3718
933 3443
1212 4341
61 1917 2878 3441
14 1324 3530
657 2629 3348 4227
2653 3689
1270 1821 2639 4210
819 2661 3987
668 3048
2983 3683 4214
69 2065 2827 2959 3826
701 1979 2359 2593
1570 1878 1962
1497 1522 2740 3163
2019 2501 3503
3401 4427
2110 3482 4350
1291 1674 1948
1667 2173 3852
2329 2751 3000
1612 3794
520 2701
943 2417
2592 3337 3349 3677 4174
2014 4387
913 4033
243 1138 2582 3044
2195 2975
639 1690 2049
2361 3710
1141 1984 3798 3979
2458 3318 3399
1220 1330
329 800 1945 2553 2903
877 2040 3764
154 796 3548 3752
1849 4009 4047
129 857 1398 1488 2017
3251 3828
1681 4134
1761 2160 2570
572 2069 3325
429 757 1039 3867
2681 3281
667 2393
1895 2194 2355
985 3266 3572 3741
755 3825 4193
3399 3535
2138 2836
2066 2697
359 661 3374
3468 4211
89 885 2238 4266
1720 4062 4401
739 4157
2020 2746 2883 3889
562 2453 3231 3687 3738
1326 1399
1368 2912
568 2651 3319
289 2898
1295 2960 3546 3630
2359 2981
1469 2153
564 2795 3022 4415
2249 2942 3342
288 3864 4262
1261 4322
2220 2668
1762 2703 3697
1144 3838
1534 1982 4043
284 1737 2643
614 3284 3861 3901
3373 3696 4292
1209 3228
331 2685 3025 3454
2180 3302
389 3289
321 2392 4079
2197 4090
73 2620
764 1468 1802
2318 2591
489 1619 1658 2234
2857 3202
1625 3191 3455 3623
956 3035
896 1058 1268
1772 3464
646 935 2242 3908
66 242 1238 1326 2891
291 727
1533 2579
1478 1578 2422 4290
2517 3191
1927 2132 3073 3169 4216
2344 2422
162 1063
194 3429
2185 3806
524 2962 3594
643 661
1320 1577 2064
46 378 488 1913 2572
1573 2805 3699 4047
1289 4041
2677 3653
52 1067 1601 2390
1237 2809 3524
440 1518 3205
515 1209 1923 3876
76 1657 3505 4061 4137 4343
1451 3455
2750 2775 4078
2766 4072
841 2740
373 386 486 571 701 2964 3634 4203
613 1402 3128
293 1568 1984 2597 3131
2548 2661
2308 2827
1393 3205
2639 3092 3641
1229 2703
1319 2379 4395
486 4083
234 490 716 3721
915 1622 1736 3842
871 2455 2728 3334
259 4173 4207 4263 4338
2575 2656
2516 3905
1934 3951 4092
24 901 2277 2676 4235
820 1796
237 3794
317 3639
1930 3295
742 788 3544
1893 2488
1087 3651
1858 2514
1444 1583 1660
68 1652 3972 4038
1131 1239
50 670 875 1938 3721 3813
3101 3688
2606 3034 4321
47 448 1489 1738 3465
905 2639 2704
2303 3724 4287
102 3481
2711 3252 4138
562 868 909 3094 3235
3312 3618
662 1198 3341
960 1795 2659 3130 3486 3844 4226
1394 2196 2889 3676
148 4080 4298
1724 3708
474 1588 2817 4404 4421
172 1503 1978 2938 4347
227 780 1880 3920 4077
2207 2639 2715
497 2751 3218
1576 2644
2638 3537
2605 3131 3809
1254 2147 2453
1873 2880 4049
555 1820
471 670 2762 4178
1785 2873 3078
729 1624 2604
816 831
2740 3574
340 1124 1183 1347 1667
2312 2368
1998 2422
1764 3438 4041
1126 2606
873 3772
1945 2057 2543 4185
425 728 1542
1051 1471 1491 3018 3625
131 2869 4279
1067 2946
844 3691
1724 1778 2350 2428
3669 4396
1541 2406
787 4182
86 977 1090 2204
348 520
1228 2670 3660
1066 1424
2118 2674
712 2340 3008
1631 2494 2654
1799 4248
2512 3078
3945 4212
925 1775
792 846 4378
811 969
596 3857
1929 3714
1384 2241 3292
2326 4229
840 3845 4079
48 844 2063 2501 2859 2985 3166 3420
1011 2907 3577
926 2338 3965
653 1200 2611
1043 2268
1391 1843
1033 2598 3473 4412
871 1251
124 1528 1647
373 1212 3727
1256 1299 3190
614 1677
3079 3958
42 4197
2672 3008
3506 4144 4382
921 2167 2739 3737 4203
1029 1406 1567 3361
416 469 1077
317 825 4323
1013 2991 3982
1536 2710 3996 4110 4220
2074 2156
369 3620 4442
212 1720 3009
708 2057
1317 1789 2624 4066
44 802 2531
1873 2884 3116 3132
877 2040
1584 1672 3590
182 2691 3658 3990 4449
868 2917 4139
130 322 2942
255 3128 3328 3606
4069 4291 4296
2153 2850 2872 2983 3825
394 811 1364 2455
2666 2965 4081
699 757 1178 1592 2387 2837 4232
347 1632 2251
2024 2483
447 1802 3880
3 3013
539 1661 2299 3025 3413 4335
200 838 994 1739 2014
3307 3543
2482 2500 3663
1366 1599 2684 3028 4392
591 3838
15 24 63 1107 1845 4432
280 2007 2208 3156 4178
1917 2618
3489 4024
1402 2049 2776
325 1764 3246 4391
2611 4162
733 2795
196 535 1607 1858 2358 2590
1718 2501 2924 3429
768 1242 3654 4017
1915 2692
536 2831 3741
389 873 1169 3606
1626 1644 1937
2017 4031 4423
1515 2826 2865
189 473 984 2204 3120
1318 2727 2998
196 2424
1138 1226 3467
1379 2195
3138 4221
2520 2547 4258
1340 1998 2601
758 834 2029 2442
3409 4383 4422
1145 2654
1496 1585 1806 2599
3009 3032 3072
2903 2969
336 3419
1609 2207 2674
816 2517 3057
1247 3101
1204 4402
2879 3633
1289 1656 1716
542 660 1464 1668 4135
2599 4223
534 621 1077 3109 3765
2396 2575 2953 3458
552 2946 3504
360 3601
1697 3411
2466 3971
584 843 924 1200 1234 4004 4431
148 1505 2553
202 2023 2259
1440 3689
135 1596 4387
1017 4366
1651 3987
446 1309 3010
1080 1532 1645
848 1647 2051 2205
1264 4373
1809 2117
578 715 2807
1774 1835 3750
2116 2274 2930
1216 3950
3066 3327 3630 4134
842 1404
2186 2794 3929
246 1543
978 1275 3883
775 1502
2793 3081
290 1998 3293
256 1628 1716 2581 4334
774 2664 4272
1201 2913 3579 3807
356 2441
430 2118 2128 2673 2869
976 1378 2795
1660 3081 3141 4061 4431
2388 2654
49 1281 2145
1950 4140
1629 4037
1235 2439 4350
866 1636
209 290 672 770 847 1166 1296 1979
2367 2762
1352 1392 1607 3708 4303
2147 2636 2736
1015 3337
558 2556 4368
253 1317
1588 1830 3356
221 2105 4269
1340 2042
918 1137 2047 3932
2387 4428
1181 2422 2616 3312 3626
1212 1474 2521 3419 4234
360 559 670 1242 1770 4028 4377
307 2810
583 811 1692 3090 3491
97 122 1688 2105 3360
2121 2860 4190 4340
790 3066 3579
324 596 3701
2105 2973
164 2753
1662 1892
2666 3590
209 2982
612 2512
464 2727 4312 4381
308 4150
399 531 2956 3338
2999 3202
1192 2688
876 2034 2399 3225
1242 1934 2464 4254
1205 3248 4275
696 3011 3351 4273 4322
2253 3925 4066
2471 3861 4117
220 3087 4058
2744 2860 3321
2715 2940 3385
3053 3701
2264 3140 3164
384 3449
595 2649
1 4055
409 1350 1357 2903 3569
786 2500 4012 4236
2868 3833
520 684 1247 3802
2017 2793 3284 3974
812 1981
1489 1573 2664
1853 3642 3726
4023 4314
1770 4221
1426 3012 3487 3982
2181 3323
293 2294 2664 4137
721 3281
2134 2574 2735
266 2253 3213 3524
710 1726 3652
2272 2716 3064 4058
606 3117
3568 4087
163 1580 1607
2405 3230
2127 3583
3013 3709
745 3598
683 1828 2995 3492
668 1803
677 1166 4136
345 3734
399 1473 3687
1377 3083 3747
443 2369
784 2690 3659 3959
1630 3802 3825
1738 2380 2882 4445
919 1129 1833 3465 4102
166 663 1644 3946
1425 2035
1338 3117
1248 2605 4185
2396 3696
2181 3184 3920 4175
7 1164
2376 4359
1249 3395
831 3812 4094
306 1091 1933 1985 2180 4229
1196 1695
31 3657
381 999
1417 3088 3479
853 2111
2319 2926
276 2580
264 795
2486 2771 2971
329 4097
769 809 1430
2215 2598
668 2605 4341
2033 2485
507 1580 2800 3564
594 3538 3611
491 1272 3350
730 1548 4190 4305
234 565
1241 2863 3734 3754 4355
1847 2056
1905 3682
714 2491 2649 3141
473 2246 2476 3701
1224 4261
1527 1788
121 3975
62 3108 3152
1323 1722 2692 3532 3835
528 1340 3216
935 3787 3940
182 852 2871 3136
204 879 1754 2632 2699
702 4447
1044 1458
246 347
397 429 1297 3309
1203 1983 2663 3911
2687 3101
610 622 2956 3928 4231
1802 2385 4126
1393 3040 3811
2174 2742
402 3297 3781 4103
157 3743
416 3447
1207 2800 2833 3251 3300
168 3711
1207 2188 2879
134 414 994 3071
1057 1861 2379
1480 2876
2776 3242 3420 3812
3394 4038
2144 2236 2755 3674
185 513 1597
3135 3444
104 830 3611 4396
873 1983 2552 3019
796 1001 2104 3170
3049 3834
1421 1503 2677
1474 3613
1282 3255 4204 4354
1804 2127
698 4352
542 1909
1518 3656
1636 3909
109 1551 1782 2614
832 2758
527 3126 3259
269 3366
2482 2513
770 2580
206 2781
2181 2203
2984 4010 4426
2492 3413 3433
1695 2086 2131 2212 3059 3937
256 1680
2307 2355 3304
2490 2873 4339
2563 2652
989 1863 2745 3356 3498
1254 2492
1207 3646 3690 4140
125 949 1133 2850
2576 3085 3144
596 1747
44 3103
1722 2435
247 1617 1837 2145 2884
2 1647 1697 3893
674 879 2299 3772 4019
2500 3175 3218 3714
1816 2242 2882
581 1028
663 1218 2806
436 518 2699 3938
854 1290 1569 3496
2597 3021 3347
1238 2051 2176 2461
1324 2604 3801
117 2213 3008
927 3435
1737 2549
2250 2546 4121
407 494 820
469 1832 3730
150 415 1925 3065 3612 4287 4381
140 2616 3582
1515 2221 2974
389 2528 2921
1439 1474
450 3825 3853
43 1776
639 1704 3327
2348 2998
1328 2629 3413
229 1630 1761 4229
188 2234 3524 3558 4204
442 1181 1707 4433
370 3238
772 1593
1811 1912
1398 2455
3623 3988
2282 2423 4185
426 1106 2922
3020 4299
790 4191
1487 2937
2033 3042
2461 3712
74 781 947
1317 1979 4263
68 2990
853 1514 1835 3864
3667 3788 3883
100 2762 3590 4250 4399
2281 4436
1496 2321 3186
1626 3589
439 815 1676 3474 3811
2391 2953
797 1070 1381 3674
1548 2940
284 315 2729 3859
1011 4116
777 2276 4226
1916 2543
587 3238 3649 3924
2 38 3786
1529 2623
287 1278 1725 2256
1371 2019
2703 4442
2587 3640
546 2325 4144
1352 1399
651 2988
352 2578
338 2270
2343 3959 4418
147 1321 2528 3453 3598 4342
3328 3884
422 1086 4431
2464 4197
1492 2420 4244
2146 3273
372 692 1111
4245 4310
2094 2844 3053
1299 1605
268 2535
2550 2659 3811
1311 2710 2973
910 1253 1441 2274
960 1602 2181 2735
194 2577
305 1864 3833 4161 4238
566 3955
3343 4230 4442
201 2033 2961
649 2008
621 1210
941 4337
972 2218
202 294 626 959 1463
635 847 1063 1339 2336 3598
291 712 720 853 1777 2941 3174
729 775 2165 4054 4107
3283 3361
1371 1979
349 3631 3817
3568 3719 4362
164 2409 3777
710 1584 2167 2236
1608 1858
400 643 1471 2599 2990
307 1576
2014 3241 4346
1958 4173
2608 3072 3493 4127 4259
477 1471 2684
1383 2675 3020 3197 3691 4424
2362 3578
1402 3276 3553
2409 3909 3915
1221 1371
580 897 1293
1909 3931
220 1769 4415
1152 1324 1728 2736 4024
1954 3813
957 1268 2659 3540 3926
1261 2456
2110 3829
1963 2118
771 1153 1883 4374 4384
283 1568 1870
1517 1722 2776
1562 1951 3458
1067 1142 1490 1767 2440 2810 3343
216 682 2034 3931
2364 3676 3844
1316 1847 1985 3185
1128 3738 4260
1163 1627 2263 2991
1970 3545 3759
2052 2306 2492
1214 1567 2376 2458 3712
254 972 2141 4274
783 1250 1627 3314
518 1442 1868 2758
622 2005
323 2080 3053
319 449 742 3707
383 789 1742 1934
1761 2479 2975 4117
822 2284 3947
815 905 1742 2186 4426
765 1969 2615 2641
2690 4230
2582 4100
649 2798 3699
137 402 2117 2187
96 1237 1860
1693 2476
55 4171
2115 2119 2363 3630 4141
1030 1246 3058
127 1145 1213 1750
875 2378
2172 2225
728 2657 3245 4172
411 2338 2444
2103 3525
726 2854
243 3778
738 2173 3043
155 1900 3389
2103 3196 3335 4197
289 1049 1513
977 2743
745 1324
965 4128
794 1015 2700 3059
457 1272 3008 3349
1637 3692
3498 3680
328 2061
63 451 1995 3147 3362
3628 3884
1731 2695 3053 3500
154 830 2715 3609
1262 3908
514 1295 3371 3506 4188 4335
987 2833 3950 4168
1039 1961 2267
95 1510 2122 2467 2615 3174
2356 3097
272 3166
140 529
527 2145 3220 3346
351 1971 2771
2370 4338
684 2740
827 1840 1936 2968
604 995 1269 2397 3386
1917 3538 4220
277 1774 2024 2302 3196
1407 3919
4073 4189
367 3838
151 2723 2740 4284
1054 1066
2293 2371 2531 3568
1502 2779
4041 4101
946 1498 2310
65 1597 1745 1919
1807 3708
600 890 1195 3046 3230
683 932 3070
810 1673
1650 2316 2468 4325
3809 4200
397 504 2796 3107 3165 3452
1010 3701
2069 3184
515 1266 1849 3904
343 630
2070 2359 2365
507 1304 1925
1229 2438
674 2904
1754 3552 3573 3838
1986 2819 3756 4342
1178 1705 2975 4384
1824 4228 4317
1498 1583 4152
781 1498
990 1422 2250 2505 2681 2970 4317 4378
496 521 527 1725 1975 2343 2514 3251 3780
888 3182
715 1040 2618 3014
1088 1790
1724 2511 4150 4397
238 2871
743 2026 3799
1195 2536 2798
2167 2707 3269 3454
90 448
110 1700
403 416 4259
339 1706 2593 3128
3436 3991
1906 1947
3646 3932 4179
2339 2566 4064
2530 3063 3102 3228
2414 3354
452 731 3403 3827
178 1145 1765 3467
1124 2414 3476
348 2179 2469
270 1585 2933 3028
1887 3476 3726 4013
244 394 963 2428 2457 3360 3882
794 1816 2370 4045
1903 1938
1191 3691
1665 3790
21 538 4117
242 962 1963
474 1805 2779
271 1006
549 1935 3011 3144 3245
3111 3768 4341
2876 3508 4083
89 149 2758 4372
1114 1634 2261 2840 3934
2179 4281
556 1479
297 1196 1582 4337
715 825 1161 1566 4258
2637 4160
769 2434 3155 3444 4439
1470 2716
1061 1553 1968 4043
2741 3655
902 1252 2516
503 1006 3147 3934
3090 3509 3944
2975 3763 4388
1461 1892
1945 2584 3695 4126
198 289 2365 2719 4366
141 2745 3715 3833
64 2409 3851
576 1048
2982 4365 4413
959 1824
467 864 1729 2434
616 2746 3308
1104 2680
1853 3966
1129 2220 3950
194 1372 3080 4259
1909 2670
4 404 927 1715 2208
2372 2712 3052 4267
2692 3903
1968 2940 3271 3287 3438
1147 1532 1735 4197
2683 4292 4313
2197 3880
53 2191
47 762 1001 2845
438 3198 3404
3587 4209
95 1120 2002 3979
279 3609
241 712
1913 4191
781 1592
207 2715
878 1217 2198
1124 1139 1788 2192 2985
2174 3085 4128
23 662 1504 2654
577 1405
1282 2396 2897 4314
351 611 2467 4071
821 3002
1634 4086
664 1491
1903 3252 3578
332 940 1453 3207
480 2312
131 191 1860
883 2246 3566
647 2313 4045
687 2472 2762 2888 3570 3796 4072 4206
414 4027
1726 3266
1296 3617
600 2935
960 1214
733 1914
1743 2092 3206 3928
2371 3356
59 994 3499 4317
1673 2523
13 1553 4073
3213 3641
315 2131 4076
2307 2522 3889
464 804 3679 3787
537 567 1208 2987
424 1194 3049 4359
1577 2199 3131
1156 1509 1963
1284 1332 2388 3735
2265 3347
872 896 2332 3541
799 3871
1026 1054 1579 2406
739 861 3151 3564 3976
804 1176 4150
1350 3617 4279
2608 3241
5 3469 4413
566 776 1380
1540 2377 3456
863 2008
1428 1819
2948 3155 3209 3443 4002
1377 3555 4288
785 1443
891 1343 1949 4240
1443 4095
3029 3573
3399 3508
1204 1841 2903 3008
1145 3866 4192
1456 1528 2262 2314
651 2555
218 841 1202 3284
427 592 1416 3238 4115
1030 1509 1825 2112
188 415 849 3192 3709 4429
642 917
64 2181
2024 2680 2688 4211
543 1253
1945 3050 4094
1604 3181
1432 1666 1935 1961 3932
1599 2817 3584
3280 3311
2326 3745
2538 3073
1336 1878 2542 3253 3318
354 781 1295 2476 3527
29 3707 3867
2897 3385
565 849 1939
1684 2951 3492
1103 3010
1105 2020
2763 2973
1690 3246 3306 3637
201 1606 4197
2646 2904 4151
1924 2971
1949 3195 3485
1150 3069 3796
2008 3384
568 943
1061 2379 2593
2317 2586 3370 4252 4297
95 3957
1825 3876
1461 1814
1006 1017
740 1397 2421
2305 2787
2057 3371 3416
1327 2008 2157
709 1514 3136
1908 3087
126 3690
123 3404 3490 3971
1424 2509 2857 3631
3178 3903
1320 3015 3568
1277 2640
221 922 2339 2577 3970
1834 3126
245 1542 2122 2308 3245
388 615 1219 2225 3601
324 2143 3274
576 1838 3925
574 1742 1820 3493
618 3265
2331 3378 4438
808 995 2686 3453 4306
580 1793
2092 2971
1140 2236 2291 3616
387 3335 3651
2886 3182
114 2666 2832
1464 3505
543 2621
645 1343 2364
205 1430 1543
4208 4375
2178 2770
232 1393 2962 3002
1192 2690 3828 4206
1470 2281 4337
3801 4074 4095
1079 2709 3786
66 950 2528
867 1075 3192
359 2028 2244 3178
593 1486 2153
44 856 971 3932 4033
388 1896 2067 2176 3158
1104 2077 2128 2277 3840 4066
497 2106
1072 1385 3118 3598 3620 3821
191 402
1253 3197 3547 3961 4105
1553 1602 3310
254 3548 3961
754 1171
1383 1597 4178
1136 2976 4111
7 3336
301 373 730 3770 3771
1615 4238 4279
2459 2824 3840
593 1427 1738 2240 2344
125 1312 3670 3766
1660 2437 2949
2137 4068
999 2586 3638
1313 2099 4090
1135 2462 2897 4062
557 2284
741 1993 2604
198 2026 2797 4114
1193 1466 2273 2402
33 273 468
1081 1862 1945 2428 2597 2673
1061 1832 2758 2831
145 3055
2182 3816
3365 3601
1181 1769 2798 2852 3229 3726
299 2656
1788 2999 4323
2815 3251 3443
146 878 1452
382 851 4086
432 2251
1676 3067 4043
144 228 1834
1496 2652
70 1570
1949 2277 3624
628 1246 4179
1406 2424 2989 4321
1630 3180 3187
551 3296
845 1101 2875 4189
3158 3851
3603 4371
1757 4091
568 1472 1792 1825 4402
2646 4298
1742 3108 3422 3966 4230 4266 4320
65 589 635 729 3065 3346
3540 3851
2481 3496
1296 1708 3053 3480
538 3056
1570 1774 2217 3531
1960 4216 4240
243 3076
659 1590
1189 2478 4041 4358 4446
1462 2337
3831 4210 4213
643 3703 3863
1593 2267
2763 3933
1127 1372 2705
579 1098 3019 3107 4114
289 3542
308 1710 2566 2860 4179
3570 3704 4257
371 1081 2446
2975 4337
3120 3322 3736
1469 3187
21 146 288 367 1626 2652
484 3091 3209
908 1075 1518
464 2383
930 1412 2098 2368
1693 2123
611 3951
288 655 3394
2476 2859 3379
81 192 573 650 876 1509 1658
698 3134 3282 3377
2739 3594 3990
81 3602 3898
1238 1421 2185 3632 3825
1196 1249 2292
100 1172 2207
240 4039 4280
241 1806
52 1552 1763 1804 2756
303 620 967 2144 3754
281 1013 1085 3296
363 1450 3275
1401 1738 4019 4095 4160
361 1349 2163 2948 3801 4294
56 235 477 784
1506 2248 2498
268 2483
265 4400
943 1087 2142
1678 2625 3127
2760 3088 3314
3023 3116
269 775 3586 4412
805 4398
1183 1970 2851
837 2056 2272
412 3669
3361 3423 3979
583 4315
358 2784 3851
2492 2908 4282
730 2604 3155 4441
416 504 1660 1912 2786 3156 3264 3847
583 1077 3826
456 3142 3422
1510 1677 2231 3771 3821
2882 3329 3835
583 3040 4305
89 878 2075 2737 4067 4089
757 2477 3914
358 1817 2158 3893
904 1083
2460 3599
850 2948
2245 3172
358 641 717 2271 2587 3227
1220 2761
1394 2251 2962
14 2224 4434
386 1788 3362 4118
215 1657 3037
941 2761
1058 2535
184 1612
2940 3290 3638
27 1514 1866 4102
3311 3692 4308
1006 2498
2007 3171 4303
80 521 2306 3946
1744 1780 2450
340 1444 2590 3611
721 1236 2876 3500
1016 2618
439 1932
436 3674
1799 1993
811 3550
1866 2254 2477 4040
837 4367
791 3150 3998 4018
1998 3216 4401
2623 3294
80 1362 1999 4040
224 3026
716 2720
432 547 2505 2808
231 1456 3249
425 1283 2110 4270
1398 2558 3556
436 2769 2968
372 1743 3296 3969
624 2073 2339 3321 3885
2898 3674
149 361 1291 1560 2975 3270
269 2026
2813 3386 3830
967 3491
1044 1272 1782 2874 3134 3261 4108
3285 3523 4240
194 2910 3631 4023 4407
233 2987 3020 3408
1656 1969
108 270 761 1727 2820 3801
238 1356
517 552 1066 1636
101 1472 2222 3558 4420
827 1807
1747 2613 3828
3201 4368 4409
3387 3538
1011 1487 4150
158 963
207 1452 2140 3345 3350
675 1695
2003 2497 3499
169 982
743 2995 3878 3970
941 1520
131 1252 4143
874 1814 2542 2608
766 2788
404 1123 1491 2669 3604
488 789 3245 3844
1295 3300 3478
2259 3575
701 718 805 4115
124 2219
1718 2136
3632 4001
1956 2528 3214 3835
3085 3097 3681
749 1628
179 542 2327
337 4010
2552 3433
446 1467 4352
1165 3579
3399 3468 3751
1206 4278
2303 2520
924 3478
121 1454
4249 4402
823 827 3883
1745 3644 3927
1917 3006 3218
442 2156 2882 4444
1312 1323 2468 3136 3858
743 2176
432 3971 4299
1007 2179
1128 3797 3870
34 1686 2064 3577
768 1687 3190 3205 3834
1156 2300 4253
221 2037 2083 3210 4314
214 1238
235 3785 4312
336 1491
1248 1831
963 2566
121 994 1387 1496 3024 3297 4149
1381 3340 4086
359 360 538 890 1091 1358 4045
467 507 1168 1939
1015 3210 3507
2358 2467 2760 3200 3658
1386 4345
1801 3483 3926 4187
1809 3722
2249 4191
764 2953 3317
360 1239 2273 3314 3813 4259
3703 4199
216 1642 1686 2562
253 1596 3679
144 356 1110 1820 1835 2135
153 1215 1219 1642 2081
511 712
2096 2137 3003 3120 4306
2079 2483 2983
1526 3176 3346 3675 4047
496 717 1871 3796
185 1252 3311 4088 4379
753 2917
621 793
641 3045
1680 1907
63 1254
1333 2136 3568
221 2953 3203 3343 3623
4151 4183
2425 2809 3250
210 1673 1891 3684
2404 3275 3335
634 2771
1774 2731 2985 3850 4312
793 3465
1965 3239 3654
1604 3144 3209 3984
1039 3085
704 3119
417 1257 3428 4381
1126 4147 4347
1384 1414 2684
344 473 994 2847
1343 1880 2359 3352 3375 3549
847 1900
278 497 1543
684 2517
409 1555 2977 3930
614 2590
1627 2150
162 3292
2498 4150 4447
2485 3367
2746 4171
1278 1727 2067
3911 4257
481 3651 3876
1298 2615
1910 3241
2681 3483
579 782 3913 3950
14 1881 3831 3864
3217 3277 3419
3604 3933
984 1379 1758 2991
36 577 946 2676
325 707 3233 3502 4445
2916 3042
1726 2457 3459
2112 2985
500 1788 1951 4065 4314
1243 4232
2471 2546 3619
1779 4134
1792 1849 2271 4078
475 986 1095 1109 1244 1932
483 2354 2440 2777 3185 3361
1931 4296
2318 3547
401 1327
220 1930
946 1474
1316 3924
2013 2859
1939 2297 4084
1453 1714 3007
731 947 4154
3087 3293
2001 3909
305 1147 1802 2512
518 2319 3836
2831 3046
602 2559 2817
2194 3828
3537 3730
2330 3743 4141 4174
256 665 1193 1970 3738
1552 2926 3505
433 867 3012 3831
1889 2007
16 2644 4092 4115
426 1544 3407 4001
2007 2388
3273 3627
1505 3106 4105
167 199 1287
2017 3597
568 1262 2004 3625
3686 3867 4407
518 1770 3617 4100
3127 3836
2083 2340 3644
281 2235 3608
1007 2836
11 65
217 1634
2096 2098 2361
612 914 4023 4282
574 1513 2453
1738 2023 3245 4166
1570 1971 3350
1175 4424
543 781 1260 3430 3573 3978
490 568 1504 3628 4221
1261 1691 2535
478 586
440 2052 4196
135 366
1447 1673
2803 3030
3551 4362
1004 3713 3732 3949
280 2109 3183 4186
1673 1834 3389
1445 3119 3773
3201 3740 4330
1260 2468 3919
41 3691 4014
78 1165 3766
168 1365 3943
1745 3304
443 3178 3775
1328 3024 3469 3473
1489 1630 2177 4349
3773 4053 4227
162 1186
2014 2135 3673
2541 4090
2512 3072
910 1579
471 491 867 4418
1778 2501 3970
1709 3229 3247 3760 4122
1277 1541 2274
2205 3458
491 4427
1788 1881 3959
679 1161 1910 3194
958 1417 1645 3481 3629
2340 2803 3923
391 3461
1180 1474 2353 3094 4370
647 3134
102 1491 1812 2501 2537
1378 1614 2070 3970
1171 1458
1312 4260
541 664 1960
1202 1601 2584
636 2644
167 793
2373 4410
1713 3916 3957
2140 2343 4045
809 1525 1708 4116
1099 1225 3467
2282 2400
109 1803 2899 3614 4099 4117 4133
1327 1693 2040 4215
1337 4403
2583 2996
4153 4238
2535 2847
3974 4114
1059 1078 1120 2445
237 2067 4334
2050 3814
365 2836 2922
1484 4280
143 907 1255
2633 3589 4367
463 797 3109 4436
1675 2098
1191 2912 3072 3195 4001
1480 2160
742 983
165 719 754 973 1280 2673
382 1668 4037
254 651
827 3138
813 899 2999 3474 3945 4340
3973 3991
322 2878
316 478
2357 3382
3203 4047 4172
1529 4244
2715 2761 3870
1520 2496 2657
329 716 1510 2308
1065 4045
196 1076 3888 4024
2009 4355
837 2601
99 304
686 2581 2649 3178
300 1936 2535 3777
42 1507 2713 3645
1159 1470 3162
634 1517 1865
1239 3455
435 863 2041 3562
2542 2944 2945 3236
2115 2513 3602
656 2506
605 2444
2100 2112 4327
1704 2434 3808
229 404 973
1169 4115
973 1134 2442 2917
942 1673
1550 2522 4144
1903 3054 3426
1470 3191 3587
2057 2906
585 2139 2944 3644 4130
431 1501 2386 2776 2877 3162 4439
468 2088 2189 3513
207 1710 2638
2352 4272
196 199 963 2244 2807 3866
3559 4282
1206 2904
2826 4305
1053 2508 2764 3613 3792
2289 3233 3801
153 495 1947 2363 2917 3694
3491 4183
262 3578 4352
1562 3365 4108
3271 3425
2983 3730
357 643
1792 4118
1738 2187
700 1480 2520 3572 4239
710 2913 3429 4270
1930 3222
838 1940 3902
625 2623
376 1271
1367 1661 2358
1736 3671
574 685 1774 1778
782 862 1163 2908
438 570 753 1118 1238
452 2833 3885
947 1726
916 1349
374 3196 4269
863 3917
1527 3695 4150
162 329 4115
98 105 2867 3410 4064
1521 2178 3380
394 2736 3925
3647 4286
2969 3051 3447 4386
714 1420
785 2555
1145 3339
253 510 2432 2868
1459 1733 4024
2583 2678 2892 3480
1606 2054
519 2369
1519 2190
2411 3589
836 2043 3102
1577 3642
443 1658
265 2269 4070
1961 2922 3298
2546 3234
118 2128 2517 3811 3825 4240
1853 2150 2502 3394
940 2127 3201
3831 4028
1979 2761
490 3147
1088 3690
383 981 1479 2473
14 1646 2699 2848
7 790 3012 4402
1896 2374 2643 2700 3815
817 1359 1795 4192 4257
529 3101
3330 4074
2488 3362 3959
144 638 1525 2555 3009 3624
845 1415
153 1787 3980
1260 1853 3586
290 852 3616
522 2488 2825 3794
2456 2991
369 837 1991
2519 3035
1007 1228 4410
491 4336
806 2332 4060
2138 3227
233 2980
673 4014
2035 2632
66 3157
1265 1604 1749 2601
848 2398 2798
1610 2524 3473 3849 3955
981 2150
372 446 2282 3156
910 1740
976 4205
1058 2855
180 1666
96 1352 4245
1743 3483
2376 3289
650 817 960 2399
1592 2016 2160 4055
948 3054
320 3749
1447 4235
603 748 1414 1587 3748
810 3823
479 1263 4092
369 1310 3729 4413
2073 2575 3135
1314 1907
348 555 2509 3325 3534
2489 4232
338 641 3701
196 1777 3007
907 2345 3111 3168
2205 4349
837 973
553 2924 4371
266 3604 4180
996 1433
144 1206 1841 2891
764 996 4192
264 1110 2025 2153 3077 3350
426 633
804 2022
274 3881
231 283 469
69 192 924 1931 2488
796 1452 2543 2966 3847
725 871 1108 3191
830 2608 2660 4209
537 3011
668 1762 3649
712 2020
828 2077
2385 4334
579 1311 4240
278 616 4251
1149 2207 2270 2748 3181
279 483 3276 3724
1412 2094 2887 3345 3473 4339
1439 1708 4008
3003 4423
580 718
327 739 1650
86 1621 4059
1044 4209 4374
1001 3379
2568 3653
1327 2492 3480
3006 3233
1224 3184
2885 2970
1453 2511 2650
2468 3261 3290
1412 2040 2342 2545 4344
1462 1740 2858 3184 3214 3945
1457 4201
1245 2049 2288 3273 3415
2329 2759
1448 3362 4076
867 973 2587 2787 4150 4172
2428 3579
2578 3777 4143
1524 3958
1719 2236
430 3689 4228 4405
1265 1300 1828
209 228
2625 2641
2612 3438
1026 1704 4164
1599 2818 3547 4154
606 1762
697 908 2306
2002 4316
417 2088 3980
690 800 1932 2856 3072 3499 4159
686 1952 2437 4173
1797 3186
570 733
164 1426 3170 4353
1073 3828
790 1475 3971 4131
320 1837 2014
3645 3823
429 1501 1712
515 3106
579 1602 1845 3952
1948 3372
1366 2969
1237 2463
1157 3180 4392
1112 1305
1928 2286 2418 3873
927 1654
884 1795 2976
347 1464
1903 2172 2605
761 1544
702 856 899 1204
1021 2024 2254 3516
164 1208 1549 2065
1012 2787
2924 3280 3918
1889 2573
71 1557 2356 2609
632 1446 1791 3487
2127 2433 2778
688 790 2961
2214 3753 4139
2489 3599 3733
2324 3115
723 4008
3165 3248
41 1634
511 2822
280 1392
235 2105
4156 4267 4295
2771 3202
1793 2642 3078 4358
2057 4027
2408 3613
1296 2077
71 665 1075 2832 3540
63 1468 2287 2979
1045 1520 1623 2625
343 374 732
2489 2835 2943 3868 4319
879 3599
2438 3483
63 3755 3863 3874
318 1436 1896 2750
2186 2534 4392
540 624
73 1974 2615
2186 2204 2577
457 4279
1075 2861 2961
3133 3456
1585 3431 3537
159 904
1073 2815
993 2992
1358 2827
82 4213
59 2121 3663 3829 4079
149 571
2151 2162 2267 3433
1971 4285
251 828 895 1090 1305 1940 3341 4037
847 3575
779 1824
418 657 2891 4160
1161 2650 4409
222 591 1104 1464 2629 2792 2961 3680
3214 3383 3794
1141 1205 2117
141 368 1254
630 1713 4309
734 1343 1438 4228
1418 2517 2975
2871 3196
638 1767 1983
87 490 2779
767 2522
462 2952 4397
1175 2883 3924 4286
1619 3038 3652
140 773 1304 2019 3517
714 2224 3427
2136 2966
1702 2270 2377 2793 2891 3966
1245 1444 3431
1659 2809 3042
964 2816 3377
637 1493 2541 2741 3568 4282
278 1498 1912 3835 3957 4083
1291 1617
2566 3751
3569 4042
315 3849 3921
898 4346
369 2688 2868 3527 4263 4316
1652 2009 2552 4210
559 1104 1669
197 3148
141 1441
2623 3146 3914
1045 3942
3544 3811
453 2202 4451
55 66 1339
552 876
3730 4054
3594 3899
2234 3152
203 402 1874
431 1970 3351 3985
1637 2332 3433 3665 4323
3124 3301 4253
2110 4427
166 738 862 4430
1875 2194 3977
1168 1907 2499
628 3993
1122 1251 2083
1064 2620 4054
1610 1634 1894 2989 3891 4007
809 3935
2077 2837 3746
1283 1986 2253 2585 4184
98 757 2386 2797
1373 2023 2158 3437
441 2765
317 2350
3649 4213 4235
782 1176 1187 1374 3395
2231 3775
1454 2189 2384 2448 2506 3591 3752
1054 2166 4442
731 2438
1124 3821
518 677 842 1756
588 983 2162
1502 2781 3489 4054
890 2441 2901 2983 4370
1507 2092 3165
1128 1785 1975
539 838 2075 3002
3175 3550 4010
230 2791 3065 3918
2293 4355
445 903
2018 2455 2801
684 1127 1578
1422 1518 2950 3240 3891
74 3465 4187
1287 2946
315 2401 2624
475 3416
457 1009 1161 1386
1031 2188 2680 4064 4161 4289
2531 2849 2938
315 1343 1704 1724 2936 3508
2213 2635
517 1232 1352 2893
86 1401 2797 3885
678 1923
46 905 1143 3187 3409 3862
1558 3103
1395 3585
686 1129 2969 3428 3830
679 925
798 1476
1282 2177 2243 2293 4366 4383
892 955 1379 3408
435 2021 3001 3567 4312
997 1011 3214 4395
1222 3196 3288
946 1171 1835
1508 4436
2447 4242
58 2588 3687
2119 2744
259 358 1310 2646
549 1548
1522 3690
1543 2217 3296 3714
484 1046 3405 3499 4134
1169 1929 3505 4047
221 1291
1546 2681
350 2603 4211
1558 1600 2867
805 3332 3950
664 4162
1812 4027
1077 1979
2681 4145
1680 2310 3415
425 2546 3308 3808
201 1281 2004 4329
194 688 1043 2749 4362
236 1000 1921 2743 3147 4140
1004 2719 3152
733 2388 3316 3495
2012 2568
1136 3332 4346
3192 3945
1179 2928 3120
1568 1604 1738 3422 3968
1939 2773 3751
456 1054 2521
1080 3368
1249 1929
144 1847 3042 3145 4360
795 1756 2132 2251
1259 2312 3289
1778 3365 3957 4355
2536 4403
763 882 2003 2362 2593
703 3632 4298
2268 2496
2836 3146
2256 2443 4208
474 997
535 853 1026 3366
471 956 4367
10 2954
261 437
536 2500 3067
438 1013
558 2435 3678 3930
1623 2829 3876
580 1901 2664
1258 1898 2618
864 1096 3965
3227 4060
1908 3738 3997
958 4150
2763 3547 4115
1239 1346 2644 3449 3734
751 3587
318 3200 3361
154 2900
407 1775
752 1551 1888 2493 3193 3247
148 2067 2645 3064
3699 3794
1744 2627 2684 3170 3360
601 1320
314 868 1579 4445
1553 3186 3302
216 1230 4143
159 1493 1853
1916 2531 3864 3987 4241
2319 3858
1708 2587
1930 3063
1286 1528 2805 4131
1102 2785 3268 3404
188 396 2454 3038
1666 3156
3170 3291 3843
1172 1344 1722
1300 1460 3251 3836
1292 1827 3861
326 589 972 984 3998
261 1038 1635
1085 2283 2906 3535
66 121 4004
689 1322 1423 1737 2335
381 1069
680 3370
1489 2760 3244
48 534 1077 3238
1529 2154
524 951
3459 3828
123 3189
307 3131 4065 4163 4288
1372 1695
1238 2335 2962 3158 3374 3531 4361
1807 1808 1926
1640 2138 3733
1317 2404 3456 3996
943 1568 1957 2666 2841 3111 4205
2037 2327
2595 3176 4191
1666 3387 3551 3597
786 2345
471 1841 1845 1898 2131 3093 4413
1386 2067
2234 3532
1306 4281
200 1058 2254 3341
834 1150 1518 4033
257 1048 1511 2782
388 2500 4093
926 4092
1637 3044
1566 4076
382 3515 3962
871 2814
1947 2598
1467 2314 4119
1536 2853
2406 2734
1542 1989
2306 3707
436 3140
2021 2194 2779 3230
293 412 836
208 273 459 2740 4368
2577 3585 3901
1219 1309 1477 3009 3371 4203 4429
958 1260 1742 2570
457 1277
158 2864 3979
2326 3737
87 2751
1892 3060 4370
928 2773 4437
1393 1792
436 3934
2408 3344 3403 3661 3726 3823 4275
633 2785 3459
238 1637 1797
204 618 982 1279 1399 3626
311 1521 3887
2392 2621
2192 2952 3222 4336
976 2081 3130
374 1532 3025 3619
1367 2424 2566 3874
546 609 2377 3830
818 2438 3483 3553
3254 4188 4338
52 167 242 3643 4275
888 1576 1879 2248
90 1177
2720 2768
2331 4167
11 87 3916
375 1161
90 4397
1328 3207
2131 3439 3568 3684
104 2682
413 1177 1179 1688 1996
287 2879
348 2005 3740
2116 2128 2386 2925
1926 2266 2620
1446 2132
316 795 3674
637 1769
581 1984 1991 3346
480 1430 1785
793 1935 2368 2876 3001
356 570 965 3340
1717 3039
727 2595
1564 1871 2425
2501 2849
3375 3534
2082 2220 2704
1048 1619 3611
763 3933
1443 1780
2284 2591
894 4427
274 761 1227 1663 2780 3096 3808
475 813 2413 4018
906 934 3072
313 532 1071
3808 4293
3359 4041
3311 3370
301 2894
189 2327 3238 3432
1133 4230
3128 3983
2028 2204 4204
1041 3427 3428
37 3888
393 4094
408 650 2589
188 190 392 466 601
2352 3664
533 1520 1525 2619
3238 3761 4161
272 3898 4205
2403 2711 2740 2995 3363 3737
1159 1784 2060 2684
1825 2768 2921 4182
2806 3111 4115
271 801 859 1689 2716 3934
462 1341 1800 1949 3511
2891 3087 3279 3975
900 1490 1924 3648 4028 4181
154 1924 2966
1066 2926
80 777 4058
763 891
106 682 1391 3234
932 2392
2217 2510 2877 3335
802 1268 2603 3909
190 2717
1000 3821
388 871 1515 2446 2850 3994
1506 3544
432 3814
2949 3390
606 1701 3827
789 3820
554 2824 3540 4197
1331 1601 3476 3739
4060 4206
3223 3491
308 345 1017 2098 2700
1379 2015 2448
840 3648
1205 2136 3909 4204
2078 2477
46 3216
738 2190 3663
1420 1615
1 1171 1823 2215 3665 3840
90 1209 1749
2411 3720
3625 3685
2338 3750
1009 2024 2433
339 2051 4037
2634 3261
997 1917 3449
1018 2095 2203
2465 3495
945 2078 2112
486 1101 2365 2386 3367 3639 4007 4119
709 4384
768 1394 3588
2296 2309 4328
2078 3876 4119
1247 3751
649 1661 3921 4350
136 2732 2790 3018 3971 3985
2063 4344
3773 4452
542 1469 2276
897 922
1392 2856 3148 3585 3837
703 1534
1654 3263
2173 3426 4430
368 4267
2304 3187 3431
726 919 3948
390 1669 1955 2537 2685 3032 3474
289 2705 3052 3863 4084
128 2810 2826 3456
680 910 1540
257 612 934 1888 2066 2754
281 2002 4239
1033 3903
708 2075
220 261 1276 2813
1487 2441 3337 4185
933 2437
371 1107
404 4392
1852 2206
824 985 2595 3347
665 769 2067 3182
943 4111
2143 2271 2527 2798
289 1696
1278 2029
272 1664 2105
1799 3009
463 2369
2686 4059
525 1029 3800
341 366 1515 2448 4261
554 816 1601 3009 4377
1946 3589 3802
702 1799 3773
373 600 2292
795 4342
76 309 3692 3715 4270
402 1104 2903 3361
1938 3406
1583 3729
1197 2502
3123 3927 3985 4099
99 415 2444
440 526 1570 3884 4239
465 515 2904
397 4075
1929 2723
445 2671
1236 1245 3136
273 1402 1522 3236 3803
408 2356 3279
1803 2477 3119
3476 3960
770 1286 1974
1928 3834
1839 2507
348 992 3379
1171 1633 2570 3622
842 1388
1289 3972
1871 4241
416 1362 1441
1123 1196 2484 3178 3969
251 680 2823 3667
93 198 373 1730 3333
1154 2697
1851 2340 4182
621 1305 3392
2765 4418
2774 3265 3957
1933 1960 3191
792 3554 3633
2236 2844
2745 2751 3948 4390
326 474 1586 2062
2220 2421 2544
2249 2611 2910 3638
1187 2592 3081
702 2271 3992
249 3089
61 494 1150 3044
245 2710 3222 4310
476 480 1454 1850
198 638 2307
1920 1979
3637 3890
522 574 4405
42 598 1378
673 2480 4052
1938 3651 3922
83 392 851 1149
142 379 1103 2603
575 1955 2396 3690
1152 1926 3267
2065 2167 3427
1565 3284 4056
1888 3953
855 2297
1526 1852 2624 4212
477 978 2837 2848 3043 3850
1122 3362
2000 2833 4347
209 2137 2618 4026
1178 1849 2472
828 3089 3211
177 1434 1887 2010
644 3659
147 1783 4253
7 1334
681 1724 3983
1706 2555
876 1253 2575 3620
444 486 1104 1457 3569
473 3050 3064 3703 4216 4299
1063 2004
1030 3325 4200
2178 3504 4224
748 2325 2990 4031
412 1264 1907 2699 2923 3076 4053
1930 2784 3138 4431
86 1170 2124
680 935 993 2641 3685
236 1522 1625 3074
76 2522 3721
764 1987
79 3242 4096
2821 3352
775 2918 4137
658 790 804 3351 3943
3213 3554
1440 1779
241 723 2803
109 175 2544 4112
276 428 3729
715 2483 3370 4114
247 584 1464 1487 2321 2666 3339
289 1363 3395 4220
2893 4235
2492 2791
46 3684
1863 3529
238 1901 2529
2875 3470 4131
476 3065 4418
2075 4363
799 914 1306 1813 4322
164 1488 2619 3722
2121 2597 3929
1885 2453 3873
1639 4184 4449
777 4146 4191
1167 3638 4302 4423
652 2671 2853 3972
820 2616 3370
834 2893 2927
179 407 2492
95 1393
468 1472 2292 3027 3391 3967
667 4335
982 1243 2515
7 240
1536 3379 4312
983 4370
24 2073 4301
632 1425
223 254 1321 3108
1542 3620
110 1088 2585 2670 3366 3863
1314 3240
160 1233 3381
1727 3132 3832
1530 2787
1181 1241
34 4202
2482 3365
617 2048 3811
988 4007 4353
1727 2598
2017 3425
965 2803
1420 4088 4188
2225 2855 3115 3365 3799
349 1723
1060 1883 2113 2429
704 828 2967 4010 4406
319 3554
240 3926
695 2515
2480 3159
329 1408 1965
536 608 3934
1380 4416
2081 2512 2967
486 654 1454 2912 3053
2497 3580 3642 4225
1278 3787
1787 3673 4131
3242 3302 3678 3719
2421 2514 3050
834 3362 3868
2286 2411 3775 4018
1147 3940
55 304 441 945 1145 3227
1476 2318 2368 4191
2293 2796
3853 4135
541 678 1293 1726 2095
2593 3189
2408 3562
428 464 1068
1810 2396
618 959 1633 2739
221 1405 1878 2509 3190 4114
851 1767
753 1864 2750
1682 1926
2689 4323
173 3279 3624
560 2049 2079 3052 3587
1362 2642
830 1022 2305 4245
1333 4360
1704 3515 3519
322 435
1264 1355 1797 2454 4342
1410 1913
1440 2019 3502 3983
2813 3141
3343 3603
2075 2685
708 3735 3991
365 841 2414 2594 3508 4231
1611 1939 3956
293 2892 3003 3544
764 1780 3215 4353
1995 2325 3872
735 3642 4011 4184
693 1108 2162 2444 4239
179 556 1206 1826
403 4239 4281
128 1540 3059 3161 4155
140 1489
70 3862
1439 3128 3167 4077
340 2385
213 824 1641 4438
625 1193 1650
155 965 3488 3788
21 677 2352 3111
3931 4397
1376 4019
859 2720 2837 3878
1644 4022 4382
1370 1523 4410
2070 2560 4439
2824 3515
1191 1359
2142 2906 4341
999 1664 1932 4395
47 306 3741
509 1905 3685
85 1445
53 1672 4188 4250
195 1627 3974 4386
2210 3643
2885 2944 3126
832 1612
2138 3524 3555 4042
857 1242 2470 3147
1218 3766 3906
841 2408 3624
338 1503
1160 3560 4397
3004 4276
3689 4183
240 2819 3320
74 641 2813 3628
2037 2402 2577 3084 3516
1646 1997 2503 4368
559 2254 2305 2332 2961
716 2551
2148 3730
564 1341 1736 3903
798 3504 4221
2877 3389 3762 4412
52 1455 2393 2766 4290
1305 1406 2478
247 1546 3104 3411 4416
713 830 831 4164
2198 3012 3664 3990
2306 3858
38 1430 2333 3042
2680 2773 3063
567 3868
535 2642 3651
2350 3320 3340
2525 2645 2676 3050
635 3309 3739
613 3744
2315 2664
25 1652 1826 3549
1984 3227
300 1796 3625 3718 3859
308 1797 4105 4359
1256 4233
645 2549
2218 3059 4040
1099 4183
1839 3916
3381 3952
224 732 1248 4240 4346
5 1858
177 2484
1080 1676 4043
1796 2551 2924 3613 4247
1009 1897 3659
618 3244
141 277 740 822
1355 1853 2517 2949
1123 1955 1961 2702
887 2982 3046
372 712 734 1518
949 3594
1971 2866 4154
899 1079
229 1204 4060
354 3237
2166 2197 2715
323 1684 2225 3219 3635
572 3727
701 1122 1728 3029
1968 2425 2652
946 2341
51 3083
69 415 2952 3595 3807 4335
1567 2231
64 2854
528 1168
75 544 1686 3771
34 2329 2489 2500 2967
75 1048 1389 2534 2699 3544 3619
298 1117
992 1080 3463
336 446 1614
1044 1783 4196
356 1035 2251 3742
1405 3184 3995
997 1820 1882
92 417 1532 1798
264 526 1379 1679 2979 3273
1462 3911
3359 4128
126 2087
307 1271 1374 2118 2172 2339 2680 3558 4298
3411 3645
3647 4303
2477 2647 2919 4346
718 1834 2149
1290 2953
498 746 848 2426
2261 2464
714 4384
1334 3667
517 1520 1775
1141 1431 2015 2427 4124
2990 3408
1524 2896
722 3115 3507
1405 1595 1630
109 142 1694 1821 2972
972 1298 3454 4064
1762 3244
1395 2537 2730 4076
38 489 1101 2769 3186
599 1178 3993
483 2267
556 1474 2088
1042 2648 3936
384 1545 2627 4027
391 983 2253 2645 4343
1936 3317 4185 4323
1263 1938 2558
468 489 643
3979 4391
390 2286
1207 2478
246 622 737 1253 3997
695 1196 1459 2904
234 733 3284
1206 1727 4179 4415
1647 1816
502 2275
1705 2181
439 942 1876 2750
2820 2860 2922 3154 3537 3892
437 577 3091
2179 2511
1627 1800
271 2096 2517
1236 1925 2884 3919
1102 2276 3857
2086 3136
1496 1576
3509 4425
502 756 4086
447 1551 1819 3317
1026 3651
1473 1690 1722 3032 3211
1158 2803 4438
1219 1555 4097
1799 2645
1043 1316 1364 1454 3768
390 901 1605
2104 4076
815 1602
1099 2881 3389
1421 1560 2320 2511 4271
253 1617 2912
280 1306
605 2263
791 2024 3373
1733 3389
2422 4398 4422
124 488
225 2204 2384
461 2429 2912 3235 4354
506 1414 2369 4226
1058 2665 3996
4192 4256
496 1130 3017
1968 3613
1857 2350 2658
592 754
534 1211 1312
53 645 2938
2490 3771
1825 2197 3235 4147
61 1013
50 1381
663 2161 3468 3535 3915
998 1108 4383
194 796 4438
629 1836 2462 3069
889 1538 2522
230 782 996 2826
1689 2321 4075
2020 2499
2105 2658
1162 2036 2693 2793 3798
332 3962
1313 1843 3305
2395 3785
2878 3519 3677 4185 4249
1142 1277
1646 1680 2854 4345
317 2336 2702 3548
2648 2671 3986 4040
280 3754 4440
581 1208 2898 3168 3761
629 1015 1367 3848
1033 1517 2826 3495 3845 4199
1702 2338 3195 3854
754 1315
99 537
256 3771
1940 2587
3209 4353
230 1662 3463 3657
1155 1406 1432 2934
508 1551
264 1105 3722
958 1845 2169 2910
827 1167 3106
112 4233
69 1531
131 441 865 1463 3024
722 2041 2103 2848 3342
29 1425 3495
947 1801 1938 1996
2449 2776 3712
660 1537
383 3606
558 1990 4322
103 1015 1678 1943 2500 3562
711 804 2756
597 1811 3978
993 1392 1674
2248 2816 2828 3813
914 1443 3285 3687
2 381 452 558 3298
737 1860 2411 3335 3847
243 2143 3976
1369 1547 1568
820 1486 3101 3124
303 3689
2028 2862
304 1630 2560 2768 2894
1336 2144
1637 3105
607 3952
1010 3945 4369
58 605
139 1663 3800
1064 2026 2864
323 494 1208 1440 2596 3357
2142 2872 4407
556 1976 3810
2197 2607 2863
2326 4409
1390 2317 2377 2689
2825 3504
1200 3959
475 3195 4060
1066 2511 3190 3524
369 390
1502 3123 3737
2984 3512
2283 3548
662 1461 3808
282 3120
3166 3356 3366 3864
1786 2699
860 2055
1028 3203 3583
1465 1579 2361 4052 4287
901 1650
1855 3074 3497 3661
1549 2808
1354 1859 3168
1 2243 2459 4279
3066 3148
1312 3153
53 724 3838
51 2208
287 1621 2014 3972
1305 1981 2724 4176
1294 1394 3353
1622 1657 4352
338 3686
80 495 4339
813 1778 2552
729 2547
4248 4418
1460 2249 2843
1735 1941 3943
81 1295
1175 1787 1819
648 2525 3010
220 1099 2149 2160 2306
882 1745 2388 4092
1633 3509 4398
24 267 424 1092
2621 4151 4249
2217 4303
790 2935 3445
1254 1791
2230 3248
585 2505
3869 4120
115 381 890 1335 1896
1444 1706 1870 2332 3566
904 3150 3323
903 1696 1752 3234
2606 4288
625 2139
1118 3123 4233
315 2569 4173 4230
260 1438
24 2155 2207 2616
1483 2744
793 2218
714 1589
1224 2879 3150 4149
633 898
494 1596 2050 3370 4017 4073
1246 2743
1943 2567
452 1723 2369 2922
472 1197 1888
1517 3026
733 1451
1799 2275 3892
128 793
2852 3279 3455 3854
2095 2297 3897 3966
385 1728 4021
1089 1295 2622 3869
2181 3939
456 1667
566 1065
608 3013
1804 2472
2844 4104
696 1083 1239 1284 2737
729 1502
992 2482
1598 4328
715 4184
2628 3810
420 2415
3155 3348
2820 3334
1675 1805 2520 2959
503 675 1924 2006 4036
1417 2875 3921 3969
2744 4017
179 976
1855 2533
930 1252 2261
598 1941
247 882
3220 3865
808 3650
679 1496 2671
675 2285
508 2042
1698 2103 3179
856 3625
39 349 2467 3478
2209 3580
2331 3250
957 2106 2409 2665 2990 4399
2901 3884 3952
614 2419 2633 2671 4374
3334 4182
1243 1314 2464 3199 4265
586 2628 4416
1277 2173
886 1765 4018
40 1080 2860
2477 3977
1971 4298
739 2630 2761 3604
38 67 564 1941 3213 3565 4258
198 968 1754 3943 4438
967 1204 3017 3264
828 1335 1540
585 2767 3877
1870 3926 4097 4260
665 779 1420 1853 2811 3829
288 4103 4258
270 1043 1808 2842 3043 3532
2387 2710 3371
1224 3860
43 320 3079 3180
1646 1850 3859
46 4219
1020 1486 3808
1100 2264
2166 3351 3789
1029 3567
2373 4370
526 1417
419 2483
2373 2462
85 3129
1762 3820
1715 2127 3246
241 1101 1936 2633
74 3155 3337
1144 1430 1544 4001
357 818 877 1933 2967 3466 4007
1005 1156 3496 3739 4327
2839 2961
3348 3518
2121 3054
1682 2676 3613
206 1090 1935 4184
1058 2649
31 1042 1459
157 462 3555 3655
3448 4385
448 985 1379 3129
1444 1770 2250 3826
1677 4013
1937 2153 3295 3461 4033
158 2474
908 2079 3020
436 2368 3972
3002 3840
1535 3970
2766 3449 3549 4253
2299 2491
295 1889 2475 4232
1214 2021 2818 3556
421 1223 4383
2413 2916 4035 4250
1546 3232
560 1812 4047
431 3568
1239 1385 2023 2600 4287
1552 1585 2877 3233
2437 2981
475 1184 2046 4163
545 1137 1382 3900
820 2340 2918 3040
1505 1644 2085
960 2411
351 4260
515 3230 3941
909 1308 3666
3170 3742 3910 3934
169 1673 2684
99 343 3222
415 1117 2969 3359
2140 3332 4420
980 3564
668 782 919 4270
2504 3514
1328 3354 3830
138 2450 2930 3187 4124
1485 1985
703 4026
1488 2409 2646
24 623 1321 1325 1544 2443 3100
729 982 2712
261 2407 2659 3088
437 2023 4391
796 2244 4334
1425 3123
674 1898 3563 4325
2016 2260
320 1778 2332 3123
600 1471 1659 3031 3327 4267
1178 1252 1487 2404
2391 4265
508 794 3018 3419
1890 4109 4380
479 931
1043 1821 2930 4114
3622 3728 4400
550 578 1967 2055 2110 2132 2414
660 1820
2019 2185 4306
2540 2884
201 393 1038 2689 4171
3982 4013 4240
85 1011 2739
365 2051 2625
688 2382
1016 3118 3628 3976
162 1548 3302
5 1168 2377
161 1039 1773 2419 4351
949 3370
1148 1779 2494
1234 2081 3494
537 1623 2368
2018 3378 4119
1417 2086 2200 2788 3959 4229
1479 2083 2963 3420
256 1200 1914
3063 4262
2474 4233 4401
3716 3933
1429 1816 2245 3392
310 371 3421
136 2753 3937
487 909 4075
1289 1667 2975
14 3422
1537 1552
884 1349 2916 3087 3136
246 3613
1323 3773
834 1908 3866
1352 3272 3463 3908
489 2855
212 1030 1281
2651 4053
1656 1949 2893 3000 3917 4022
2330 2719 3317 3433
1414 4137
819 2147 3763 4282
1935 2375 3359
4281 4368
2007 2867 3621 4064
1690 2753 2983
137 1368 1475
2878 3213
724 3084 3155
433 2916
1302 1466 2002 2715
274 2209 4062
762 2033
2762 3893
616 1276 3893
3004 3332
1791 2797 4214
151 2488
3809 3998
1487 4237
96 1451 2854 2923 3011
241 1286 2114 2453
273 297 3301 3304
983 2345 2847
512 3182 3364
1801 2526 3112 4200 4233
803 851 2163 2585
1539 3796 3907
1699 1901 3394
1181 1307 3055 3112
306 473
3388 3964
561 1221 1993
2137 2774 3996
934 3216
301 3112
677 2898 2991 3217
537 990 1077
1534 3055 3385
1314 4418
229 274 2569 4305
2503 2619 4355
776 1296
2970 3861
454 695 3497
293 4342
1989 2421
151 319 507 3384
1051 4267
903 1086 1309 3693
952 1069
431 1369 4176
1650 2015 2494
566 2371
957 3347 3397 3917
218 3322
267 2010 2475
1324 2754 3758 4068
768 2511 2844
848 2274
905 1863
654 1045 1129 1317 4108
1719 2173 3659 4252
527 944 2200
3147 3690
748 1216 1357
113 1384 3800
1130 2699 3192 3675
1590 1624
756 1861
254 1703 3127
649 4065
2135 4350
2093 2467 4402
1342 1706 2068
2250 4414
4255 4258
378 3780 4263
826 4411
913 2089
40 3529
386 661 3901
2433 3504 4142
1415 4201 4451
227 912 2338 2436
192 604
639 1974
1752 3233 3457
2853 3252 3511 3735
118 3056 3121
661 932
2156 2950 3529
1033 2484 3579
133 269 1381 1723 2027 3432
710 1011 2459 3175 3812
409 649 977 4237
1064 3732
2366 3679 3920 4240 4261
1588 3408
3558 3616 4263
3 588 1017
908 1887 2228
196 4346
538 996 1377 1583
3021 3484
767 4129
164 329 1038 2477 2580 2595
1800 1888 2359
1235 2036 3730
653 1386 2017 2817 4225
1565 3196
2930 4342 4345
1599 2731 2831
1202 1249 2190 2833
644 1303 1787
1109 2861 3624
1587 1950 3204 3761
279 2086
607 1015 1897 4288 4434
276 723
1457 1508 3952 4066
1416 1893 2018 2517 2976 4007
3349 3456
1544 1623 3025 3284 4314
602 1688 2431
234 1377
87 2874 3012
766 4401
1512 2149 2632
1359 3046
247 1127 3928
2386 2638
992 2529 3403
254 1310 2215 3871
2603 2860
674 846 2814 3335 3607
381 1026 1807 4027
696 1118 4014
446 2202
462 4421
310 2559 2637
2106 2351 3196
288 1931 2898 2963 3375
1606 1804
1310 2335 3597
340 3573
111 2177
1841 2358
857 1005 1204 1407 3595 4096
942 3017 3348
2448 3032
146 536 1319 1909 2062 4448
34 438
745 1428 1859 3583
407 1046 2545
165 1821 2613
910 1407 1709 3280 4077
649 1439 2118 3040
1721 3326 3806
1435 3911
2580 3471
2069 3115 3459
8 1188 4405 4406
2456 3363
211 218 369 2422 2770 3908
754 3260
819 4252 4397
927 2089 3194
829 2227 2287
2144 3903 4082 4138
2979 4200
603 1886
717 1815 2075 2151
816 1978 1985 3804 4186
265 350 668 712 3128
118 1184
113 1679 2578 3685 3961 4111
1172 1362 2264 4086 4362
458 1914
456 788 2542
3492 3570
247 535 1260 1808 2021 2712 2962
372 2838 2848 4163
1688 3872
208 625
237 2936
495 1209 2734
679 3273
644 3597
2959 3636
271 1410 1492 3692
732 2093 2980
240 1988 2237
157 212
64 193 1005 1455
130 1076 3479
2128 4389
609 4340
907 2554
1812 4422
1140 2210 2219 2751
676 1807 2194
1570 2437
1032 2560 2970
391 1635 4244
2243 3754
1480 2132 2607
700 1316 1700 2380 3521 4183
634 1315 4183
270 1710 2167
183 435 997 1543 1760 2789
2263 4024
574 2621 3678
1721 2920 3255 3412
1654 1835 3965 4179
923 1149 2569 2912
1054 1093 1666 1803 2552
1278 1680
1094 1256 2876 3659
767 1384 4284
188 1276 3962
1088 1435 2563 4157
401 798 3134
791 1600 1876 2072
1452 2340 3385
1085 1416 1582 1600 3000
135 1402 4033
145 918 3845
181 555 669 2512
1368 1606 2243 2931 3664
40 484 1445
277 1162 1331 2836
282 1163
878 1286 1399 2661 3114
2210 2382 2559 2742
2437 2844
657 4255
568 1059 3153
426 1544
824 882 2661 4043
238 4238
1731 1932 3537
946 955 1144 2068 3573
789 1732
230 1435 2910
590 2555
4206 4342
890 1305 1652 1985 2307
180 400 3939
688 1715 3363 3635
123 2422
245 1357 1466 2354 3398 3606
341 1420 2097
2356 4347
2051 2086 4040 4266
906 1235
891 1801 2650
3937 4257
670 2406 3935
14 1884 2328
1414 4234
982 1593 2991 3638
2723 3367
1197 2833
1108 1429 3771 4070
3418 4219
16 3073
158 1512 1841 1950 2505 3557
349 968 1644
645 1622 2310 3367
1539 2416 3079 4357
39 2639
862 1997 2826
808 3061
412 1517
456 1009 3564 3830
3112 3392
1087 3716
2911 3796
123 453 1578 2450 3803
208 2220 4211
1134 3842
3574 3632 3657
1481 1505 1524 4032 4118
206 2756 3584
386 2165 2247
1717 2550 2642 3354 3912
102 143 937 1801
2377 4196
1868 2503
684 3656
557 1021
962 1377 3517 3686
506 4149
875 1648 3862
853 1845 3108 4034
292 459 2242 3986
1835 1924 3858
2572 3061 3662 3697
1740 3869
129 546
1605 2333
409 2470
891 3719
503 828 3133 3639
98 4364
2155 2351
1523 1888 4051
124 4187
701 2841 3637
1338 1356 1897 2842 4451
224 810 1506 1656 2205 3517 3929 4286
869 900 3611
2748 2843 3955
3041 3108
215 3557 4025
480 2337 2520 2908
2209 2652
986 1956 3197
679 901
3031 3601
652 3224
2040 3566
69 448 857 1577 2958 3018
819 1005 2791 3677
396 3133
2289 2540
238 678 1981 3003
1343 2507
762 2809
1321 2267 2940
842 3742
452 4177
1858 2874
1376 3883 3897
1225 1341 1969 3510
1364 1998
647 3341 3453
3739 3775
588 2997 3360 3753
519 2359
452 1599
434 1509 1726 3007 4370
3995 4153
1896 4449
2760 4112 4118
2820 3530
1384 1493 2038 2174 2624 2823 2935
2859 2903
973 1446
55 338 1293
74 296 3577
495 3462 3722 4085
601 1531 2459 2913 4447
225 2022 3478
254 601 1907 4421
781 2022 3921
443 1047 3438 4443
1608 1936
2688 2837
60 408 2681
477 4434
1599 2816 3139 4302
782 1052 3960
1313 4318
148 1859 2014 2511
2491 4389
572 2062 3772 4159
431 1582 4279
860 1707
602 1055 2513 3040
302 403 2810 3282 3370
3386 3667
875 886
1299 1304 2763 3566 3721 4319
3352 3948 4053
1 2456 2817
2503 3373 3538 4383
698 1152 2277 2443 3159
1175 1407 3501 3991
2735 3175
167 2401 2804
297 2285
1361 2146
218 2959 3201 4110
1293 2010 2267 2870 4054
393 2030 2712
729 2370 3955
213 317 3461
2317 4436
983 1768 2506
417 1429 2487
1327 1828 2371 3052 3656
351 854 3197
1286 4249
2245 3454 4179
3358 3382
45 90 1058 2269
962 2029 2854
276 529 884
3252 3642
619 3356 3793
945 2536 2643 3640 4151
526 2780
1202 2307 3289 3911
1777 3426
284 818 3708
409 737 1665 2163 4249
268 477
80 614 1261 2327 3597
1309 3671
655 1513
69 600 1036 3871
1080 1288 1874 2535
2459 3570 3973
2096 2354
11 3217 4358
322 828 1246 2843 3510
263 3868
90 236 895 3324
2197 2770
41 973 1619 2507 3127 3553
646 841
870 2042 2855
2280 3333
1034 4423
431 753 995 2096
3143 4105
2155 3986
586 2043
540 1071 2107 2536
2314 2730
779 2966 3612
820 1221 1225 3799
457 618 2562
815 1562 1578
1990 3751
1481 2512 4317
118 262 631 1892
1685 1707 2521 3215
1381 2099
528 2022 3468
1659 2161
58 465 3981
566 590 4072
2175 3773 4007
493 3959
3414 4036 4427
253 1951 2575 3405 4158
477 566 1636 2021 3289
2037 3070
1812 4347
1501 2006 3425 4280
1319 2248 2498
150 1025 1680 3535 4283
564 979 2082
610 1911
2047 2922
435 2112 2379
114 522 1498 2207
215 676 2636
4180 4288
426 1053
795 2728 4316
2118 3046 4058
1462 2506 2513 3785
545 1795 2301 2424 4333
779 1653
12 125 3042
1081 3833
1078 3583
133 1517 3179 3371 4361
274 2112 2681
1195 2597 2604
1312 4059
1029 3954
209 926 1695 2141
1227 3144 3231
129 1674 2328 2503 3926
807 1843 2773 3239 3736
1359 1841 2005
612 4052
280 2667
2543 2893 3299
1849 3505
2121 2823 3356
1991 3509
840 4215
484 2149 2535 3315 4091 4252
769 2827 4068
1343 3422 3525
1803 2649
1770 2987
274 590 3612
259 1405
2149 3128
868 1147 1820
2385 3484
1283 2626
1896 1967
1318 3120
2267 4139 4267
528 1351
961 1599 1743 3715
242 1778 3252
819 3196 3807
1408 3020 3192 3685 4262
1983 2802 3121 3690
753 1578 2194
192 1038 2330
433 3236
212 1095 3047
1117 1574 3894
622 4026
2235 2629
923 2954 3212 4342
242 376 409 3178
3234 3289
1005 2393 3648 4098
804 916 1142 1202 1293 3787 4294
694 1222 1951 2325 4275
665 1210 2284
243 1462 2030 2904
218 663 2959
290 857
1244 2858
609 2663 3146
61 1345 2582 2593 3046
710 3282
208 3452 4206
541 1659
206 979 3351 4028
1188 3103 3159
556 2163
2376 3243
102 1979 2767
161 3320
680 1792 3252
1823 3452
1043 2273 2656 3738
497 1644
815 837 1710 1914
730 1480
1454 2957 3270
29 3047
1383 4206
1526 2220 3508 3705
2305 4030
826 2452 4379
67 829 1996 3624 4103 4312
1444 1818
20 351 1288 2708
496 827 1390 3917
278 771 1621 4178
2135 2200
1830 2196 2318 2914 3468
973 3998
2876 3762
1500 2056
511 955
1952 2709 2785 3861 4396
363 398 2372
1230 2337 4006 4270
755 3059 3534
1757 2887 3496 4272
2440 2798
1276 2919
1540 3984 4435
1256 4025
791 4117 4182
1883 2682 2775
123 625
2054 2571 2946
2752 3073 3270
19 631 1248 1470 2371 4253
2835 3507
269 1258 3242
831 2315
1116 1725 2744
1402 1555
1093 2258
241 656 805 2596 4081
297 1774
519 1681 3758 3853
132 408 844 1455 2419 3245 3410
3612 3950
1725 4395
663 1366 2032 2047 3337 3712 3878
1159 2767 3231 4197
3 826 1894 2111
191 1182 1199 2644 2917 3152 3566 4152
529 776 4434
1546 2525 3764
454 3673 4187
573 594 3034
864 3552
6 792
282 816 1769 2905 4028
154 3900
3344 4316 4386
458 1358 2652 3117
231 1015 1314 3403 3710
621 3318
2161 4033
2356 2612 3715
2634 3678 4161
30 474 842 1682 2848
255 2852 3289
1026 1735 2178 3412 4245
255 2039 3006
1580 2524
2389 2584 4273
2363 4420
1783 3829
211 3537
686 1576 3243
723 1065
89 2488 3073 4031
1228 4002
848 1189 2440 3729
255 412 3603
163 3049 3846 4315
538 1287 1994
783 1405
1846 2342 3899
1514 3025
1252 1632 2867
248 2828 2938
4050 4270
2627 2910
120 2075 2944 3823 4289
897 1257
1188 2084 2495
1128 3653
135 1349 3354
118 2901
312 361
265 1158 1170 4114
91 1983 2083 4261
1810 2480
450 2550 3213 4052
2295 2638
578 1925 1974 4212
605 2078 2165 3827
1207 2666 3820 4383
1605 1863 2932 3683
2447 2567
687 2394
3165 4003
1181 4433
2063 2116 2580 3203
2117 2847
383 386 890 1818 4257 4446
139 3284
4055 4190
1516 3221
296 937 2722
624 1543 2382 2725 3111
3419 4228
2601 3469
448 866 988 2482
39 158 377 1080 1752
1691 3311 3736
2697 4158
678 1170 2403
1546 3293 3554
994 1750 2373 3358 4372 4418
1828 3025 3604
953 1257
312 4262
1312 2062
1807 3002
1401 3297
2339 3063
468 1404 3589
2048 4395
1688 1923 2269 3625
1909 4334
3344 3656
2698 3556 3722
653 1005 1089
699 1822 3293 4237
1263 3149
1127 1761 2412
62 126 275 1830
999 2973 3516 4264
3332 4303
664 2040 2865 3535
1229 3220
2110 4221
378 1294 4398
267 1484 3229 4410
481 756 3460
979 1730
243 758 1247 2749 4173
2617 3081
378 2521 3272
491 2011 4073 4095
1425 2353 2740 3401 3468 4319
1054 3533
161 300 3334 3394 3691
2231 2369 3296
1657 2489 4427
1184 3997
1182 1718
591 1509 3598 4034
1192 4136
646 2327 2763
323 531 1026 1275 1834
3159 4146
456 4026 4186
748 1314 2568
1290 1470 2757
2847 3193 3365
2885 3722
278 2054 2219
875 1839
1237 4378
1504 1802 2992 4264
37 1724 2069 2753
264 1484
1629 1715 3386 3883 4325
333 1978 2803 3611
1513 3890
526 3141
91 2301
396 867 2587 2642
657 2843
18 2745 4215
1042 2761 2926 3871
2087 4171
1885 2868
41 545 2532 3864
369 987
1190 3686
652 3065 3716
787 1126 4336
788 1305 1853 2870
1362 1405 4238 4261
128 501 1121 3124
2985 3642
88 542 1959 2829
432 817
2050 2125 3112
89 2115
601 1924 3124 3558
572 1370 2274
2331 2799 3722
231 1793
480 2141 2955 4263
1893 2379
765 4449
2040 3248
1089 1441 2767
408 2542
3282 3771 3824 3930
518 545 807 1209 3438
1134 2488
392 736 1780 2020 3922
508 2361 3570
13 117 975 1709 2341
667 2276 3484
1403 1952 2185 2261
891 1017 1610 4101
142 1439 2434 4053
2742 2843 2881
403 798 2861
2321 3225
702 1232 3971
530 3213
831 1923 2733
734 2911 4174 4361
1368 1845 2584
99 180 264 2920 3496 3802
999 1037 1691 3024 3347
1008 3108 3202
66 1263 1463 1939 3751
548 3616 4370
395 1498 3575
2030 4323
34 418
50 3690
11 384 1781
2630 3643
1663 2719 2917
613 3967
75 1156 1898 2506 3672
928 2406 3279 3427
56 3835
974 3003
430 828 3078
874 4185
2643 3509 4440
1395 2820 3464
1136 1273 1726
1851 4302
288 1449 2773 2966 3088 3245 4212
710 2988 3187
2655 2713 3448
61 2406
605 2940 4087
2826 3871 4410
1135 2600 3319
2112 2864
81 3241 3711 3929
743 2944
665 1010 2179 3340 4098
2256 2645
562 1004 1030
787 2066
2229 2388
213 1597 2744 3843
2034 2752 4054
2543 4079
142 4144
713 1532 3575
473 2533 3126
1064 1118 4346
1228 1236 1953 1958 3373
384 491 2808 4325
1843 1860 4353
1658 3401
1367 1414
899 1162 1430 4097
2381 2657
1344 3152
1271 1350 1572 4080
526 1518 2002 4316
528 3050 3455
1255 2016 2139
1308 1590 2379 2893
118 232 334 2667 3146
224 3338
1679 2077 2798
934 2615
400 2209 3108 3901 3982
1383 2885
2261 2849
901 3502 4049
1560 4214
2351 4422
1997 2297
3431 4390
1592 2996
667 818 1982 2364 2696
1788 3188 3243
176 1522
878 1736 4070 4182
2291 2976
2344 2499 4308 4403
220 311 4010 4419
4 944 2429
1481 1685
762 1174 1950 2749
2668 3876 4261
1001 3661
1038 1766 2783 4180
147 495
2338 2715
1356 2690
43 1286 1772 2393 4322
2026 4133 4415
1800 2398 2414 3199 3336
293 2786
123 247
2331 3860
992 1077 3640
1675 2502
2668 3241
925 4049
50 119 3315 3606
151 286 3351 4083
164 2104
43 1366
655 1450 2392 3481
52 3710
872 3309 3657
2690 4333
192 663 2430
2521 3620
2056 2080 4444
783 1497 2585 3136 4043
718 1610
1419 1717
3239 3270
574 2999 3293 3453 3705
3005 3419
1873 3730
1215 1245 2733
359 704
127 1577 3374
2167 4008
336 1894 2760 3937
2036 2559
562 735
435 2751
1608 2361 3159 3772 4337
1716 3814
1457 1583 4413
661 1804
776 3107
1600 1976 2513
1143 2174 4096
1318 1399 4346
531 1384 4163
555 1447
138 2216
1028 4298
3767 3917
1528 1710 2057 4342
102 442 2188 4330
620 632 1990 3333 3733
3038 3423 3605
120 1019 2188
565 592 791 1134
2290 4396
3453 4395
645 1784 3732
696 4392
1726 2853 4298
187 2403 3999
139 997 1695 1980 4025
1438 2640 3179
92 703 902 1527 4362
975 1537 3352 4216
1427 2758 2960
513 1996 2382 2762 3199 3255 3840
1781 1816 3081 4019
922 2449
13 322 1967
986 990 1526 1935
278 364 3096
348 1989
63 283 945 2992
1045 2557 3108 3210 4185
1213 2034
1472 3327
705 874 2252 2509
209 617 986 2111 4034
916 1930 2052
486 2869
752 818 1709
1970 4188
1546 3133
1736 2164 3540
2081 3405
2011 2688 4361
1666 4409
802 2222
733 878 1027 2210
3489 4438
343 1781
422 3468 4221
1484 3531
316 2365 2460 4056
1937 3253 3512 4282
800 1287 1978 2391 4124
565 1189 2527 4186
2645 4216
1365 2117
27 2079
171 2402 4190
224 465 2640 3133
3078 4163
744 1758
2311 3708
2819 3332
286 497 1266 1702
2534 3222 4360
1162 1443 1854 3620
550 2840
536 878
105 804 1241 1246 4265 4408
2985 3514
536 1933 2020
1050 4201 4315
2002 3736
892 1063 4208
59 113 1443 2506 4092
3496 4174
521 3757
2369 3208 4433
706 3429
1191 2456
1229 1863 3702 3761 4107 4369
471 2864
2099 2331
808 2893 3184 4355
1905 3257
1489 3497 3988
17 1321 4112
897 1428 2507 3140
617 1258 1308 1642 3234
1110 3456
653 1130 1282
1093 4213
1454 2026 4400
1779 1846 1853
355 1186 1333 1796
2070 3666 3759 4108
83 4208
316 3417
960 2207 2552 2982
934 1258
900 1870 3311
628 1308 2218 2971 3858
222 761 2520
2967 3474
645 2563 3832 3884 4007
2610 3171
2025 3680
2742 2751 4295
1531 1948 4118
81 1446
1514 3473
1572 2059
1220 2557
903 2099 3656
1829 2936
813 3411 4154
2651 4333
2443 3465 4280
1705 1755 3687
1161 2053 2795 3763
602 752 1866
200 2660 3296
1934 4418
33 261 1149 1548 2113
1267 3910 3914
1123 1882 2688 2990
394 3150 4000
2692 3561
2129 2259 3325
188 253 341 1011 3237 4256
794 1034 1486 1956
1522 1900 2587 2780
661 4062
315 2493 3860
448 2618 2625
560 2800 3040
828 2063 3188
186 252 976 1313 3560 4131
497 2581 2861 4435
1373 1826
1681 2819 4106
2120 2994
47 1208 1573 2608 2963 4105
2458 2828
147 891 2253
592 1338 1343 3363 4313 4442
2145 3233 3621
133 771 1582
2084 3535 4103
1906 3078
439 1189 1503 2062
477 1764 1944 2990
114 305 1282 1357 1804 3154 3388
1967 2382
353 1717 2102 2271 3377 3874
2995 3777
1912 2211
3646 3780
1061 1386 1430 1509
842 1679
540 1479 2312 3157 3288
1270 3253 3511
386 1522 4292
570 3893
1240 2799
2141 2875
1369 2017
1999 2772 2776 3825 4225
145 2381 3785
1363 2234 2674 4238
988 4039
800 4075
1243 1476 2398 3201
2616 3253 3696 4306
504 3094
106 1533 1670 3134
518 2435 3601 4072 4247 4429
2397 2985
2678 3029 4448
65 124 4302
2796 3261
1716 4352
1065 1661 2797 2830 4091 4417
463 3053 3276 3329
1950 3385 3933
1894 2142
2708 3913
2837 3079 4136
1537 3358
254 1607 2444
1622 2916 3508
191 2371
1165 3115 4135
1232 2077 3569
527 3203
585 983 1418 2151 3749
2526 2666
3283 4050 4364
1839 2321 2920 4305
683 3027 4046
3837 3879
292 3051 4112
199 878 1404 2079
959 2063
1964 3663
1148 2078 2198
130 2126 3119 3490
3395 3495
1866 2171 2714 3104
337 1532 1824 3921
295 803
429 600 657 667 756 890 2216 2250 4069
407 1994
1230 3941
55 326 4230
87 832 884 1009
19 1889
3401 3735
1517 2554 2816 3345
2351 2583 2753 2843
656 1291 3015
617 2346 4340
97 2852 3529
1313 1667 3836
774 2839 3595
1236 3199
880 903 2998
816 1760 2310 2906
3189 3207
2183 2194 2823
1108 1664 2593
1524 2740 2911
1903 2293 4393
1482 2877
467 863 1767
187 199 362 421 684 2546
1909 2099 3540 3679 4277
434 1130
2328 2491
613 1273 4113 4306
394 1016
1722 2203
2341 3322 4335
940 1470 3095
173 816
2101 3501
570 4075
592 1472 3924
255 2981
595 1417 3708
3150 3498
1198 1532
2590 2824
31 1003 2399
3646 4293
423 1209 1730 2564 3335
2776 3731 4299 4382
1909 2091 4048
919 1335 1742 3923
2921 3913
13 2898
3360 3396 3878
738 1084 2070 4214
998 2913
169 2576
1706 3052 3542
1061 1195
343 954 2618 3179 4431
1508 1754 2971 3564 4255
1760 4026
503 2654 3333
68 86 499 1742 3547 4382
942 1402 2283
1495 1611 3043 3591
1328 2279 3219 3542
57 882 3190 3976
1897 2278 3069 4052 4059
1775 2964
64 1072 2567 2861
139 905 1611 3650
209 944 2305 2675 3066 3713 4079
1169 3002
1308 3617
1187 3826
457 3872
409 714
2 3293 3657 4228
4052 4186
2254 2739 3891 4361
1390 2203 4258
2831 3946
400 1368 1758 2120 2327
2064 2191 2614 2733
1604 1629 3235
854 3747
2025 3362
1457 1701 2065 3264 3399 4431
1906 2636
819 3094 4023
1718 1806 3775
3171 3400
895 937 2274
2310 2335
206 1722 4139
358 2576 2835
456 1168 3519
166 409 3510 4430
395 1974 3609
731 2599 3742
1493 2006
276 895 4407
1417 1567
1843 4044
2257 3918 4198
3387 3643
2042 2524 2747 3995
862 2678 3761
1035 2055
2184 3134
957 3017 4327 4335
3550 4351
2604 3490
2084 2441
72 619 1090 2474 2907 4234 4303
401 2325 2962 4170
25 1560
2630 2768
584 1220 1635 2246 2954
587 710 1062 1494 1709 1899 4283 4374
116 3237
1623 4162
1269 2390
868 1481 1506 3882
523 3760
465 1044 2293 4406
1232 2306
734 2261 4161
655 4126
2774 3993 4420
444 4271
83 1657 2018 2353 2527 2598
258 1182 1813
16 263
579 3930
935 2097 3244 4000
384 4364
398 4286
1134 1993 3991
2323 2784 2844
827 2953 3429 4214
191 2470
873 3638
759 2061
515 1525
706 3970
41 678 1070 2600 2641 3387 3659 4417
1799 2154 3000
2297 3214 3456
2409 2469 2711 3920
1005 2429 3163
3437 3469 3909
1327 3123 3421 3876
146 2982
1002 1032 4310
2784 2920
1469 1914 2116 2307 2414 3836 3969
651 3072 4003
1109 1660 2218
2588 2703
1453 2313 2744 3686
644 745 2402
485 2114 2810 3828 4177
1450 3080
267 1917 3003
984 1610 1771 3244 3273
2420 3256 4233
307 693 2212
1071 2279 4309
694 3102 3983
3590 3739
2534 3192
3044 3377
2202 4100
1551 1597 2433 2506 3652 4261
963 1355 1780 1964 2944
822 1309
9 925 2018
693 924 1021 2053
13 177 1905 2042 2384 4062
1001 2758 3927
2 1871 2036 2309 2930 3384 4334
470 1319 2357 4028
1942 4192
3304 3604
199 213 1517 1520 1712 2469
439 1399 1943
1112 1525 3330
238 1078 2285 3274 3374 4167
302 1023 1847 4250
2201 2592 2782 3399 4165
362 2128 2934 3298 4066
651 1601 1811 1845 1852
987 1051
204 2043 3899 4165
2871 3914
2430 3482
1735 4144
1735 1973 3777
662 2016 2820
1468 2088 2861
591 2492 3777
727 871 1771 1885 2169 3924
1336 1620
404 2603 3829
1775 4369
2441 2767
3261 3443
201 811
1252 3591 4397
1734 2895 3123
969 4257
38 708 798 2585
1489 3029
379 3847
1285 1730 3514 3687 3848
1417 2181 3539
872 1021 2281 2873
516 902 1191
2902 3179
13 1741 2442
1132 1392 1585 2365 3037
151 1486 2023 2341 4418
1579 2834
1385 1776 4255
706 1226 1661 2513 2697 4331
1242 2241
919 1278 1282 2733 2988 3679
469 1453 2738 3876 3898
2012 2393
2013 2060 2577
1236 2931 3460 3506
365 3413
2944 4063 4449
1340 1783 2152
2282 3630
2135 3945
615 2516 3171
675 2218
222 802 2567 4440
579 1576 1644 2723 3512 3890
1141 2712
2763 3725
371 4371
459 3212 3244
2505 3340
376 2089
945 1634
1684 1879 4234
2464 3569
1621 3132 3496
1124 1308 1484 2560 3020 4149
914 3179
431 3229 3571
1149 2045 2350 3898 3928
949 2119 3616 3639
2101 2180 2292 3452 4244 4396
1779 1830
2119 3481
451 561 953 1232 2227 2410
479 608 1211 1260 2276 2568 3695
102 436 2364
3119 3733 4322
560 993
629 1679 1816
1235 3239
868 2949
263 685 1777 2293
302 2160 2720
1237 1897 3672
1403 1419
110 3340 4103
76 199 218 1162 2978 3586
507 2503 3500 3775 4215
1590 2054
1993 2069 3359
1793 2513 3498
1452 2954
1710 3788
448 614 2819
67 115 1224 2716
922 2095
2657 3276
279 486 1174 3481 3713
2274 2383
869 2323
517 1511 1533 3171 3403
1281 1773 2640 3377
11 1184
710 1349 2021 3550
2205 2748
242 4182
1537 3052
2777 4141
1013 1099 1593 2700
596 1119 3300
259 367 1143
127 567 2746
2616 3806 4253
3619 3962
3141 3278 3826
777 1566 2306
475 985 1847 2673 2701 3893 4050
320 997 1561 2130 3632
124 1408 3484
882 3975 4319
1474 2017 2408 4375
263 1113
497 2589
3536 4051
787 1350 1907
127 579 2054 2421
978 4162 4397
38 1492
2137 4394
1974 3088
95 1065 1086 3869
3209 3929
288 406 1271
103 910 1795 1862 1944 2260
253 2974 4339
2817 2859
21 1356 4179 4240
832 1778 3470
754 817 3352 4134 4303
1971 3293 4442
185 1904
875 949 1339
867 2146 3401 3514 4214
587 1728
396 2072
476 2707 4198
165 3163
1200 2524
3355 4049 4438
719 3079 3988
152 944 4267 4399
636 1608 1675
1413 1442 3571
646 1532 2703
1089 2077
1999 2837 3286
49 685 2370
1013 3027
1459 1978 2186
84 654 1245 1928 2224 3043 3715 4088
133 2138 2714
3003 3652 4220
1543 1584 3008 3441 4383
1802 2163 2809 3737 4262
561 852 1894 2141 2507
3695 4228
2394 3436 4096 4160
919 2350 2474 3403
481 942 2615
147 1859 2170 2892 3062
120 540 1796 3647
216 1243 2726 3255 3594
1552 2584
46 1146 1355 1486 1644 2371 3299 3414
1526 2391
537 1839 2646 3858
39 776 3706
680 1904 3722
2060 2842 3710
1106 3438 3481 3835
2778 3179
754 1359 2243
2853 3528
1413 2352
233 4112
834 2132 3659 4056
865 990
366 1878 2969
406 4218
86 1424
393 2461
670 2505 2982
1168 1213
664 1121 1833 3338
2131 3832
2208 2448 3314 3800
238 3078 3975
2035 2887
907 1711
2273 2384
102 4351
1889 3399
2795 4220
166 210 3858 4083
415 2712 2898 3945 4287
870 4344
1162 2918 3459 4410
1045 3549 3915
2120 3038
266 2317 2695 3420
3588 3851
1337 1423
2824 3929 3978
1130 2029 3384 3633
491 3059 3482
25 575 3238
532 2018 2970 3192 3677
1188 2159 2568 3931
996 3411 3837
2041 3791
1789 3941
1516 1668 2100 2711
953 2891 3603
865 920 2766 2799
985 1428 3068 3829
4224 4446
612 3001 3384 4413
1594 3081 3177 3701 3754
307 1528 3937
1746 2239 2617
19 304 680 987 1497 3281
2477 2677 3035 3718 3985
313 2131 2210 4171
128 674 1625 2541
1822 1832 3467
481 884 2282
781 3650
2848 4406
585 2437
1998 2575 3476
1383 4430
220 804 4083 4356
1656 1937 2476
1486 3567 4421
873 3177
2168 2490 3539
1242 2464 2673 3940 3998 4294 4384
250 915 1178 1373 3402 3805
1300 2878 2962
870 942 1452 3315
1394 2156 3509
986 4154
1400 2683 3329 4181
1071 3689
2992 4236 4316
928 4181
1175 1674
389 2751 2930
2662 3085 3360 3941
2724 3081
1771 4010
682 738
949 2449 4186 4192
365 1741 2568
764 4180
17 3740
148 3018
329 334 507 521 2325 3563
1093 1907 2060 3069 3711
726 3527
1258 1511 2452 3096
590 3644
662 2561 2836 4326
1730 4119
231 1172 4349
160 2261 3882
935 3160 4272
3883 4322
180 298 739 1692 2142 2388 3438 3733 3807 3944
1775 4281
1195 1497 3214
1662 2953 4128
2324 3242 3707
8 303 937 2153 2259
538 2948 3044
1129 2820 2972
4095 4239
464 3401 3847
383 509 1149 1512 2719
2168 4288
1635 1805
195 1107
427 583
2659 4138
865 2282 3149
527 1576 2299 2458 2952 4282
1841 2422 3832
1341 1487 2346
637 3016 3387
414 1527 3118 3956
2484 2981 3075
1147 2752
1540 3093
497 1908 2224
606 1163 3820
2148 3122
194 3139
2040 2505 3256 3300 3754
1140 2502
39 1782 3522 4097
959 2339 3601 4215
1634 2167 2912
2522 4336
539 1686
83 1175 4138
42 2286 4362
1001 3567 4153
765 1899 2015 2064 2723 3386 4235
1460 1640 1923 3817 4372
766 1206 3392
2019 2982 3439
2025 4447
3546 3911
2885 3827 3957
340 1061 1394 2159
15 86 1872 1984
926 1992 2178 2467 2864 4256
264 1892
3313 3375 4203
642 3002 3243 3414 3815
700 906 1379 2728
756 2082 2662
2970 3952 3978
2096 3495 3744
632 2703 3342 3785
1925 2037 4151
2078 2310 3253
1534 2799
71 3256
1632 1992
1536 2261 2574 3646
2101 3636
794 1661 3524
582 1604
1421 2095 2203 2471
1727 3194
759 4119
524 1066
3433 4447
1404 4054
901 3644
2638 4003
109 2814 2817
883 2500 2518
2284 4221
235 840
1830 2307 3430
1448 2414 3684
671 762 2102
3185 3239 4215 4271
481 1777
2638 3814
403 475
47 1020 1995
473 1759 2684
980 2033 3422
2063 3247
1016 2179 3288
728 1978
170 3225
21 1163 3227 3754
967 4265
1809 3156
2387 4447
422 969
827 1605 2378 3717
2110 2861 3179 4229
1056 2785 2966 3419 3446 3530
132 341 604 2273 2868 3058 4272
2959 3385
1352 2180 3328
25 1344 1408 3106
2494 2660
1952 2535 3006
2515 3366
15 1498 1609 2960 3492
4212 4223
583 3820
1577 2145 2573 2891 3936
1360 1923 3273
817 2050
1502 4158
1868 2139 2930 3443 3916
1432 2599 3300
2954 3077
1159 1341
1805 2587 4391
926 956
2393 3920
858 1180 1215 2000 2082 3973
339 505 805
2154 3092
2660 2673 4204
2643 2895
706 2897 2916
315 3213
2182 2321 3008
1560 1706
717 719
752 2030
181 1295
240 3527
338 1287 4423
1459 2973
3376 3686
899 1123 1149 1656 2461
326 1646 2920 4077
1271 1951 2163
640 1243 2333 3574
701 1986 3314 3536 4432
1514 2273 4093
900 1206 2650 3766
403 1758 3700
1969 2248 3631 3746
838 2641
1366 1664 2056 4407
1242 1977
1450 3628
222 3037 3627
909 2211 3219 4260
4101 4264
3283 3313
521 3375
1350 2536 4192
23 383 503 3203 4197
2146 3184
2702 2749 3028
1608 1723 1956 2679 3944
674 1172 1787 4111 4232
1130 1629 1844 2219 3537
101 934 1411 3561
611 1128 1218 1462
323 481 674 1308 1376 1446
1872 3906
1680 4244
1527 3057
2673 3175 3899
302 993 2052
1238 2021 2789 3281
1001 2266 2970
855 1412 2721 3387
2494 4212 4451
1504 2581 3612
1245 1429 3740 4313
1413 2009 3874
1622 3748 4264
343 682 1680 3578
1806 3428 4051
635 1155 2244 3694
1268 4243
1954 2813
43 2429 2613 3613 3741 3921
395 1476 1900 2008
2137 2504
3646 3843
1745 3069 3489 3646 4164
1927 2588 3086 3447 3975
1004 3781 3834
1353 2890 3042
1052 2618
701 960 1363 1704
1780 3556 3832
2542 4343
288 603 1320 4435
1940 2638 3165 3455
3199 3616
545 3966 4083 4198 4412
681 1429 3411 4193
685 4311
1392 3922
816 1097 1950 2144 2876 3025 3188 3696
29 662 2543 3957
1073 1723 1951 2339 2935
66 3311
2249 2670
1183 3049 3333
139 2605
1707 3914
559 1293 2754 3975
1894 3236
127 1112 3987 4229
927 3443
2352 2462 4137
239 323 2700
893 1015 2749 3595
1725 3074 3253 3850
55 3109
3439 3962
1450 2897 3170 3915
1192 2221
1102 1561 1649 3583
1140 1536 2573 3190
840 1978 2011 4114 4275
903 3677 3853
916 945 1466 2151 2872
151 1658 1699 2104 2770 3559
81 2151 4064
1871 2110
610 3018
204 880 959 3219
1184 1552 1593 4141 4335
1623 1949 2254
773 1621 3189
2155 3549
1771 1833
425 456 2984 4297
1695 1746 2746 2988
631 2337
465 1633 2477 2767 4089
2471 2762
666 3218
3126 3235 3459
637 769
1063 1106 1644
702 2592 3063
265 3147
3286 3821
177 525 718 963 1445 1667 2867 3255 3844
2188 2910 3654
1826 2437 2442 2800
204 1542 1726 2836 3096 3911
2231 2792 3317
2096 2662 3231
1625 1864 1938
152 1339 3822
3174 3966
285 793 2059
1262 3087 4167
904 2117 3560
1265 2235 3467 4173
2854 3024 3662
1633 2303
3676 4198
433 1463
757 1187 3418 4348
953 2099 2645 3703
451 2737 2883 4147 4441
813 3606
745 1286 3574 3666
578 1091 1234 2636 2713 3550
3149 3832
61 1515
557 2435
1394 4311
529 1724 1753 3096 4368
55 2763 2885
405 3170 3639
1173 1919 2506 2741 4169
1172 2441 2599
2351 3506
2421 3707
24 415 664 1070 3188
204 3754
1399 4380
547 595 1118
1825 3449 3474
218 2576 2625 3221
2978 3006
922 1935 2127 3263
1169 4344
3351 3464 3709
265 2661 3703
892 3326 4313
1884 2965
1377 3606
659 2200 2595 2924 3066 3712
1199 2934 3230 3693 4450
377 1034 2844 3846
2338 3715
246 483
2227 2419 2430 4230 4313
743 1445
146 796 1114 3846
25 1773
1078 1545
1110 1907 2035 3938
2148 2258 2469 2514 4254 4256
51 1123 1320 2472 3577
2313 3367
1759 1959 2471
49 306 2859
825 2137 2247 3744
1063 3448
351 471
861 1366 2382 4191
628 1129 1683
12 186 3001 3919
700 1420 2828 3340
439 1938 2972
2327 2507 2667 2939
2818 3516 3997
1097 1537
42 226 2110 3392
155 1160 1577
3367 4158 4231
1981 3196
1192 1703 1818 3977
1159 2249 4335
698 1038 2887 3399 3794
569 1044 1308 1819 2443 3715
341 507 615 1760 4412
2 1132 1424 2406 2733
515 904 3228 3972
1528 1793 2071 2447 2721 3674 3768
1500 1877
540 4380
1273 2071
2496 4177
475 601 2314 3868 4334
953 2022 3481
620 941 1864 2559 4059
577 1063 2029 4180
939 1372
1038 4291
3302 3776
800 956 2839
1887 2076 2497 3943 4072
1594 1908 1970 3507
2460 2934 3327
1558 2435 3893
180 1381 3079 3102 4440
570 1820 3830
83 639 2408 2999
307 1640
1621 3986 4349
2188 2378 2450
3336 3372 4266
281 1425 3408 3536 3840
679 2155 2385 2936 4256
2198 4076 4176
1410 3714 3991 4191
2650 3964
288 590 1740 2729 3359
2564 3737
895 2357
2863 2952
2783 3410
1513 1898
327 1919
446 1174 3684 3812
186 370 430 2182
2979 3429
384 1956 4405
2875 3664
388 848 1767 4037
1808 3223
2260 3125
1168 1312 2800
1078 1662 3066
695 4447
173 1083
2701 3907
1355 3596 4266
2601 3162 4070 4300 4366
1457 2284 4018
498 581 1570
900 2965
1807 1960 2034 3710
1210 3020
1855 4347
662 879
1099 1143
1329 1499
2024 2127
1073 2869
1468 2215 2531
628 2081 3524
1896 2022 3401
386 1429 1893 2010 3186
971 2343 3658
2112 2771
3206 4124
3768 4331 4416
137 1826 2144 3298
3801 3951 4171
44 4368
358 2081
2471 2480
2694 2943 2990
15 579 830 1873 1950 2203 2736 3570
1081 1103 1470
1557 2317 3251 4169
291 3550 3871
3760 4328
2419 4181 4371
339 2364 2854 2893 3416
474 1610 1735 2832
2293 3712
262 3808
242 1246 1304
1002 2413 2819
28 452 2970
1564 2812 3079
2136 2545
817 1733 3454 3898
160 1334
295 3957
4179 4312
2178 3053 4247
1764 3489
549 1017 1145
1569 3729 4024
90 1019 3135
1780 3962
236 1512 1906 3045
100 381 1992 2270 2353
359 798 3167
2846 4280
1153 2948 3111
2438 2450 4147
243 2980
1261 1492
653 1276 1595 3706
1500 2439 2875 3601 4080
124 2769
1053 4297
2166 2340
317 596 1773 1951
606 2362 2488
899 2743 3115
46 1513 3362 3599 3654 3707 4344
416 1278 3352
1860 3097
1455 2921
1604 3236 3288
1697 2068 3146
969 1188 1241 2363 2739 2917
1936 2533
1455 3490
1638 2348 2552 2982 4400
1321 4367
1931 2712 3494 3544 4061
2468 3165
5 1146 3238 4075
2131 3038 3143
503 3051
685 3059 3138
200 491 1014
714 1987
1218 2892
444 1826 2265 2865
451 869 1014 2064
157 193
1239 2066 2258 3163 3811
745 4290 4367
1123 3477
2443 3381 3934
1116 2999 3603 3930
984 2064 4210
1613 2173 2671
319 1270 4064 4324
253 2169 3536
280 478 1742 2780 3928
1273 1568 2036 2779 3423
2655 4005
1075 4020
3118 3436
160 1921 4271
1167 1320 2044 3403
1396 1914
831 3282 3875
1162 1633
318 811
536 696 2652 4261
832 1809 3176
774 3465
979 2013 2251 2413
1585 1759 2608 3969
1813 4089
148 908
1920 4386
365 1490 3537
1089 1340 3134
2056 3117
944 3575
2448 4096
1802 3096 3427 3894
2084 2842
333 3528
605 1181 3585 3660
611 3836 4435
441 825 980
100 3662
3774 4450
2280 3676 4325
401 1048 4199
956 4317 4339
1441 3081 4027 4058
372 543 1662 3510 4298
1807 3288
694 3182
861 923 1597 2386 3504
2141 3280 3714
354 1874
2094 2612
444 2781 3346
2940 3659
1984 4019
1202 2051 2258
3036 3863
157 3091 3516
4090 4198
987 1943 2627
552 1767 2198
2297 3696 3900
35 162 1122
847 1600 2517 3930
24 1922 2196
281 813 3024 4117 4200
1860 3038
2176 2251 2406 2533
489 625 2379 4444
713 2337
2205 3510 4053
119 3958
1685 2895 3301 3641
417 3218 3832 4298
478 742 2265 3526 3707
1005 2051 2939 2963 3392
1142 2911 3339 3883
693 1986
888 3894
988 1384
1263 2010 2180
947 2290
32 412 2305
302 745 1709 3209 4058
734 2678
2117 3734
610 1579 2934
506 1682
1411 2776 3203 3320 3597 3797
663 1849 3561
4088 4190
1052 3360 3561
243 648 1522 1960 2310
293 957 2347 3570 4109 4125
1952 3489
2136 3434 4370
2624 3768 3884 4392
1287 1666 2371 4385
1701 2090 2838 4068
1445 3299
571 2659 3177
96 2131 2242 2743 3328 3469
1448 1629
1021 2215 2857
3723 4093
2019 2674 2864 4140
681 753
1296 1467 1816 2248 2773
477 2075 3317
86 3507
913 2903 3616
1214 3742 4091
393 646
929 1356
668 2236 2403
628 1452
298 4432
379 1092 1759 3154 3244
667 2638
2084 3051
265 581 675 1688 3756
1171 4403
81 2394 3532
1998 3344
1416 3102
1601 3689
150 163 2285 3657
1038 1423 3661 4015
873 1079
1688 3426
686 1032 1221 1314 1324 3955
739 867 910 1894 2105 2511
747 3725
2043 2438 4097 4206
684 2259
1301 2011 4096
21 764 1715
1013 2736
997 3027
1651 2554
1866 2677
1213 2355
1651 3246
216 3680
132 3282
4060 4190 4309
125 3671 3762
1133 1877 3543
1287 3641
1710 2005 3820
2224 2225 3605 3928
853 1936 4329
808 1087
483 2101
1503 3612
2388 2500 2612
283 2894 2983
428 2447 3409 3556 3885
542 1682 1875 1949 3055
558 3901
1870 3940
1798 3202 3291 3534
1184 1406 1461 3562
2827 2980
1454 3344
3393 3995
2270 2301 2966
290 1650 2412
3641 4214
166 2507 3007
726 1492 2991
1630 2761
1102 2652 2655 3315
3464 4245
818 2098 3226 4044
925 2098
3727 4028
555 974 1999 3988
1148 2204 3663
1507 3290
439 3800
1319 1485 2063
42 124 1502 1553 3202
459 693
944 1441 2969
1071 1443 2998
3153 3626
1171 1283 2588
281 338 1999 2973
965 1774
1933 2305 2754 3394 3793 4352
580 3616
859 3007
2525 3180
486 2287 2976
192 2457
235 730 3449
1278 1602 1984 2328
55 76 2365 2615 3833 4145
826 2079 2256
847 1072 2868 3043 3465
503 2670
1867 3387 3800 4369
1805 2311
994 3968
986 1947
19 323
1077 2731
1795 1937 2137 2543 3473
2234 2403 3487
1127 3103 3672
1724 1843 3056 3677
2599 2680 3562 4228
440 4275
574 3320 3695
161 2572 3685
51 1218
1615 2022 2882 3165 4236
693 1053 1309 4286
1890 2264 3922
1152 2157
2378 3739
325 3560
320 3466
3304 3779 4221
508 4077
110 4393 4433
513 534 2193
615 1077 1764 3822 4361
2196 2540
174 3288 3429 4123
1444 2183
41 520
1178 2161 2399 3752
1523 3758
346 1214 4321
1271 4172
1071 4121
1528 4336
923 985 3473
176 794 1185 1537 3692
337 847 1305
1277 3813
956 1735 3373 4172
295 1440
1229 4287
3463 4114
359 665
1510 2119 3687
140 2060 2892
1637 2253 4140
1085 1304 1481 2364
1374 3260 3465 4407
1121 4156
830 3152 3319
1684 2649 4420
1030 1059
837 1461 2773 4354
2191 2394 3323
3318 3327 3798
516 1171 1461 3056 3959
16 2827 3272 3533
161 812 1355 1416 2259
59 3684 3709 3748 4159
1300 1523 2623 2671
577 1252 3445
81 841 936 2903 3138
3691 4447
855 1444
3506 3563 4135 4410
792 2462 3013
3674 3692
643 2312 2323
2748 3091 3768
1145 2568 4089
39 1452 4402
1093 1462 2311 3950
896 2143 2408 3769
605 676 3261 3598 3851
1283 2289 3667
643 1058 4252
2927 3507
254 1273
363 2660 3298
2303 3931
3909 4403
1635 1882
1529 2956 3322 3878
444 1359 1496 3143 3348 3482 3531 4448
2278 2979 3492 3960
621 2568 3773 4366
834 4008
1755 3642 4027
2675 4009
166 2160 2893
222 293
723 3654 3758
63 882 3802 4347
2429 3327 4183
772 2411 3934 4236
128 3187 3638 3957 3997
1515 2322 2342
703 778 1075 2843
4188 4369
1174 2791 3134 4359
3141 3489
1505 2037
764 3318 3672
637 2592 3943
434 2366 3091 3913
83 684 2119 2146 3798
393 515 2434
1046 3266
259 1463
280 1705 2842
1408 2216
1718 2468
3835 4189
1525 2575 3052 3961 4017
2503 3805
491 1832 1903 2972
246 1213
1379 1479 2082 4066 4435
1007 3347
305 482 664
3884 4112
2056 2109 2403
21 305 4045
1478 3216
1495 2755 3044
241 1563 1607 1963 2632
313 773 1824
332 496 3095 4421 4435
247 831 3599
2180 2685
2072 2219 3095
1373 4381
1731 3381 3794
1866 1916 2644 4211
729 2971 3045
3247 3864
2054 2243 2704 4187 4198
379 2337
606 708 2271
4003 4337
2569 3137
2919 3232 3933
859 963 2632
1241 3699
1404 2287 3454
1236 1339 1448
1229 3963
281 1071 1349 1812 1826 2906
2138 3823
224 1283
128 2352 3425 4103
370 1406 3288
201 2153 4060 4283
41 51
2779 3742 4171
302 585 1197 2266 3008
1983 2866 3785
366 3826 4196
246 2419 3458 3760
210 1188
436 3227 3404
1299 3338 3811
2244 3276
1271 1641 3337 4307
675 904
490 632 1258
552 1110 2421
5 1066 3499 3620
271 3762 4352
591 2671 2948
335 1027
643 3419 4382
1542 3254 4101
1124 1232 1502 1651 1783 1813 2992 3760
3235 3982 4396
1811 2337 2554
891 4407
2121 2329 3214 3546 3556 4400
808 2719
2133 4188 4360
818 1993 4143
3347 4244
219 330
930 1271 1779
829 839 2502 2683 4304
96 1446 2842
383 1258 2444
2023 3591
2442 3662
923 2479 3691
2313 2607 2813 3469 3896
918 2233 2718
2864 3704
2484 2863
1549 2533 3379
659 1661 2988 3644 4137
3998 4038 4065
443 1134 2700 2800
1855 2072 3063
540 929 1707 3063 4218
304 1212 1716 3616
172 4111 4160
797 919 1629 3613
2396 4091
1940 4115
36 1949 3993
1533 1570
1746 3812
1219 1606 2734
610 840
718 1067 2787 3263 3447 3726
1006 2116 2983 3318
776 2480
1198 2115 3295 3365
2048 3966 4015
501 3959
913 2082
513 2026
1090 3698
19 1515 3241
406 798 2698
512 2751
1740 3205
1652 3156 4289 4368
51 3442 3881 4131
2039 2650 2661 3712 4108
3956 4066
2002 3136
528 1260
2099 4203
427 1376 1408 3421
1187 2359 2400 2877
45 2247 4276
3569 3784
215 661
1144 1509 2429 3447
1990 3338 3580
2351 2398 2695 4321
705 2305 3354 4319 4450
1337 1563
694 3497
1055 1630 3880
856 3538
1066 1359 1623 2151 2181
1400 1635 2536 3350 4059
1208 2384 2870 3905 4268
685 1993 2842 3153
385 3058
305 1674 3648 3845 4081
140 533 990 2713 3996
508 2082
2735 4305
1616 2405 3404
188 2064 4450
480 544 3171 3314 3439 3576
786 1584 3549
3598 3903
3034 3055
696 3915
2865 4047
1310 1563 1779 2612 2627 4321
1664 1820
304 1608 3822
130 3359
2949 3280 3461 3936 3968
139 1247 3632
1046 3746
1347 2373
297 455 875 2192 3654
1767 2571
1061 2876 3573
1704 2520 2643
410 1325 1733 1751
3423 3548
911 2241 3374 3724 3820
1707 2174 3886
1966 2753 4390
609 3907 4350 4363
1593 2908 3388
493 3877
506 1809 4146
1361 1885 3336
3373 3941
759 1448
109 1888 2576 2987 3225 3293 4270
118 1637 3118
1681 2949
25 1716 1795 3622
136 2263 2966 3234 3783
162 3768
617 743 996 3571 3897
705 1957 2095
774 3502 3967
2250 2356
541 3855
132 1476 2196
1544 3560
2604 2737
1766 3720
2141 3266
1939 2654
1459 3376
22 462 1553 1929
1918 2906 3913
387 2468
2398 4164
2588 4104
663 2314
953 4238
1056 2479 4212
1293 2678
704 1126 3322
1700 2716 2800 2842 3762
965 1768
1923 3748
391 407 715 2967
412 2374
692 2487 2581 2654 3354
593 1124
1011 1783 3026
990 2194 3322
2209 2429
209 2713
1295 2058 3618
1420 3521
484 1253 1801
90 2037 2690 4052
3298 4169
337 3275
834 2382 3144
916 1646 3274
468 627 3684
3371 3801 4303
345 841 1171 1944 2033 2600
1942 2746 4179
1228 1373 4159
942 3678 4283
414 914
824 1361 1985 2453
874 1670
425 1209 1932 2300 4332
116 1720
712 947 1506 1995 2878 3882
408 3403 3662
1819 3303 3336
3644 4040
3054 3457
77 368 2147
1372 1919 3078
1329 1656 1945 2490 3293 3873
1747 3189 3948
672 2205
2198 2676 3396
154 253 3648
412 1593
2723 3910
635 2017 3521 3830
1754 2294 4004
1893 4119
303 714 1738 3035
94 2062 2323 3943
1744 2443
38 3439 3919
538 540 1194 1381 3038
2847 3866
96 1265 2158 2796
90 2873 3901
1956 3218
1136 1530 1728 2614 3410
518 2695
3877 3982
905 1286 1357 2290 2605
1928 3181 3296 4327 4386
2617 2914 3836 4091
1570 1666
44 515 2403
1666 2611 4367
304 339 3500
1377 3032 3494 3558 3739
252 906 1253 2950 3037 4317 4443
1626 3063 3268 3507
711 1456 2938 3986
452 3724
2987 3451
3420 3793
1148 2097 3468
815 2314 3708 4126
389 986 1187 2368 2570
2813 3369
2480 2921
113 262 2755
1529 4412
1044 2766 3523
813 2442
790 2172
1100 1938 2138
1138 3280 3516
1773 2012
859 3983
685 717 3675
64 2142 2409 3260
1065 4223 4303
132 1422
3839 4147
808 1057 2248 3644
1467 2203 2868
266 564 1074 1549
1557 3234 3327
3615 3818
121 2173 2682 3099
25 3623
67 1623 2671
431 1409 2267 3054
1860 2915 3236 3652 3925
541 1024 1312 2774 3664
399 1829 3526
2518 3173
832 2528
2683 4138
1752 3453
1035 1061 1202
2078 2734
527 3457
2243 3122
653 4135
409 806 2977 3096
1794 2077 2855 2861 3044
1152 1159
2601 4080
351 2157 2673 3893
177 1742
3206 3338 3691 4126
2673 3366
70 383 583 1498
76 139 490 1728 2752 2896 3589
8 325 1730 3173
1851 2038 2650 3012
1731 2435
791 2820 3939
1054 1414
1399 2115 3566 3765
944 1931 3628 4379 4385
1708 2560 3807
1059 1762
852 1172 1788 2850
2927 3703
2205 2731 2906 3575
2047 3658
1869 4016
2360 2927 3274
1568 3349 3494 3931
174 462 3818 4241
630 1998 4317
1555 2850 3989
791 2429 2814
325 411 1967
1402 1486 1635 3882 4288
230 1939 2270 2599
3200 3251
577 3617 3989 4083
220 2705 3763 4451
634 1414 1525 4296
1970 3464 3734
20 1122 3905
786 2189 3345
978 4145 4395
2156 3826
2793 3651
1746 2824 3354 3862 3922
3096 3917
350 3842 4334
1005 3849
2458 3067
1347 2155 2818
442 887 2073
178 460 592 4173
1477 2048 3828
123 144 2303
558 1280 2771
1752 1920 3655
691 984
465 923 1763 2156
623 3392
917 2825
1787 2308 2619 3980 4133
3501 4197
1972 2311 3632
96 1545 3364 3822
383 1960 2218 2293 2867 2917
290 1158 2779 3795 3988
52 61
1971 4006 4211 4351
3246 4316
904 982 1610
1303 1376 2522
913 2118 3479
1970 2087 2302 2349
302 693 1649 2467
1085 3832 4033
2212 2544
154 1752 2158 2989
3455 3896 4133
964 2025 2717 3554
23 3035
206 2902
194 981 2463
265 457 3239 4194
1232 2353 3558
16 608 1220 1789 2353
583 859 1423 1564
313 1043 1305 3370
571 922 1524 2051 2622
2981 3610
1816 2188 2378 3094 3982
620 853
154 868 1346
150 313 1662 2101 2733 3997
2533 3237
201 221 3294 4084 4338
415 3369
31 145 1181 2581
255 2141
438 573 3743
306 2981
918 1284 3300
938 1341
991 1398
641 3498 3823
1930 2368 3149
499 2254 3099
211 3033 4232 4263
926 4266
259 2471 4282
876 1020 1177 1871
3729 3986
1140 1311 1655
368 1074 1773 2586 3391 4325
3386 3617
1136 3152
1668 2690
1089 1274 2570 3021 3425
31 732 862
132 1441 1640 3120
2484 2960 3258
2985 3795
2196 2683 3016
15 334 606
1357 1708 2271 2801 3199 3455 3735
59 2012
312 893 2604
1543 2926 3284 4122
2658 3857 3858
272 2364 2712 3210 3428
2726 4389 4421
348 1421 2713 3475
851 1523 4245
269 2364 3587 3677
944 1194 2524 2868 3840 3923 4134
1118 1201
2472 2484 2701 3011
525 4139
2101 3256
581 4007
229 1373 3938 4289 4409
1020 2395 3266 3277
3233 3490
273 1051 2188
471 1193 3970
373 2403
2690 2764 4413
1383 1538 1664 2948 3350 4430
7 2127 2723 2813 4162
2597 4033
1105 2204
924 1213 1426
290 1591 2461 3612
1216 1523 2524
538 944 1923
2669 3658
1971 2827 4073
563 1774 2103 2217 3520
1479 1890
2015 2641 3352
1047 1699 3913
2654 3418
3140 3203
832 998
18 508 2664
833 2589
993 3413
2598 2925 3209
514 1393
70 2090 2262 4450
906 2520 2718
1349 1704 1914
480 568 2376 2866 3044
2154 3060
1310 2011 2283 2971 4015
