1764 2657
101 511 788 1563
917 1465 1570
405 1564 1684
493 744
156 1407
1100 1254
313 1077 1382 1416
383 507 580 733 921
77 813 1423
196 414 798
30 237 1352 1443
756 1246 1313
372 1368
985 1521 1734
357 1425
1181 1284 1481
850 1131
1419 1425
995 1170
460 656 1073
942 1201 1480
369 581 1622 1736
1046 1601
508 1053 1122
81 148 357 711 872 1673
89 352 1027
10 192 740 919 1528
29 393 418 1224
227 351
84 652 742 1755
233 1512 1523
148 635 1142 1310
661 1443
1396 1637
429 833 1081
316 592 1275 1409
444 486 620
347 984 1013
677 771 1238
1307 1419
889 1341 1465
231 1741
33 636 727 1650
1 251 1457 1724
263 1666
102 179 548
606 624 743 1297
281 759 1526
282 994
103 510 1577
166 819 1364 1540 1686
136 1722
1435 1543
173 198
1030 1081 1214
299 722 774 960 1296
341 1593 1744
312 374
784 1068 1117 1324 1517
710 1238
166 479 504 798 802 821 1695
55 68
236 1299
448 1647
93 695 755 775
240 618 1739
285 1406 1572
1205 1381
1007 1072
124 568 629
16 521 1349
205 753 1144
27 1184
374 470
659 1245 1315
816 1187
1150 1163 1326 1703
46 230 287 462 1513
195 1067 1418
654 881
477 868 1043 1214 1454
874 943 1030 1182 1697
574 780 781 1196
258 1744
339 519 671
104 320 972
166 465 498 699 1417
525 1107 1449
32 93 421 697 1129
815 910 1502
177 652 740
1188 1251
180 1181
104 1364
962 1573
362 839 1042 1107 1144
1262 1440
70 116 1040 1402
374 525 708 1417
373 781
832 912 1064 1363 1620
213 1255
164 206 909 1001 1737
388 1237
204 228
208 879 1101 1519
152 202 443 653 1625
339 363
366 880
348 904 1309
1228 1409
197 1448
56 82 936
600 961 1569
1140 1357
1493 1568
446 1018 1725
210 525 750
911 1196 1472
657 1126
1457 1706
125 437 855 1153 1687
951 1136 1453
205 914 1214
1099 1157
28 538
1415 1607
11 37 78 677 1203 1449 1514
760 1161
524 1330
45 1262
465 1557 1721
223 669 1099
2 1413 1435 1599
251 447 1004 1673
1111 1539
198 1541
832 867 1498
453 1496
174 507 972 1363
307 565
230 652 710
173 1353 1696
1209 1226 1639
25 248
131 246 1222
384 1481
412 871 903
722 1310 1443
444 1429
896 1550
929 1519
213 664
155 592 924 1290
93 1084 1627
17 191
1252 1441
446 469
276 494 1393 1581
685 1273
572 1399
449 1283
84 947
65 1607
270 578 634 830
898 1607
868 1342
1201 1624
1144 1592
110 359 487
352 1227 1314 1352
206 474 610
875 986 1379
31 924 1381
460 1026
232 992
199 550 910 999
380 889
554 1185
1137 1647
37 990
80 516 887 1037
376 1055 1170
394 1179
927 1675
216 1763
209 562 1379
4 224 1324
286 1001
126 908 1107 1149 1302
278 1119 1682
527 680
93 780 1381
723 1310
386 387 790 1053 1185 1688
153 576 1239 1246
225 469 648 784
679 1162 1621
315 500 1293 1516
231 1116 1160
742 960
28 448 649
164 584 588 953 1145 1203 1239
290 863 1322 1553 1701
521 1439 1507
703 1097
302 766
248 670 1023
441 1356
314 821 1296
648 1180
792 964
811 901 1074 1354
366 1243 1682 1729
77 914 1046
346 460
231 533 997
212 974
348 1285 1578 1622 1734
579 583 869 990 1690
852 1023 1081 1639
1305 1514 1656
138 344
195 375
211 1420
380 703 1510
687 941 1244 1357 1567
148 648
873 1742
351 1368 1684 1736
356 461 635 890 1457 1548 1625
82 1528 1571 1618
745 1518 1619
650 1133 1611
622 1275 1337
784 989 1125
391 826 1219
6 1472
81 84 598 879 1427 1545 1658
182 792
887 1675 1745
831 1122 1390 1495
367 479 1542
605 646 1688
100 326 1225
33 471 1059 1118 1329 1592
110 1664
192 1138 1598
76 109 775 927 1333 1499 1543
226 529
652 1664
251 531 730 1024
1227 1566
44 620 706 1721
613 787 1299
708 764 997
1008 1157
101 609
545 1163
618 829
51 516 1310
294 556 1366
727 736 1080 1219
90 560 644 756 974
386 1027
494 1723
152 172
60 436 558 940 1754
1211 1455 1677
175 295 1178 1361
841 1330
433 644 678 1309
402 671 1090 1101 1529
229 477
195 830 1086 1096 1605 1651
959 1009
2 977
479 542 1191 1498
1669 1679
96 711
393 1721
380 795 1610
221 1126
1514 1535
499 910 1577
115 910 1452
469 1349
567 946 1071
209 990
248 478 1126 1306 1514 1534
393 655
141 528 688 1357
373 492 870 1195 1715 1757
237 559 727
1152 1342
118 828 945
1048 1140
222 572 1254 1417 1727
104 305 1381 1459
538 1588
1010 1078
61 358 1250 1392
1161 1604
945 1149 1316
1238 1287 1329 1516
51 81 396 707
658 1318 1549 1699
913 1111 1209 1370 1414 1678
1495 1737
719 1171 1685
179 746 1336
985 1054
611 701 747
578 802 1337 1399
99 513 837 846 1398
678 1429
15 1658
98 415
1089 1339 1447 1500
397 660
689 775 1465 1560
66 976 1422 1593
609 698 867 1013 1050 1593
494 774 806 1317
233 1145
164 1111 1602
464 539 940 1127 1428
111 1221 1302
304 654 1116
599 1568 1645
185 1314
1400 1404
235 432 862 1607
818 1024 1140
1010 1401
232 1278 1280 1304
369 1387 1673
206 1495 1514
212 455 467 933 1004 1592
367 422 720 1064
643 1387
416 485 1436 1569
1074 1740
140 465
670 1641
420 706 819 1188
690 1094 1349 1718 1742
167 1258
998 1317
331 412 574 781 1052 1150 1368
61 1250
57 1076
843 1076
1184 1676
421 884
65 1170 1351 1538
33 139 719
603 1604
1005 1309 1662
581 1498
61 623 740
453 616 1742
773 891 1741
926 1635
376 1153
66 232 330
1149 1736
354 1534
865 1106 1190 1524 1657
609 1135 1286
32 867
408 1582
157 871 1354 1362
393 1704
133 1359
728 1052
687 808
372 1047
522 1634
326 495 1020 1493 1591 1671
770 918 1084
171 669 865 904 962 1021 1423
826 1059 1452
670 1286 1317
455 704 994 1589
43 308
436 1374
643 752 1195 1626
39 55 148 605 1734
831 1320 1548
445 738 922
486 1693
382 396 825 875 981 1131 1267
250 795 1593
453 715 1046 1117
155 299 624 877
344 379 950 974 1067
108 1584
788 947
249 957
415 1160
96 615 768 836
94 95 211 1012 1264 1764
24 257 495
22 58 1115 1608
131 1368 1376 1718
393 824 908
293 1333
57 200 1139 1204
205 1035 1444
71 626 773 808 1274 1345 1364
724 1376 1500
785 1128
235 1708
429 1229
446 647
151 291 390 1047
386 405 842
376 1256 1372 1557 1672
588 815
133 924
49 769 892
285 727 1754
635 1493
97 367
1241 1355 1760
135 144 253 696 981
138 992 1053 1205 1476 1664
213 1475
165 664 1024
215 527 748
158 253 1323 1699
104 1585
1023 1070
677 1096
979 1225 1313
12 1559
995 1511 1530
855 1269 1360
484 735
490 801 1239 1388
176 632 685 1168 1757
205 1544
218 294 841 1709
36 69 1559 1652
217 752 923 1300
425 758 1423
215 523 636
268 536 1696
765 920
168 675 992 1089
201 562
24 234 405 1481 1702
533 677 1689
825 1520
244 708 1213
427 1166 1529
451 660 1160 1238
153 631
714 771 902 1398
334 408 968
777 1295
85 733 1662
320 550 1006
70 1523
73 545
500 1174 1335
826 1662
118 359 777 1531
327 732 967 1324 1467
212 917
363 1711
326 473 827 946 998 1764
225 486 764
50 843 1011
106 365 1072 1207 1481
36 722 1299
598 1276 1600
177 942
363 1532
1021 1161
220 421 1475
742 971
572 1063 1073
64 1509 1680 1760
1310 1584
173 538 1233
889 1711
1111 1626
1453 1615 1616 1641
548 946 1025 1115 1446
833 1567
615 835 846
1205 1622
238 269 739 1144
256 272
1218 1736
87 284 548 828 1347
379 897 1288
237 351 851
289 495 816
417 787 1344
5 1016 1223 1420 1684
62 869 1086
204 238 245 1450
22 422
1016 1077
553 726 1521
387 911 1231
446 495 698
139 214 575 908 1060 1370
69 1118
565 663 822 1753
255 1666 1749
669 865 976 1607
566 1481
143 180 939
66 354 780
64 422 978 1619
517 1593
186 363 643 1226 1443
838 923
201 641 1006 1074 1219
222 502 823
401 1168
1031 1214 1731
1025 1079
117 159 308
4 327 544
134 236 962 1360
221 1250 1606
59 383 1108 1588
44 628 953
538 1112 1178 1362
239 840 1328 1528 1584
176 638 1021 1604
96 1395 1719
247 833 1099 1287 1450 1754
193 358 1583 1744
1188 1344
185 950
61 1212 1355 1565 1648
914 1109 1453
631 850 1204
428 1351
664 743
4 1206 1408
12 198 1213 1219 1336
362 767
59 1262
212 1084
285 632 1147
36 427 1688
819 1269
349 774 815 1283
570 778 824 1115
197 1501 1752
290 1040
85 1725
521 1000 1446
32 359 1183
544 1240
160 232 609 1214
195 621 737 746 796
426 941
602 1265 1642
352 1134
159 373 1253 1708
333 883 896 1286
498 1513
289 802
62 94 1364
697 1340
94 104 1139
634 1100
117 803 1639
225 495
239 659 1017 1224 1379 1411 1641
342 1519
262 463 770
435 1503
738 809 957 1600
1134 1613
694 999 1244
417 453
224 579 589 1087 1293
12 1562
68 135 1110 1559
50 105 1696
357 768 1035
776 1264 1559
695 1630
1258 1362 1571
23 1340 1386
346 581 756 1273
425 750 1525
375 444 1683
307 1585
778 1658
317 1427 1562
802 1233 1640
985 1451
1387 1559
184 249 303 632 1122 1176
784 1512
532 596 1171
799 1044
586 742 1640
110 493 779 1639
1503 1678 1753
116 606 1074 1386 1607 1618 1643
95 227 680 958
227 1337 1565
239 1012 1731 1737
516 717 1428 1488
420 505 912 1699
713 1448 1512 1587
133 1113 1471
728 746 912 1254 1626
1087 1603
502 773 1273 1682
306 979 1061 1417
672 868 1287 1566
3 602 1128
164 1078
26 183 796
646 873 1134 1597
929 1407 1530
730 1632 1650
206 405 421 1544
279 896 1118 1311 1754
547 1374
175 1599
269 1385 1410
1002 1160 1326 1365
863 1654
737 1690
17 950 1510 1551
436 1015 1036
501 961
716 1106 1588 1623
685 717 1091 1657 1705
7 1367
271 522
1241 1433
335 607 668 833 1473
10 602
46 940
71 618
248 1482
28 180 671 1171 1383 1622 1663
584 900 926 1267
768 978 1020 1581
71 181 358 1080 1556
75 913
340 1084
45 200 1195
1112 1651
499 759
229 380
255 1317
609 1077
226 507 1135 1333
877 1315
128 1278
525 961
1003 1670
1204 1624 1730
263 285
770 1413
596 638 1089 1372
73 185 315 676 1272
307 1511
579 983 1241
326 523 799 1581 1704
126 134 140 200 341 664
1243 1580 1583 1738
194 1549
565 1261 1459
155 805 1397
1058 1063 1680
1138 1176 1447 1502 1528
5 639 1315 1412
1501 1594 1752
254 847
26 167 786
382 448
391 676 1045
146 1156 1286
552 978
725 1308 1617
90 1471
48 159
19 89 167
229 626 902 1110 1758
187 1503
696 713 862
736 1355
918 939 1038 1716
33 187 647
387 706 830 1543
69 256 260
161 371 602 790 1296 1617
673 1212 1567 1721
149 1497 1627 1760
52 571 1029 1128 1652
617 649 808
731 1284 1759
340 833
351 809 1578 1626
920 1468 1473 1490 1568
348 922 1523
24 662 1096 1382
1260 1376 1378
537 1622
328 376 435 1111 1552
180 253 305 1222 1689
318 341 750 1002
55 909 1214
309 688 1282
803 1391 1706
435 978 1586
308 451 1144
466 1035
1175 1391 1599
190 465 1025
147 1720
991 1118 1315
1233 1235
318 535 1147
468 1245
106 513 605 805
1030 1273 1331
145 911
54 1690
321 702
296 900
176 974 1088
199 1167
8 92
137 422 1530
516 1114 1284
830 1711
328 575 1568
26 775 784 798 1118 1524 1663 1723
754 1666
476 591 1238 1523
230 594 1198
293 647 897 1553
728 1522 1608
265 433 1392
40 281 956
619 1005 1387 1562
488 909 1013 1133 1283 1674
43 323 853
386 618 892
142 1062 1310
821 1147 1533
85 1209 1321
382 956
797 1406 1498
403 701
249 630 788 1178
1072 1748
18 146
903 1623
10 183 552
721 1642
577 1025
158 1135
225 342 672 959 1204
637 707 1558
1109 1358 1361 1370 1420
125 129 936
244 753 905 1189
1181 1300 1596
328 523 1135
168 253 391 561 1058
540 1042 1283 1378 1632
1259 1612
423 616 1034 1185
11 1671
179 1162
884 1491
55 333 1041
1171 1704
533 899
428 618 697
569 694 1582
1442 1588
428 720 1216 1279 1616 1663 1696
1029 1331
500 1170 1444
831 877
841 1005
760 1251 1272 1615
636 647 1253
217 471 1048 1463
122 1716
447 697
122 359 518 858 1015
1175 1263
320 411 670
909 1172
255 616 1016 1654
1211 1712
726 789
246 449 1368 1553
168 694 983 1067
417 683
179 591
517 1219 1243 1276 1345
877 882 1096
176 1421
829 983 1165 1618
151 787 1488
443 880 1278
102 267 763 902
378 1367
51 523 776 1260 1515
62 664 712 1149
974 1206
707 1450 1659
165 1208 1221 1649
471 974 1656
371 498 862
584 697 873 1067
692 1159
227 601 756 762
1054 1465
226 511
593 868 1026 1685
131 379 1381 1645
339 1004
494 1761
221 1206
46 272 1640
151 947 984
108 190 587 1664
495 774 1338 1588
35 403 1428 1616
930 1115 1154 1649
268 1103
1361 1620
1024 1070 1495 1536
699 1265
474 1372 1410
119 616 863 1757
765 1415
369 964 1612
538 1574
465 866
253 773 1115
464 534 995
401 885 1359 1361 1465
177 1134
31 1042
286 429 1632
195 1098
769 1244
1251 1352 1449
255 1487 1699
654 925 1094 1223
218 516 699
85 315 478 933 1333
211 585
325 1475 1479
227 1181
696 961
505 548 1094 1685
208 247
1105 1393 1484
68 1242 1760
154 1010 1302
510 1329
469 1063
342 842 1665
17 880 1548
20 143 597 1290
535 841
173 838 1408 1666
126 434 1560
236 647 1076 1652 1731
809 1077 1336 1543
315 537 1581
584 768
110 434
358 833 1601
531 606 1267
449 772 1378
1056 1102
4 261 274
258 440 527 1465
139 277 487
152 985 1092
471 961 1705
1083 1686
32 285 966 1622
1224 1436 1500
367 904 1228
81 754 1344
295 1241
205 901 951 1096 1130
27 265 630
172 1318
215 768 934 1037 1656
97 1549 1684
5 801
760 1308
772 981 1700
189 278 926 1452
175 1030
307 572 671 1021 1660
133 772
1215 1216 1296
265 1030 1308 1548 1750
615 658 928 1024 1226 1249
521 1284
773 1291
924 1028 1654
65 1099 1569 1750
228 757
364 699 959 968 1357
726 930 1461 1465 1578
699 939 1375 1547
260 752 1083
41 43 1402
256 600
712 856 1095 1275
729 1003 1205
135 147 452 1366
280 390 1177 1713
669 832 1120 1476
1190 1665
789 798 1515
91 1006 1212
314 1054 1407 1506
396 548 1528
1178 1548 1673
122 1335
531 1506 1523
965 1636
659 884 1310 1623
517 849
334 1171
527 745
306 1380
602 604 1482
1010 1176 1247 1433 1687
5 840 1124 1425 1740
559 1418 1570 1580
468 542
642 914
363 569 576 1422
1195 1684
238 240 1153
374 454 524 738 1246
234 485 616 967 1712
296 859
139 674 850
724 751 1582
767 1601
287 907 1391
230 678 681 1044
1329 1684 1737
477 1240
1678 1754
788 841 1218
39 1566
603 1034
1015 1291 1526
867 1070 1552
135 197 645
381 479 872 1002 1217
36 199 363 590
436 984
111 762 912 1199 1515
1087 1308
215 1048
77 1453 1472
344 745 801 1106 1282
848 1398 1515 1757
223 777 1299 1597
472 537 814 1110
157 650
321 802 1007 1322
69 89 942 1341 1562
463 515 751 1410
144 554 696 925 1184 1495
986 1579
628 1058 1544 1638
408 490 833
45 221 946 1103
1104 1597
630 786 1195 1540
131 1090
1149 1287
545 907
220 603 670 1519 1612
181 294 1384
709 1024 1721
402 1446
317 1258 1309 1558 1559
218 409 909 1244
173 544 958 1044
721 1238 1404
121 260
357 890
17 761 1032 1505 1618
885 894 949 1272 1326 1629
691 918 919
455 1433 1683 1705
439 745
1252 1594
465 1384
1224 1652
158 786 1190
30 154 309 435 542 1512 1532
463 1066 1126 1448
429 678 931 1378 1621 1624
729 867 991 1340
746 957 1213 1372
360 1503
227 521 1357
782 796 867 1272 1546
850 1020 1287 1334 1365
67 642 958 1649
1655 1684
762 1013 1130 1273 1458
628 1552
607 783 1217 1621
381 673 756 762 983 1687
392 1459 1598
234 676 1415
319 404 419 807 1731
360 631 895 1320 1472
825 1337
957 1634
946 1652
166 1256 1479 1584
189 348 1037
349 1364
419 635 1589
120 137 221 459
771 1566 1583
494 737 1247 1523 1536 1612
606 839
272 707 959 1044 1618
1191 1600
252 759 1143
701 740 816
586 1328
743 1230 1592
429 906
404 1437 1678 1741
790 1107 1648
108 1617
534 664 745 1609 1643 1662
228 578 655 851
3 187 350 1500
336 1642
148 895
1267 1347 1677
68 452 1597
713 1704
760 1340
123 429 946 1173 1278
910 1151 1743
667 818
527 768 992
253 806
647 1236 1359 1726
364 1447
758 812 837 1732
818 1404
504 889 1673
34 119 956
423 1616
246 366 1203 1358 1490 1644
38 248 866 1672
452 990 1053 1631 1656
761 856 917 1423
113 587
205 921 1213
1222 1295
1364 1705 1753
30 149 180 816
479 1260
248 1622
335 852
809 1507
320 956 979 1164
486 1002 1221 1712
144 1357 1378 1409 1526
137 659
35 356 378 897
1186 1506
1474 1570
485 557 589 1482
153 607 1244 1756
456 484
962 1445 1452
205 304 1342
716 925
1165 1514 1595
395 1313 1673
828 1220 1259 1757
149 191 782 829 1042 1505
517 1051 1323
732 1529
979 1415
557 812 1702
182 678
82 522 1468
480 597
81 285 1597
109 1736
1043 1337
263 756 842
401 1175
213 853 1149
494 597 1119
177 422 1098 1285 1413
52 684 973 1108
647 1038
1006 1579
1067 1176 1530
39 968 1254
155 504 1203 1528 1752
536 567 625 965 1246
139 487 716 1256
159 491 869 1036
62 959
917 1321 1543
137 584 703 1045
758 1039
1222 1743
215 809 1673
572 751
388 392 712 848
979 1142
693 988 1585
1272 1344
250 640 654 872
58 387 763 1225 1627
1185 1493
196 453 840 1064
639 1287
1211 1362
251 291 1144 1227 1297
135 810 982 1223
1094 1440
481 1359
1435 1465
753 1002 1209 1258
455 1049 1092 1557
276 1724
224 1537
549 593 1599
890 1718
101 820 1106
278 978
513 680 1349
266 634 1082 1320 1498
673 1059 1347
6 930
1034 1566
783 806
59 1505
158 1188
889 1442
140 189
50 559 793
495 1050 1240
675 1038 1749
1580 1760
79 803
1196 1207 1208 1488
890 1350 1682
447 1430 1651
77 1571 1725 1755
173 966
9 603 654
60 1122 1462 1737
354 525 992 1116 1604
1594 1701
110 165
64 173 357 830 1242
967 1203
499 1098
502 674 975
150 390 562 924 1544 1593
770 839 1026
689 818 851
580 946
738 1392
408 1044 1435 1667
276 733 810 857
534 1291
414 926 1115 1669
640 1197
1343 1554
461 477
1459 1627
808 1365 1705
70 118
1571 1658
139 517 831
892 1251
221 276
953 1129 1752
646 785 1370 1571
840 1678
376 1260
705 1181 1621 1659
114 1112 1573
268 510 780 890
1077 1660
399 1282
211 280 388 390 632 1282
1161 1683
163 370
131 370 1222
270 278 532 582 1311 1591 1674
161 415 1188
856 1003 1081 1381 1415
178 179 183 262 402 885 1666 1675 1689
161 215
312 347
961 1611
224 726 861 1165 1472 1541
27 1232 1667
379 1128 1165 1584
196 1060
714 1109
463 777 1676 1730
450 1250
407 847 1332
1249 1610
597 1062
759 923 1038
204 295 1541
740 1679
257 1328 1605
427 1554
37 1550 1737
350 1493
91 129 764 1434
1439 1671 1717 1731
157 902
455 723 803 1344 1614
754 1667
546 655 688
904 1426
1104 1237 1643
709 1416
392 626
502 862 1392 1672
1387 1517
293 858 1205 1760
463 678 988
803 1146
171 1309
1565 1589
777 1095 1440
374 583 1131
680 885 1141
357 361
638 941 1458 1642
98 321 459
268 1649
1099 1492
36 50 396 1432 1672
1471 1753
173 567 1047 1398
345 622 962 1265 1432
578 646 884
1430 1560
842 1280
69 689 1168
988 1260
88 898
618 945 1007
408 456
697 1191 1406
8 986
36 191 761 1052
456 1183
750 1130
173 419 446 533 600 687
1204 1740
220 294 792 1314
1004 1240
881 999 1137
221 407 513 979 1192
1402 1409
54 177 233 949
372 451 729
628 697 837 1753
147 569
446 760 1509 1684
212 465 825 901 1697
200 671 1299
82 428 1127
689 923
767 1250
387 552
340 543 767
353 489 508
226 612 787 1202 1397
284 408
824 1540
543 954 1687
991 1107
784 1235 1651
574 922
543 927
523 533
1367 1443 1659
1004 1132 1333
55 1428
512 605
208 253 338 1623
204 558 713
342 372 1748
112 192
317 354 1453
1656 1659
806 949
82 1323 1425 1559
83 292 1188 1313
959 1736
373 416 795 1357
321 1005 1213
231 1194
971 1575
222 1280
197 574 1250
27 1010
249 1712
319 516 1389 1495
447 881 960 1425
546 1150 1468 1662 1705
437 686 1331
111 408
940 1551
992 1046
64 86 807 1196 1542
717 1270
113 1122
615 1215
382 817
581 1048
705 774 893 1648 1659 1755
103 251 1394 1600
115 576 1008
1073 1679
112 174 217 753 869 1328
1400 1651
573 1623
909 1219 1678
439 1183
300 703
631 1627
383 939 1255 1397 1645
625 1287
26 183 607
145 1319
347 1042
654 1276 1433 1689 1761
216 559
132 1331
389 1619
106 1622
356 1508 1704
227 1166
377 465 1089
1302 1313
484 665 1247
332 733 1020 1168
355 697
847 1184
206 284 922
152 296 1269
250 596 1370 1734
232 731 1137 1235
61 112 436 537 802
159 1036
566 1194 1532 1697
448 1624
184 1266
160 824 1150
250 317 489 1660
1400 1570 1671
852 985
942 1053 1415
229 879
1397 1413 1528 1652
922 1426 1575
284 754
567 608
257 783 1139 1576
241 1188
898 1351 1443
211 561 1246 1597
914 1337
393 1292 1366 1529 1637
224 918 1028 1114 1133 1229 1242
600 771
436 1319 1666
206 252 438 480 928
470 1397
374 597 1146
34 176 945 1750
50 902 1484
1103 1254
775 1353
28 1292 1355
67 836
33 724 1590
163 301 335 1007 1394 1477 1731
928 1604
165 1021 1054
244 760 1400
536 974 1246 1251 1308
139 1146 1172
96 1063 1393 1541
466 654 1285 1368
161 189 304 644
539 1672
1373 1743
786 952 1549
1552 1632
321 433 676 792 835
184 452 831
383 750
583 783
71 673
63 442
518 794
607 825 1059 1254 1516 1569
894 1130 1596 1741
388 406 976 1258 1384 1428
86 1202
191 538
29 55
152 747
933 1184 1541
439 1545
1279 1423
1056 1072
213 1063 1171
64 403 920 1573
772 1249 1281 1304
22 46 849 1632 1683
288 536 789 1476 1616
383 388
304 874 1037 1183 1262
157 691
84 477 813 1035
333 1513
1481 1621
332 595 941 1538
1047 1506
417 469 607 1345
270 1268
921 1665
223 802
563 1588
1203 1564
764 928 988
106 513 569 743 889 1341
1004 1046 1419 1596 1763
388 1109
956 1266 1685 1691
783 1499
803 1363
644 649 1523
978 1527 1609
254 888
442 546 605 658
139 1674
185 1002 1224 1297 1344 1351
340 398 647 1562 1579
1021 1442
864 875
271 1041
86 189 675 1627
642 1032
526 1667
745 1597
204 206 711 1196
1050 1127
520 1185 1707
212 1558 1574
218 894 1328 1333
675 814 1013
179 628 1438
192 1204
1103 1451 1717
447 1101
17 202
287 409 751 1164
457 901 1081 1717
914 928 1013 1051
786 1033 1680
638 887
24 1147 1651
182 691 705
1221 1245 1701
505 1570 1661
393 1708
435 850
1258 1555 1640
249 540 541 643 1610
29 671 829 1466
912 1150 1232
144 793 1299
634 1595
856 1139
321 1563
310 769
1021 1127 1439
725 754 1238
404 782 1681
181 1279
1246 1516
99 864 1353 1429
116 1167 1415 1658
332 507 930 1598 1701
440 696
392 1245
662 1025 1352 1551
1147 1600
448 514 896 1647
4 60
593 1215 1564
146 532 1510
927 1253
1075 1128
1115 1273
695 961
581 827 942 1573
64 276 1157 1522 1574
866 1103
176 687 1688 1732
25 401 482 1293 1660
1213 1694
232 921 1059 1196
176 1264 1674
55 1176 1580
775 834
132 1235
533 1640
991 1015 1239
1095 1248
583 723 1228
222 575
27 813 1704
58 170 1734
635 892 967
74 236 1176
424 483
187 1013 1063
146 441 636 1672 1754
559 805 1027
462 1592
470 883
182 1038 1161 1292
357 427 791 935
507 921 1469
135 169 1261
386 581 682 764
225 1695
1002 1165
3 160 226
1150 1267
772 839 1702
119 756 858
646 861 868
979 1569
1008 1104 1355
392 1449
675 864
550 688
770 1051 1673
585 642 732
1143 1721
459 823
1030 1309
318 645 1065 1492 1709
423 799 1581 1750
706 809
1323 1370
398 880
990 1135
95 1181
224 655 777 1028 1353
382 1402
232 388 826 957
340 464 615
59 268 290 951 1472 1599
477 1029
558 1542
313 996
644 1490
290 1001 1551
487 1046 1326
1229 1590 1617 1722
319 390
1044 1075
42 800
686 1054 1209
573 1254 1624
97 836
392 767
108 470 955 1744
886 1241 1619
289 1565
565 790 996
439 818 1554
1050 1425
779 1566 1569
573 937 1257
1652 1697 1724
576 589
181 902 1426
648 1152 1348
1202 1578
695 1353
547 920 1665
309 1472 1621 1660
158 212 348 1116
46 1544
479 837
409 688 1265
145 464 1024 1715
400 1157 1647 1723
213 956 983 1030
1017 1226 1386
308 1203
434 511
178 386 701 812 1085
283 333 1715
411 1650
809 988 1534
180 582
919 968 1513
239 1462
70 200 1449
373 689 1707
89 313 1245 1458
1010 1297
1073 1359
893 1378
474 1109
369 1597
422 1352 1568
24 158 1545
407 1756
932 1319
810 1425
1005 1456
10 101 314 1204 1256
332 1038
1190 1547
86 398
269 805 1184 1657
34 501 1676
569 1124 1192
132 801 849
34 452 768
369 1013 1489
280 868
627 879 1380 1443 1619
597 813 1333 1439 1736
46 280 860 901 944 1166
196 315 545 881 935 1365 1374 1605 1655
132 1131 1215 1736
1089 1126
592 788 1146
204 1132 1558
1328 1387
275 1640
339 560 938 1020 1456 1733
424 800
1316 1488
1058 1358 1521
1410 1745
1223 1568 1588
586 1014 1247
557 613 673 936
563 1598 1645
511 1377
17 1329
26 432 655 740 1656 1660
911 991 1743
66 413
597 1521
735 1607
493 1512 1762
36 81 216 326 892 1089
613 1336
754 1479 1532
538 1139 1746
666 1035 1495
574 1404
468 529
493 923 1224 1690
114 667 1543
59 741
556 847 1055 1341
615 805 1402
575 1160
300 1343 1742
941 1475 1669 1732
123 901 1468
251 889 924
12 650 747 891 1207 1291 1560
289 1246
204 521 1218 1503
591 1181
592 826 1138 1517
298 1175
47 396 886 1276 1394 1764
378 854 1559 1664
21 585
68 1697
679 1518
166 378 676
209 234 392 559
1041 1070 1228 1235
678 1022 1617
1312 1646
26 963 1357
676 823 1718
151 363
364 741 1113 1276
416 1112
587 1408
394 935
965 1414
340 458 689 1623
104 132
213 1119 1207
92 1346
1337 1384
326 385 918 1279 1578
405 1135
81 602
251 416 768 1607 1746
727 1067
93 259 1332
1201 1677
667 884 1051 1267
941 1011 1383 1544
1538 1554
865 1349 1503 1696
20 546 1519
545 1314
279 1138 1557
515 1028
112 184 547 896
1407 1732
1295 1546
527 571 1040 1136 1628
185 656 1006
373 483 769 1163 1605
707 1549
1010 1736
186 296 680
2 1179 1428 1484 1498
804 818 1240 1470
917 1479
124 751
517 976
91 1403
683 758 1283
260 1034 1746
71 165 167
154 545 1307
82 1034 1106 1384
344 1332
288 1257
1005 1482
941 1491
543 586 1264 1422 1493
15 569 875
462 1309 1487
176 865 1043 1752
625 1570
74 1540
988 1256 1426 1596
238 1652
74 314 476 625 667 800 1153 1433
43 202 217 859 1645
70 1135 1170 1544
579 1330
5 933 977 1190 1615
469 751 1421 1671 1732
845 1156
71 213 437 1316
1185 1636
958 1746
29 1564
43 404
439 863 910 1614
612 695
96 248 862 916
1070 1340
1245 1702
507 1397
212 349
645 1221
254 348
179 699 786
146 1703
437 691 716
608 629 1229
4 650 1453
184 218 304 1047 1144 1583
581 1598
64 262 785
19 286 773 944 1565
525 838 967 1116 1328
422 828 1006 1064 1685
307 616
78 818 1034 1622
1317 1571
140 295 850 1616
27 835 877
1303 1692
855 1183 1279 1289 1292
375 760 1083 1697
814 1429 1718
1011 1450
1047 1151
185 444 548 1226
322 1116 1517
509 993 1313
1003 1429
234 524 847 927 1279 1387
453 843 1130 1709
380 1292 1410
449 933
380 781 950
183 728 1368 1740
471 503
166 356 1440
286 442 527 832
423 656 1139
156 878 1132
50 539
525 908
378 573
831 1474
84 1210 1384 1459
250 794 873 1287
614 881 1127
960 1741
120 279 727
897 1601 1626 1694 1753
689 808 1040
469 689
1200 1439 1460
109 790 1513
402 798 887 1223 1377 1484
132 154 445
562 905 1752
585 645
908 1019 1329 1580
1188 1419 1643
647 950 1109 1207 1274
550 992 1286
22 554 1751
856 1469
51 1290
69 175 1580
66 293 967
385 1605
58 122 401 822 1302
126 1049
274 944 1558
818 1195
112 308 1284 1417 1616 1658
1081 1516
406 1143 1497
58 1152 1275
189 245
958 1188 1477
859 1382 1524
14 112 175 396 782 1543
713 723
469 885 1286 1519
650 940 1592 1707
1479 1672
181 920 969 1376 1380
102 782 1745
427 462 758 835 1126
698 1498
307 387
11 679 743 1358
151 1032
228 1296
1560 1623
118 211
932 946 1698
267 340 1582
334 344 1074 1485
1168 1494
131 225 980 1084
1016 1036
1155 1396
687 1435 1482
215 432
187 1491
538 760 1323 1352
310 330
1089 1680
848 1064
274 677
578 959 1324 1554 1675
493 960 1264 1365
67 75 310 321 750 939
68 90 293 1175
2 94
347 1442
33 531
732 876 1342
235 263 329 677
694 790
14 146 971
1 964 1122
25 451 649 848
132 700 781
423 856 1132
568 1074 1564
1543 1714
328 1571
675 1085 1350 1462
10 1370 1615
263 1235
108 1508
64 613 1371
1047 1148
366 954 1113 1478
618 799 1024
1576 1651
402 1227
71 1449 1560
476 1566
284 873 1331 1739
948 1244 1760
476 1218 1368 1480
197 1176 1583
366 1447
3 1359 1698
968 1211
522 549 1663 1749
810 1656
466 886
168 1234 1487
264 455 949 1227 1591
942 1493
48 1295
1372 1644
520 645 1106
190 1364
996 1088
200 1702
701 811 1266
1158 1382
219 353 950
115 1077 1103 1180 1476
420 1349 1503
58 260
70 332 1580
103 1479
787 1448
1640 1732
299 1003 1042 1658 1682
713 1477
865 889 977
85 416 596 905 1416
70 526 682 1452 1716
351 1376
699 1075 1320
101 1689
695 1218 1247
1143 1523
669 1058
345 405 991 1728
308 866 1281
494 1022
1003 1166 1640
191 1462
71 805
319 734 1152 1426 1634 1735
956 1336 1482
246 1003
986 1587
407 430 1127 1491
279 676 1752
41 900 915 1221
172 753
288 429 1021 1307 1458 1699
705 1118
387 585 717 1152
306 1761
129 661 1006 1016
84 93 1069
1078 1095
32 416 1526 1689
220 225 1420 1644
220 1362
529 682 1487
319 858 1046
67 279 605 1345
674 1502
902 1520 1693
196 1500 1648
140 359 916 1036 1569
1152 1240
550 586 869 1345
243 269 851 1378 1611 1727
1093 1323
749 797
62 715 923
448 1094
99 204 1118 1279
167 1020 1661
11 420 1711 1712
791 1435
485 981
633 1002 1578
11 223 235
480 871 887 891
368 722 1140
471 1050 1619
342 823 836 1486
388 1320 1599
11 1387 1473
747 1037 1648 1745
492 1103 1569
83 1313
805 1493
22 904 1099
875 1562 1703
805 1059 1756
29 362 1119 1639 1724
137 1703
295 321 1034
1301 1609
448 975 1076 1309
124 430 672 1487
35 1508
343 1744
291 828 1119 1300
99 688 717 976 1627
511 562 580 1738
263 1300
678 1334 1484
249 302 417 810
635 759 1049 1187
901 977
218 358 1063 1104 1732
850 1649
113 873
278 713 1166
650 754 1034
670 1007 1096
77 1000 1603 1638
274 782 1406 1421 1426 1482
916 1233 1597
1427 1439
775 1011
332 1032 1076 1279
274 1009 1166
181 1046 1168 1285
1094 1685
618 1646
11 158 183 426 936 1462 1760
289 841
251 530 986 1461
358 1362 1510
381 863 1029 1148
33 798 1222
762 1536
1634 1678
1237 1442
63 84 147 346 923 981
14 390 502 842 1456 1675
333 1708
10 1084 1284 1696
1077 1699
181 464 812 1178
35 671
494 1048 1464
934 956 1759
1200 1702
6 610 1353
703 1443
1135 1520
936 1056
548 681 765 1610 1702
130 486 1377 1655 1685 1739 1745
434 733
544 1510
575 1352
841 1045
124 675 740 1206 1510
160 224 1036 1680
279 492 1074
90 441 681 926 1057
20 466 943 1265 1491
642 930 1096 1632 1662
598 1172
1264 1666
55 1237
155 514 1492 1671
39 124
39 68 520 922 1198 1273 1746
393 1184
254 1562
102 888 1280 1409
341 553 676 716 1690
1436 1723
168 967 1536
434 1181
641 1548 1710
120 308 1248 1553
434 588 759 968 1101 1229 1530
340 1200
414 783
306 1016 1636
98 1601
562 1122
938 1456 1685
638 836 1706
746 992 1531
568 595 885
580 831
240 286 802
359 468 903
984 1393
1107 1170 1272
156 549 954
135 986 1630 1688
199 495 951 1027 1045
168 1680
417 574 871 1152
1219 1649
1301 1362
31 93 235
688 1682
727 1016
214 1185 1302 1422 1641
13 875
765 1074 1260
1301 1474
866 971 1430 1574
356 1127
1037 1674
116 1367 1453 1761
1106 1212
1029 1621
944 1363
1181 1343 1363
395 667
54 1508
919 924 1076 1213 1530
970 1446
28 388 827 1407
221 639 1110
564 833 1641
342 896 925 1761
436 976 1440
345 569
497 1058 1744
98 597 909 1021 1687
334 405 822 1587
625 1253
236 1283 1514
550 1718
841 1310
347 544 645
254 523 1007 1054 1402
243 655 927 1442
864 1248
332 1498 1617
441 473
431 738 1001 1295 1393
307 585 765 1230
238 1026
475 1648 1719
1324 1612
306 1499
172 936
650 1446 1612 1653
1292 1484
448 1270
166 1044 1476
929 1753
84 290 729
405 1124 1722
34 1139
880 1317
933 1254 1451
167 1083 1657 1688
284 1169 1320 1569
236 1448
1545 1675
180 912
687 1163 1270 1750
152 755
546 689 1558
297 386 1626
900 1003 1284 1430 1626
1023 1752
13 945 1153 1206 1331
89 1477
444 746
646 1284
46 1347
462 1353 1581 1745
452 1016 1054 1733
574 1143
132 1641
759 1029 1509
108 166 454
790 1137
286 1052 1185 1253 1281 1616
478 1704
113 1110 1601 1703
509 583 1379
82 625 1690
37 1336 1354
373 611
455 786 1405 1763
513 927
1002 1027
1165 1250
203 695 698
455 575 629 640 1654
459 1072 1269 1553
72 1276 1540
249 287 331 1209
1128 1541 1693
272 502 1137
27 1014 1142
99 1340 1429
421 510 771 928 1393
537 1157
565 706
347 711 714 1708
1632 1707
343 1107 1750
111 187 205 326 327 715 981 1247 1281
812 1378 1481
639 1105
341 582 1155
220 646
748 923 1379
467 567 1283
164 442 890 1167
217 659 1242
444 1058
567 985
696 996 1162 1515
649 715 1162
435 640 828 1501
996 999
280 988
37 162 1292
180 391 1352
399 600 804 1113
188 327
215 242 1068 1446
356 384
428 889
129 1061
363 694 971
342 509 1253
235 850
707 1015 1635
412 533
799 835 1016
582 593 1276
794 847 852 962
1090 1265 1702
1305 1431
626 672
821 1265
854 1118
111 1638
274 643 945 1065
59 208 867
736 1342
1026 1222 1452
480 810 1652
345 616 973
184 628 644 833
186 852
531 544 1721
1330 1430
315 503 1191
29 386 782 1704
2 19 1131 1357
3 13 172 493 1015
5 526 912
287 903 1599
113 117 317 596 1449
517 881
22 386 818 867
99 543 584 1687
270 712 1105 1534
359 498 856 1168
1068 1295 1375
428 481 1156
24 39 880 886
103 1482
352 753 771 1521
690 807 1721
243 817 1089 1518
329 1158
175 550
436 1053
16 636 929 1716
72 279 606 1068
603 1578
422 1193
562 599
452 537 885 1643
93 1753
228 424
506 1084
1519 1545
151 350
1213 1217
789 926 1490
746 1394
295 419 1554
149 163 832 1006
891 1743
416 514 959
982 1094
851 887 1320 1595
324 690 1096 1398 1667
620 1332 1424
90 313 1358
631 1506 1534 1737
241 607
282 602 877 1420
384 480 547 644 1643
25 217 536 1051 1531
585 894 1236 1450
1018 1037 1568 1700
111 288 959 1364
222 576
367 418 537 847
454 902
96 180 1285 1517
713 1582
417 428 1146 1539 1750
44 1286
74 111 357 738
351 1350 1450
752 826
305 346 810 1105
26 522 733 827 882
582 612 971 1047
101 726 1142 1385
551 1371
822 946 1029 1752
116 160 496 1399
607 1285
158 613
348 354
732 1573
184 1184 1388
374 761 1576
178 224 1475
87 222 851
807 1738
78 996
227 1312
1067 1126 1539
160 1284
510 622 754
582 936 1209
586 626
164 1127
306 771 1443 1680
165 286 367 575
428 513 1519
1050 1280
278 1035
116 531
357 1042
2 1747 1763
725 1103
179 629 1323 1504 1734
1202 1318 1651
771 815 878
69 97 207 459 1462
96 578 588 1081
260 641
118 596 869 1734
124 362 997 1195
446 1077 1329
990 1167
2 148 862
246 522 610 1089
344 629 1042 1156 1647 1750
232 351 1084
687 884 1242 1358 1738
63 536 1615
256 1160 1402
502 1277
119 990 1525
337 560 596
669 1249
653 657 1663
328 1030
1273 1588
285 1649
217 246 289 1602
107 636
311 1363
1611 1662
164 1380 1687
226 251 922 1746
1394 1515 1604
24 417 815
918 921
25 1246 1355
447 898 1358
1140 1562 1699
158 523 1138 1364
669 1737
744 1394
555 1384 1581
898 1577
225 1258
697 1726
359 447 1701
228 908 1393 1478
783 1617
521 562 752
140 436 1716
1043 1163
347 928 1208 1706
1301 1718
271 951
344 565 777 1107
634 1042 1350 1578
1263 1694
861 1462 1701
285 441 987 1231
934 1306
850 1160 1271 1294
109 1595 1696
651 1663
935 1296
1043 1132
625 1501
762 795 1010 1054 1516 1601
169 1164 1524 1548
1114 1129
1286 1540 1619
35 774 1238
108 160 677
222 940 1109 1132
150 168 1027 1380
802 1155 1267
272 1353 1740
788 1255 1593
836 1721
305 654 761
575 1667
856 1176 1402
126 711 905 1663
40 716
165 333 603 920 988
847 910 1163
364 458 752
1354 1516
808 949
308 673
1274 1354
111 722 1235
401 1524
273 919
129 1036 1142 1709
161 408
196 1321
545 828 887 1034
217 1667
130 896 1476
99 431 825
650 1053
12 1150 1226 1748
91 1292 1293
632 921 1619
974 1473 1704
29 1349
942 1461 1501
414 696 1077 1338 1593
1247 1687
1155 1311
22 1343
234 927 1440 1602 1626
399 1465
1076 1285
844 1059 1146
65 1417
119 219 444 1475
381 1320
642 863 993
122 998 1208 1351
485 671 860 865 1267 1493
150 1352
669 1084
250 1037 1327
681 691 698
69 118
201 603
498 509 536 1621
10 798 1717
849 1320 1707
380 744 784 1054
765 1586
1235 1576
474 550
185 774 919 1050 1142 1497
970 1196 1327
5 1073 1750
174 1215
109 326 961 1116 1239
195 1268
811 1708
69 110 1601
68 296
320 1737
310 815 1300
317 759 1165
71 124
319 366 993
63 651 675 1121 1286
345 1172 1285
1114 1287 1464 1544
482 1314
381 1282
616 1032
565 897
820 909 958 1451
219 867 1627
103 236 1476 1598
131 410 1090
826 1659
398 423 1447
460 1058 1542
643 865
525 1511
1547 1742
631 1411
460 823 1369
320 1123 1175
330 748 911 1024 1641 1682
18 396
2 133 1350
27 95 160 418 894
705 1204 1407
91 249 449 545 774 988
304 898 1139 1619
792 1274 1330 1627
98 1614
148 192 554
270 313 719 881 1145
1484 1551
745 1105 1502
1251 1560
376 836 1067
50 63 112 1015 1229
255 1361
118 462
790 1462
715 1741
24 32 1426 1523
96 452 896 1393
63 828
25 314 441 1344
1483 1718
211 1032 1187
136 338 718 780 1437 1532
315 1340
795 1684
47 725 815 1629 1660
77 968 1345
759 1163
37 54 451 703 1485 1633
387 455
38 338 1512
108 1040 1421 1726
144 752 822 1615 1668
394 765 981 1073 1534
297 523
762 1066
919 1050
430 1452
171 765
698 960 1298
1028 1120 1708
643 1045 1510
44 1411
175 421 914
1214 1325 1360 1432
338 974
33 484 1550 1601
320 1149 1387 1409
426 447 964
1214 1673
493 717
110 990
35 306 452
1173 1586
523 723 807 1568 1672
522 1314 1561
340 787 917 1074
464 1519 1676 1707
77 98 341
504 553 603 610
5 34 315 739 1426 1446
26 522 1588
369 511 950 1623
232 515 572 1689
348 1321
239 442 1564
897 1023 1119 1590
213 586 1574
313 1515 1647 1671
88 230 1645
115 146
320 435 1038 1297 1705
72 409 887 1207
66 828
1056 1317
53 201 589 1046
998 1186
183 488 715 1004
132 247 383 1467 1475
127 515 884
554 1592
450 607
306 1726
22 1146 1731
4 95 954 1221 1683
