4420 6725
1271 1767 3122 3203 3951
599 3541
2185 3106
2809 3398
637 3366
3020 3293 3349
2109 3180
1394 1401 3634
3322 3817
183 4317
2245 2478
2813 3249 4133
252 911 1734 2002 2017 2461 3776 4383
1666 1790
900 1500 2345 3015
1544 1799 2398
3075 4079
1393 3773
98 1653 2031 3900
2432 3204
247 609 3894
415 960 1015 1070 1107 2251 3382 3669
763 1198 3380
2651 3729
297 3489
270 942 1511 3551
810 2050 2142
664 2414 2471 2731
839 1142 2623 3209
1790 2184 3201
2657 3841
836 2972
169 2547
362 3181
678 1286 1491 2149 2877
2457 3605
1625 3058
1415 1463 2100 2223 2339
11 2764
987 2341 2991
1281 3752
2394 3221
289 646
2934 3108
1024 2649
373 3366 3731 3815
966 1360 1516 1556 2473 4254
647 1114 2144 2710 3643 4355
3516 3963
2075 2695
307 2018 2415 2990 3613
1865 3407 4306
2537 2870
1329 4244
561 825 1898 2428 2883 3265 4352
1547 4357
1378 1714
1682 3819 4014 4239
8 3656
3787 4040
187 1668 4361
922 955
885 1167
608 1680
485 4366
107 2050 2968
1207 3404
46 1369 3537
190 977 1104 1320 2451
694 1053 1559
1716 3697 4209
611 1455 1553 3090 3842
729 1556 1984
2858 3705 4215
3935 3946
209 2119
326 359 529 3628 3795
1239 3194 3826
902 2972
78 316 461 1644
2229 2560 3608 4362
254 577 947
275 3375 3517
562 1980 4101
179 4314
63 1499 3287
503 754 1647 2120 4419
1315 2076
1577 2288 2725 3701
510 866
2493 3043
919 3797 4256
28 2300 2458
251 471 852 4407
186 883 992
1356 3402
2274 2504 2785 3331 3676
178 716 906 1951 2765
363 3484
13 1261 2213 2343 2625
125 1452 1781 2643
264 3631
891 3099
1903 4068
1454 3397
200 3608
2020 3726
2080 3269
1740 2402 2489 3257 4077
2703 3163 4371
266 454 3431
1060 1122 2568 3275
1270 2767 3914
2506 2688
431 2851
3040 4057 4228
2404 3275
523 2481
1237 3861
3491 3724 3791
538 1076 1312 1612 3548
168 2873
5 1589 3274
782 2742 4305
123 986 2375
701 831 2574 4090
1015 2064
6 2158 3554
52 2355 2707
723 1695 1805
781 792 2657 2859 4265 4301
857 2881 3291
482 1640
238 982 1628 4321
2167 3659
328 1420
42 3666
769 4397
1548 1892 3643 4275
1749 2042 2649
908 3255 4009
48 971
2414 2560
529 1017 2453 2751
373 1051 1673 2020 2140 3698
316 3007 4411
3731 3940
1769 1797 2342 2724 3174 3756
353 3754
2794 2968
1649 3456 4109
121 1003 2829 3382 3632
730 3064
1843 2162 3230 4094
740 1737
78 319 1788
997 2772 3805
140 1471 3730 4051
2865 4163
1539 3278 3910
2594 3673
66 1442 2621
187 961 1064
55 1262 3180 3935
129 819 2591 2612 2683
624 3871
429 2154
845 4092
1180 2832 3815
214 362 1271 1812 3707
3460 4012
501 1397 2799 3996
477 583
855 3211 3423
249 1686 1689
1692 2628 4152
750 1088 2549
1830 3193 4114 4160
1641 1793
3628 4349 4412
3001 4190 4389
167 1155 1406 1987 3618
134 1607 2288
836 2313 3232
3833 3871
770 845 1815 2272 3141
1792 3251
1338 3363
1423 1691 2030 2883
14 232 4015 4086
1440 2451
726 2549 3244 3639
736 1289
610 2266 2547 2789
916 4031
314 2246 3267
159 968 2802 4287
721 2950 3454 4010
2986 3040 3071 3528
273 1192
1077 3434
1163 3717
1247 1811 2651 3295
1610 2769 3217 3270 3493
1455 2282
180 2872 4212
1119 2011 4052
2344 2480
2874 3801
2896 3257
1677 2558
786 3734
1217 2195
1509 1816 1977 3894
291 573
214 604 2148 3065
181 776 1600
474 1096 2346 2795
1315 3098
3809 3817 4015
554 3941
3484 4061
4046 4193
3035 3684
500 2969
1188 1661
446 1482 3653
648 671 2624
2296 4140
556 1085 1840 1861 3104
1875 2583 3677
2503 4256
1393 3394 3522
1228 1492 3708 4215
669 3797 4024
65 671 966 1888
1898 2877 3820
1223 1536 4102
119 1080 3231 4159
2107 2788
1456 3205 3845
350 1116 2401 3454
1515 1614 3313
26 159 1226 1647 3779 3827
3166 4228
1986 3008 3396
132 984 2663 3754 3773
2894 4137
131 355 2018
2937 3068 3174
3390 3777
12 398 635 1277 3576 3626
2463 3489
440 3497
143 1937 2512 3495 4382
3057 3581
340 804 2348
900 1403 1455 2977
597 1828 1847
474 1824 3935
466 560 2755
327 507 1827 3713
1305 1561 3267
1627 1808 3063
2032 4326
233 2316
512 1812
1118 4272
584 1382 2472 3891
318 1422 2515 3634
1416 2286
1504 2601
249 255 1412
2484 3000 3403
341 2965 3562
370 691 3342
1401 2814 3170
355 3758 4159 4326
188 439 1865 2090 4370
1107 3392
4155 4289
2517 4339
1616 2227 3158
341 880 2408 3369
320 556 3899
2030 4292
3473 3651
254 1297
195 1811 2092 4325
1048 3502
581 3339 3840
663 929 3281
972 2576 3166
1199 3251 3722
458 1077 3634 4252
2440 3714
1876 2479 2958 3230 3265
452 3511
1984 2719 3310 3886 4297
206 635 706 2122 3370 4386
1778 1821
4 2143 3171 3206 3617
3118 3426
540 599 3420
415 795 1754
52 787 2511 3740
254 3609
771 3460
1525 2046 2474
1060 1641 2049
3629 3789 4360
29 3206
1778 3212 3572 3766
1647 2961
725 3852
1232 1665 3934
1614 3073 3332 3705 4128
494 2654
1990 2749 3408
1720 3933
1304 1372 1512 3690 4044
1398 4178
2003 2120 2335 4230
3185 3343 3869
2073 3453
1164 2542 3021
2425 2441
230 359 2297
3270 3726
727 2179 2351
199 2584 4143
1561 3905 4023
977 1635 2747
1911 4226 4301
225 249 1063 1581 3053
221 682 1291 1809 3661 3724 3815
385 4105
453 2237 2715 3323 4014
585 1644
122 1064 1290 3044
1346 1976 2184 2285 2730 3052
812 1090 1581 4201
600 1931 2194 2952 3941
1951 2423 3438
915 2288 2733 3256
570 2265 4413
421 3670
218 2637 3371
669 2844
960 2412 2501
1227 1562 1736 2413
70 2996 3619
1319 2180 4355
70 1181 2224 3482 3634 3758 3797 3972
686 1179
256 1037 4290
1975 2570 4239
771 968 3137
346 488 3150
593 3934
716 3868
1520 4172
52 2993
284 1124 1407 1415 2506 2750 2921
888 2296 4090
1614 2317 4163
2767 3978
456 2205 3089
1882 4239
972 1634
3040 3515
1037 1703
791 1550 2932
2455 2558 3113
1151 1865 3325 3365
1152 3981
4176 4193
1634 2317 2743
5 474 524 2353
278 1339 2000 2296 4353
1667 3352 3498
1195 4221
672 2548
74 184
26 469 3248 4220
4 1637
3507 3570
116 1225 1305 2158 3228 4088
937 4249
2564 2755 3888
1724 2637
3231 3239 4121
1350 1499 2837
77 345 2496
2618 3297
508 829 1403 3689 4388
5 476
2170 2630 4014
630 1079
1023 1873 3017 3318 3489 3999
89 822 2246 3418
1115 2290 3181
2449 3137
929 1787 3432 3991
1319 1348 2162 2582
1920 2356 2602 4108
911 1321 3728
343 2040
1999 2710 4401
58 2600
1583 2633 3396
336 913 1088 3187
555 3432
267 2721
748 2085 3429
360 1416 1537 1992 2878
25 313 2994 3087 4031 4288
883 983 4272
3132 4293
1412 1760 2260 3081
6 1258 1358 1440 1970
326 1821
202 276 3059 4362
2813 3300
1628 2203 2367
457 2215 3154 3176 3535
483 2871 4267
373 1711 3842
569 1704 3170
1251 4102
970 1924 2282 3726
1235 1287 2967 3814
1293 2652
2014 3826 3998
1934 2349
724 1906 2782 3537 4334
426 1686
315 458 1547 2779
3285 4220
664 2218 2482 2568
601 1173 3481
1636 1642 1718
243 1568 1655 2385 3414 3750
245 2908
1605 3821
189 1046 1130
967 3373 3600
123 4146
3461 4368
1143 2261 2655
357 714 2636
2395 2792 2979 3169 3823
1382 1481 2416 2575 3576
2115 3838
1121 3501
199 1069
312 3070 3514
1997 2293
2178 2772
216 490 1203 3567 4110
295 658
153 1205 2236 2869 3033
641 1988 3345
427 2650
304 1923
136 917 1693 3072
189 2271 3690
2149 4228
3441 3570
273 3663
782 2641
856 1708 3295
899 1338 1893 3108
4082 4277
3192 4195
71 2088 3501 3769
1460 2034 3793
1828 2939 2963
436 553 820 2395 2411 2512 4077 4106
288 2296
2576 2927
871 1403 1869
43 3694 4396
311 1610 2226 2944
452 1593
1488 3854
1334 1491 2178 3127 3593 3827 4010
1708 3835
1773 3731
451 2910
2701 4334
1650 3347
3465 3491
597 1960
1143 1145 1896 3730 3810
768 2099
46 595 727 1102 2708 4219
1563 2493 2568 3590
1192 2146
1944 3867
1050 1128 1654
1745 1926 2337 3779
1518 2939
474 983 2279
822 1811 4114
1471 2267 2444
1339 2059 2983 4117
1298 3848
869 2022 2586 3030 3781
1089 1882 3456 4294
684 1642
2007 2172 3913 4413
1295 2429 4110
2999 3448 4057
1135 1786
434 4222
392 542 4236
384 1570 4341
1003 4281
2256 2806
1466 2028 2279 2806
106 1264 1759 3554 3589 4295
2531 2957
497 2805 3366
965 2671
1003 1591
995 2525 4401
851 1204 2254 2776
2535 3904
602 970 3845
902 2558
1339 3656 4332
1649 1872
2316 2824 3539
4108 4281
913 1522 1620 1884 1944 2300 4248
1375 2988
344 1550 3219 3327 3918
677 1611 3749 3802
1404 3642
91 117 784 1218 1532
1700 3675
87 489 1919 2597 2636
529 578
683 2114 4392
193 1141 1659
1467 3080 3639
299 2192 3287
274 2180 2653 2806
1527 3913
251 4376
1530 2584
954 1073 3847
3677 4330
1156 2295 3195 3762
2984 3096 4020
447 456 2709 4218
1987 3394
51 1631 3619 3862
177 647 2102 3479 4202 4232 4362
1438 3302
409 2621 2835 4277
1266 2840 4160
1196 4202
2805 3892
3679 4418
115 1268 2696 3479 3669
925 2951 3372 4219
1123 1289 1756 1873 3085
2810 3317
2776 3042 4305
127 1912
909 2741
32 344 3215
1741 3901
559 4273
2370 3348
1404 3652
1316 4329
2527 3242
1897 1955
2031 2695 3819 4407
2227 2603 2929
175 2753
281 1628
368 398 2959
1033 2886 3740 3788
1581 2168 2851
3949 4288
1007 3745
501 1120 2993
781 819 1520 2106 2924
2711 4378
2675 2790
37 3879 4253
203 1635
10 117 1143
1296 4060
865 1704 2032 2317 3539 4211
1968 3702
1121 1237 1327 3995
1321 2716
667 2122 2376
1569 1964 2879
857 4144
1063 1994 2020 2746
1595 3068 3986
2356 2650 2760 3123
842 1117 1648 2907 2975 4122
3495 3975
3053 3487 3777
1561 2055
1669 3033 4043
1027 3204
3693 4102
1568 2799 2962 3014 4095
836 1285 3996
1159 2780
199 905 1376 2808 4118 4263
673 2711
1652 2603 2712 2715 3819 3945 4332
344 1852
213 2397
3474 4190
2143 3824 4310
145 336 434 3556
591 2055 2284
2776 3995 4106
437 940 1561 3051 3085
663 2589 3063
1176 1240 2154 3283
393 1793 1888 2522 3252 3298 3625
2584 3322 4174
1574 1666 2230 3120
645 2078 2591 3053
2499 2763 3678
1226 2777
1403 4200
1604 2076 3479
856 2815 4087 4128
1399 1550
625 1698
1643 3925
312 950 1974 3665 3874
556 1345
501 1928
462 2893 4224
600 2858 3168
182 991
2697 2975 4047 4167
142 2852 3385
1107 1895 4148
150 484 1032
146 984 3672 3710 4184
514 3193
1898 2224 4049
120 598 3350
3787 4360
796 2039 2256 4144
1210 1699 3025
38 377 539 3089
1908 4375
1931 3024 3070
1274 2274
528 2655
903 1279
2419 3678
17 916 1452 1633 2598
1143 3407
1549 3767 3802
1178 1950 2233 2621 3448
2710 2885 3982 4212
1156 4088
459 3686
138 193 3921
2056 3049 3241 3763 3854
713 1169 1538 3831 3844
2974 3508 3619
1649 2423 2881
772 3792
350 450 2332 2701
1159 2064
1326 1423 2803 4226
1872 3931 4095
480 1076 2906 3394
993 4212
219 961 1330 1861 2730
1575 2531 3354
927 3226
3678 3906
1244 1532 1650 3924
3933 4051 4305
757 3139 3939 4304
2004 4214
902 4276
597 4406
1494 3031 3469
595 1404 2921 2932 3323
978 1748 3492 4396
877 3835 4219
1384 2196
487 4032
23 1400 4096
1262 1683 2098 2698
1077 1360
170 592 770 1664
1338 2648 3493 4337
1069 1228 4061
1940 2491
1816 2815 3759 4194
462 1477 2850 3310
2003 3479
3920 3984
688 1215 2433 3928 4242
1064 2310
937 1092 2070
1224 1608 2323 3286
865 1299 2308
1636 4048
2908 3417 3757
121 415 2041
1284 4103
635 2514 3260
1196 1648 1706
285 1275 1365 1495 3049
3368 3852
2134 3836
1014 1844
1361 3658
84 523 2645
897 3113
1565 1699 3787
813 2657 2854
2003 3845
429 1074 1158 3347 3471
3275 4242
3271 3986
1397 1604 2917 3654
2496 2564
906 2564 4362
645 3320
3968 4072
3134 3201 3811
4008 4200
913 1461 3108 3392
365 3230 3863
2588 3010
2282 2544
1643 1796
219 1169 1879 2263
2140 2226 4161
1719 4416
2080 4168
3346 4121 4315
901 1912 4103
48 1632 3048
508 3434
1927 3956
2248 2618 3737
2305 2349 3827
1028 4144
425 1290 1547
143 2068 4384
2415 2691 3289 3663 3853 3887
3025 3561
1456 3380
97 685 1334 2361 4012
500 1840
654 1498 3741
2999 3470
452 1257 1905
1046 1186 1327 1898
788 2426
1213 2837
1572 1788 2520
467 1223 1297 2574 2654 4312
1851 2189 3221
2322 3892
1175 1880 2886 3869
2502 4192
668 1757
586 671 4102
656 861
1205 3593
1447 3839
383 1311 1751 1899 2817 3428
1178 2337 2403 2660 4310
1138 2370 4163
114 980
399 3581
1454 4378
1120 3622 4203
2698 4082
86 743
1719 3966
1316 1745 2843 3216
770 1009 2672 3770
2677 2851 3622 3910 4209
680 1646 2224 2935 3789 3805
8 838
344 3060
2309 4331
536 3012
2169 3526 3696
388 2168
2825 3978
676 1873 3394 4396
914 1138 1914 3218 3807
899 1408 1860 2730 3285 3400 3822
818 890 1115 3895
946 1319 2521 3662
1441 1995 3374 4254
49 867 3304
2575 3442 3636 3753
130 1018 1526 3329
2025 3074 3152
506 899 3386 4389
2075 2718
465 1422 1509 1959 3357
1246 3207 3389
79 340 1506
2171 4225
442 1828
2658 3250 4100
2572 4339
794 3993
1084 2347 3273
405 2460 3640 4354
2862 2864 3575 3960
348 694 1110
665 2583 3748
1630 2896
682 4414
2987 3982
1045 1320 1495
167 768
315 342 1618 2110 2690 3763
60 658 4152 4401
57 1591
809 2041
813 2350
235 470 644 1269 2044 3235
1311 1762
1471 3120
605 1838 4242
1596 3480
3766 4128
841 2571 3527 3859
54 2874
536 648
950 1902
1497 3520 4217
1751 2915
417 822 979 2656 2808 4101
381 1557 1815 2494
2774 3734
302 1901 1985
366 1247
1028 1449 3143
1079 1400
3355 3539 3847
1820 3498 4234
1556 4104
1161 2135 2356 3146
440 911 1133
1649 3811
467 1467 2444 4112
50 811 4226
293 605 1064 4008
178 3637 4182
1684 2897 2924
1094 1884 2369
2719 4097
215 701
2965 3863
415 1393 2506 2567 3796 3816
2176 2590
895 1998
995 3681
1909 2566 3074
339 855 2318 2516 3049 3391 3466 4081
2479 2985 3228
400 3596
106 3008 4316
154 1422 1924 2699 4098
286 625 4109
2125 2556 3124 3951 4001
1838 2030
1487 2445 4358
168 894 1807 3087 3445
460 753 1938 2239 3704 3902
317 2462 4007
2408 3708 3908 4091
469 900 3148 3685
3961 4335
3490 3613
3087 4283
248 2778 3504 3546 3856
2022 2200 3018
512 1299 2192 3286
575 1021 2167
1464 2862 3301 3714
122 844 1790 2583
2896 3549
830 2100 4163
1259 3225 3840
533 540 1629 2788 3192 3557
462 2934 2939
832 1297 2297 2388 3206 3320 3948
964 1513
58 2770 3438 4374
584 1916 3264
1116 1200 2098 2102
1585 1737 2274 3275 3810
167 447 623 4234
929 2005 2345 3907 4378
175 1667 3295 4044
951 4272
1423 1894 3172 3236 3977 4233
189 917 1573
3891 4205
2473 2484 3706
257 3539 4104
851 3036
339 1627 2616 2698 3027
388 837 1927
736 2475
1593 3257
1441 3623 3847
4 99 3526
1183 3443
330 2410 2649
93 1410
1740 2000 2053
428 3488
58 916 1295 3257 4324
100 548 4033
2882 4213
2076 4167
338 3034
962 2162 4133
522 1158 1471 1601 2972 3119 3203 4289
577 831 980 1207 1259 1716 2917
1382 2304 3112
747 867
3547 3670
576 1321 2302 3685
359 1017 1749 2143
867 1774
1100 1499 1710 3108 3940 4131
1352 3555
334 1052 1059 1764 1999 3092
24 3399
3028 4004
3057 3456
48 2052 4018
2836 2946 3726 4166
821 2209 2420 3205
2523 3273 4248
1683 2848 3082 3534
607 993 1605 2783 3007
425 2294 4081
1083 4381
223 2389
889 4239
2554 3559
2091 3559
1886 2028
1261 3649 4295
2656 3828
1141 1921 2147 3066 4306
1847 2747
3420 3560 4026 4311
2144 2688 2957
362 2196 2508 2990 3372 3786
129 2608 2671 3410 3985
966 2686 3592 3662 4002
713 741 1189 2966
788 1683 2496 3894 3907
2483 2721 3681 4082
12 3706
2597 2620
574 2602 2765 2977
1505 1812 2807
490 1279 1431 2298
1624 2072 2838
1050 1927
1268 1310
29 2551
141 888 3699
562 839 1057 1120 1336 2156 2223
2116 2972 3432
494 640 2690 2841 3139 3978
292 2945 3947 4409
1691 3606
224 337 913 2812
629 2808 4249
53 2427 2523 3791
338 1771 3154 3398
346 1644 4102
363 1454 1695 2642
966 1328 1802 2231 2536
156 803 3085
1100 1666 1670 3164
1448 2938
1968 2897 3912 3944
1491 1821 2358 3829
187 2382 2709 3425
745 1139 2211
801 926 1298 1762 2381 2837
3773 4157
1661 3822 3937 4390
2220 2653 3881
1022 3824
651 1111
986 1396 2003 2579 2608 2610 2977
1158 2592 3296 3412
326 3502
2090 3287
274 521 598 2879 3973
535 979 1427 1616 2357 2672
2369 3513
195 692 1805 2258 4302
2575 3101 3463 3688
1542 2047 3192
1982 2659 3655 4027
954 1142
30 50 1858
1063 1968 3394 3931
466 3590
1809 2009
124 3336
1804 3593
1619 3209
1238 1508 2439
526 3532
638 2523
816 1608 2339 2649 2761 4420
497 2010
890 3875 4067
1898 2324 2333 3030
2561 2635 2637
976 3212
486 903 2195
1162 1364 2547
131 236 312 1117
796 1871 2967 3379
2501 3075 3865
796 1073 2958 3529 4408
3565 4132
1478 2415
1624 2737 4044
533 1980 3906
439 2649 3933
54 971 1605 3536 4295
11 2234 2417
1903 2648 2692 2977
613 898 1717 2013 2980 3489 4376
1859 1921 3261
392 1412 2186 4075
673 3248 3519
2774 3021 4013
1 1249 3225
1823 3528 4255
874 1619 3201 3492
570 962
1947 2576 2667
1504 3480
1243 1247
183 2862
1495 1810
999 1706
65 1963 2474 3102 3994
92 3837
1987 3532
1003 3550 3808
110 559 3420
1560 3287
157 399
3149 3277
2203 2641
1126 3784
2439 3815 4052
887 2573 3141
1345 1752 2870 3317
1231 2759
179 439 1424 2530
1433 1670 2422 2457 4152
1793 4022
1449 1898 2730 4395
481 1694 4161
632 3804
163 3529 3539
1174 2460 2484
2231 2460 3730 3862
2664 3862
346 2778
271 1332 1811 2151 2491 3182
2577 2707 4380
149 1014 2123
149 1095 1308 2505
307 1050 1123 1513 3913
34 861 1860 1991 2221
1499 3851
1237 2908 2939 3812 3926
2522 3739 4212
3456 3674
2666 3081
1413 1815 2852 4047
3456 3475
679 729 753 2281 3230 3453 4166
214 2433 2602 3286
484 1302
807 1969 2752 3550
1891 2467 2652 3297
614 1570 2920
3027 3376 3784 4138
1835 3199 3712
938 1420 2545 3747
1552 3357 3688
372 1577 1932
1637 1819
523 1122
599 1847
1135 1468 1943
2977 3154 3175 3229
286 1348 2153 2727 2850
144 1687 1916 2875 2914 3055
1223 3433
2484 3761 4054
2085 2135 4325
75 1629 2104 2663 3157
548 1615 1653
1 1303 2261 3536
246 821 2786
76 704 1338 2136 2284
2389 4296
934 2185
429 461 2323 2334 3618
757 3919
86 243 758 1657 1921
1524 2738
126 3903
2206 3532
226 2556 3505 3636
83 217 1050 2186 2409
1156 3396 3661
2561 2757
75 1793 2288
21 971 1145 1253 3185
1465 3278
3462 3813
2900 4024
1750 2606 2967 3945 4180
1260 2646
994 1587 1675 2239
173 1769 4044
2224 3133 3474 3766
55 445 518 4249
2613 3798
1137 1400 1782
427 1583 1624 1887
2678 3694 4302
95 1615
268 647 1611 2260 3406
1631 2231
239 791 2048
884 931 2447 3529 3733
104 294 336
458 576 3938
1687 2041 2604 3722
1266 1774 2164
91 1690
2692 3529
170 723 1871 2350 3887
2103 2815
3443 4137
1286 2457 3299 3507
2116 2706 3320
1665 1683 3798
151 162 452 1447 1471 3967
977 1174 3083
1273 1446 2100 3649
733 3371 3723 4070
1177 2306
497 3804
2715 3136 4181
3537 4017
1750 1993 4301
1874 2389
2670 4269
876 3824
3456 4286
2820 3024 3828
1811 1857 2255
2289 2385
1513 1909
2244 2258
1094 1402 2310 3151
2248 4020
3064 4137
229 280 586 638 1770 2131 3210 3635
332 1202 1610
1003 1095 2062
1026 1165 3763
1769 2749
3328 3402
1675 2371 2888
1090 1700
1369 3217
136 326 1383 3748
1455 3050 3841
1362 2023 3873 4223
819 3117
2045 3434
307 425 1319 1375 2445 2880
1606 3305 4398
345 3802 4029 4401
3033 3786
451 572 3316
1450 2838 3765
1670 1965 2921
784 1309 2871 2982 4156
1330 4159
2480 3046
111 643 2184 3486
1707 2585
1906 2770
1324 1756 3732
650 1634 2865 3653
1175 3159 4180
466 2428 3846 4131
463 1573
2598 4067
2301 2982 3545 4281
2247 2415 3183 3936
305 1512
999 2642 3693
198 1793 2502
979 1102
1827 2300
417 579
2202 4319
461 2286 3689
1493 3883
2491 4286
1352 2512
675 740 2049
367 2277 2632 3688 4416
139 1060 2871
1227 3913 4019 4171
1190 2452
1466 3298 3533
2337 3527 4375
1971 3191
447 485
951 1187 1622
1526 1811
1501 1640
979 1929
569 775 3670 3753
141 2457
2106 3453
431 1317 3376
3104 4136
563 2002 2854 3187
92 1156 4416
340 354 1579 2404 4032
1579 4325
3988 4383
1102 3127
3820 4311
1550 2600 2726 3461
1337 1428 3441 3479
1294 3523
3708 3999
2897 3439
45 307 686
1097 1331 4192
1055 1407
2000 2202
431 1770 2585 2724 3080 3285
307 2302 3498 4151
16 788 2609
3377 3650
141 1667 2305 2473 3066 3772
405 3375
46 1300
1878 2699 4014
511 1683 2247 2267
260 1058 1920
768 1318 1598 1757
2651 2992 3073 3592
205 221 4310 4379
646 2189
104 3552 3682
1629 1714
2812 2859 3988
187 3230
707 1355
480 1540 2120
384 1352 1765 2246
269 1556
2976 3839 4177
897 1011 3839
1566 1940 3581
1241 3214 4045
2080 2702
3033 3261
1686 2339 2475
224 3579
1081 1112 2733
1837 2037 2419 3433
2783 3140
991 1311 2161
1710 1877 1958 2958
1286 1439 3563
2335 2701 3484 3739
1652 3174 3449
160 3312
839 3958
737 2082
1388 2461
1041 2166
29 925 1220
205 2247
1881 2039 2472
344 1261
1433 3898
1195 3766
1 3932
1081 3621
2366 2650 4084
1208 1714 2692
515 1482 2399 3308
2266 2960
735 1063
656 1890 2890 3492 3794 3867
1187 3876
1056 2893
743 2265 3174
1501 2418 4338
485 498 1403
111 936 1356 2190
254 344 918 2802 2896
533 2021 2201 2237
76 666
733 2513 3993
920 2705
1128 3250 4349
447 984
1107 1737 2165 3390
290 418 2412
262 2184
1574 1935 3927
1427 1441 3849
42 2000 2535 3393 4212 4299
648 2452 4286
883 1405
3347 3654 4108
2306 3843
629 1530 2653 4092
740 1886 2998
240 1223 3123
866 2296
33 1404 2802 3487 4044
2657 4387
2199 3034
435 2681
484 848 2086 2329
1121 4335
1136 4280
730 2657
506 3066
880 1681 3162
2061 2362 3040
1940 3421
852 3155
698 3323 3381
1741 3327
1409 1902 3801 4342
986 3039
1162 2001 2354
378 3698
195 938 2482 3646 4175
190 1135 1768 3669
1194 2029
2238 2548
1492 2059 4064
129 1059
1153 3911
270 842 1636
185 821 2544
4 586 3337 4021
912 1667 4302
988 1094 4166
337 2743
765 1951 2729
1588 4395
3207 3298 3762
64 251 1012 1574
584 1583 1591 2259 2384
714 3991
1271 4328
1249 1444 1500 3748
867 1338 1835 3817 3987
1660 2060 2742
1494 3081 3847
414 3159
214 1334 3272 4147 4150
49 1439 1570 3488
2945 3771
781 3662
2060 3263
1982 3079
349 2059 3140 3299
898 1159 2696 2814 3903 4021
1786 3987 4358
394 1388 3813
1670 1741 2143
448 539 2237 2619
1131 1902 2725 3851
1264 2079 2339 2489
2881 3817 3986
734 1422 2945 3784
2102 3803 4315
149 712 1168 2369 2999
1902 3242
963 4193
767 2049 2294 2364 2764 3405
876 1040 1857 3035
11 471
1161 1250
559 881 1305 1966 4022
685 795 1353 3033 4285
961 2982
273 1502 2375 2645 2971
1250 1936 3374
708 2090 2696
1327 3606
3735 3928 4280
610 3891
995 1856 3263
908 1857 2814
410 2857
87 3240 3481 3885
2375 4308
739 1094 1205 2386 3816 4234
943 4168 4255
436 1652 1929 2453 2765 2949
638 4080
3639 3840 3939
1949 3486 3595
79 2233 3473
569 1201
474 3067
273 311 3734
694 2861 3480 4226
1588 2975 3933
172 2023
183 3342
1294 2238
3537 3683
2206 3638
133 1167 2106 4021 4102
37 1145
287 1944
685 2664 2930 3642
3498 4115 4163
1112 1603 2712 3407 4137
1628 3181
2320 3352
1596 3144
2340 4171
998 1708 1837 2441 3096 4039
226 3847 4253
810 2306 2510 2892 3346
1538 1910
147 164 2561 2936 3232 3766
207 820 873 1651 2280
692 1691 4032
1876 2966 3658
994 2571
95 552 1650 3828
720 3238 4200
1167 1586 2615 2852 3334 3730
1169 1736 4208
159 1292 1339 1964 3359
53 960 3913
895 2203 2508
2805 3422
977 2159 3449
363 3496
3196 3322 3939
203 1808 2039 3199
1238 1614
391 2265
1171 3155 3396 4320
606 1418 3014
57 3595
2772 3196
2418 3440
2376 2573 3446
412 788 1490
10 1115 1166 3164
2194 2240
2600 3912
677 1243 3546 4114
2686 4201
682 2314 2506 2537 3517 3696 3699
251 346 633 2510 4202
863 1799
1096 1710 2757 3837
2012 2817 3390
505 3246 3583 3799 3910
1193 2358 3112 3925
1712 2834 4190 4400
317 579 3494
1506 3731
871 1145 1481
2648 3630
1398 4387
415 732 1328 1960
312 3415 3435 4217
888 1579 2902
565 1515
1107 1320 2890
2030 2575
650 4225
1900 4225
1733 3317
2305 2389
784 829 1647 3120 3767
381 785 3424
61 1584 2337 3419
2008 2109
474 814 838 1581 2002
1770 2423
491 979
2828 3501 3798
320 1606 2442 3085
2435 2522 3417
2209 2610 3068 3294 3326
854 1629
1075 2657 3757
1136 1608 1909
3058 3059 4073
144 1010 3084 3496 3507
2057 3448
296 813 2623 3143 3597
2408 4069
1260 1754 2080 3079
2195 2636
767 1187 1229 3371 3565
1508 2302
383 1660 3628
1938 2736 3111 4210
1808 1959 2293 3083 3949
224 3109
703 1688 2148 2527 3108
1248 2115 3410 3655
2558 3719
2984 3124
542 958 1740 3245
1149 1524 3170
13 1926 2853
1272 1957 2201
5 1809 4025 4033
1520 1803 3417
2569 3727
124 3123 3466
680 1711 2569
478 532 921 2035
2888 4196
163 627 3381
710 2358
851 1456
499 961
2308 3045
1049 3010 3739 4056
1937 2480 3493 4176
404 1828 3591 4090
3008 3537 4209 4227
149 1098 1525 1565 3948
1000 2501
296 2990
214 2778 4406
2586 4210
1454 1603
244 1471 2475 3634
215 425 1846
1031 1207 2737 3229 3309 4287
41 605 1656 1949 2505
1651 1703 2883 3264
969 3798
2700 4228
382 2297 3631
3501 3562
819 848 2430 2699
818 857
3185 3970 4087 4416
849 1188
2132 3790 4129
749 3983 4175
113 1585 1676 2049 2583 3753
998 2681 3145
213 521 2071 4069
138 1234 2380
994 2260 3800
1553 1920
53 161 1615 4176
2081 2507
1345 2355
1985 2123 3146
2574 3449
407 4011
339 2980 3272
42 1516
791 1028 2823 3312 4264
101 1453 2019 2695
266 1253 1475 2215 3009 3045 4113
275 701 2642 3679 3862
35 238 346 737
310 4211
3355 3681 4070 4113
3248 3329
2414 2629 2930
319 743 1612
1865 3967
1688 2626 3045 3201
1107 3747 3797
3552 4213 4379
770 2301 4061
268 695 1053 1822 2072
318 351 842 1076 1556
897 3901
2131 3666 3720
597 1463 2797 4298
2204 2731
1154 2551 2618 2949 3004
2934 4339
1128 3806
727 4061
401 1308 1710
1336 1604 3484
1451 1894 2150 3285
2217 3294
98 1197 3069 3581 3916 4070
548 550 781 2399
1253 2650 4394
2513 3952
3249 3256 3857
47 115 1164 2945 2977 3090
1727 2865 4019 4234
485 976 1376 4188
1522 1662 2281 3467 3486 3648
373 2158 3582
2515 3366 3766 3923 4262
732 1762 1969 4247
1129 1845 2585 4104
193 2996 3184
556 1835 2330 2713
391 2508 2991 3137 3851
1032 1157 2477 3184 4130
1297 2712 3509 3745 3789
1475 2087
2009 2182 4007
3042 3894 4254
392 1082 1536 2481
2385 3495
2256 2883 3958
165 2453 3017
631 864 2963 3763
66 1816 4378
2503 2771
2333 2493 2724
28 198 1914 2505 3141
575 2820 2928 3202 3850
732 1404 2101 2398
1952 3000 3567
1451 1537 1776
446 669
811 1740 1827 2640
445 3220
2305 4355
613 2630 4263
481 2580
1058 2044 2193 3880
259 3434 4147
1488 3868
165 3271 4406
557 2904 2984
407 1682 4413
572 2974
615 911
907 3499
848 1292 3575
1586 2640 3966
1252 3244 3643
818 2531
1103 3354
1455 4202
1256 1568 2846
472 3113
325 3545
481 1076 3084 4138
3069 4280
33 3467
1208 2314
1368 1438 3721
54 2213
87 3753
2589 3992
1988 3088
1173 3239 4134
654 2024
558 705
1490 2294 3289
30 1311 2623
679 1674 2485 2521 4300
283 637 2284 3145 3375 3604
167 1514 2475 2708 3052 3538
2996 3698 3776
729 1254 1775 2644
326 3424 4315
918 1739
289 2451 2590 3967
2018 2294 2946
361 2445 3751
2569 2764 3978 4035
1483 2018 3071 3397
1440 4255
1228 2315 3377
111 3835 4174
1195 1301 1633 1792
1508 2019 3894
95 1554 4038
340 1450 3209
237 2161
1026 1338 2986
1770 2344 3650
713 1482 2912 3352 4209
3045 3247 3414 4201
55 3440
112 689
35 1616 3927
2294 4419
633 1968
1641 2179 2244 2618 3868
319 959 2044
2592 3669
669 3272
872 3242 4127
1851 3124
1035 2519 2711 2765
2064 3307
1623 1882 3976 4169 4192
509 527 2720
1277 2135 4048
288 289 1519 3999
322 440 2561 3430 4251 4352
658 1605 1971 2886
407 2135 3009
90 453 959 4068
646 818
483 3866
225 1375 1630 3413
3417 3724
1889 2791 4162
471 731 739 1651 1965 3222 3685
3018 3132
2247 3758
1336 1816 2758 2999 3630
392 2294 4065
1437 4325
128 467 3315
1777 4371
655 820 3324 3339
1004 2568 2883 3291
1587 3024 3228
2260 3858
381 1593 2185 3220
1549 3979
1109 1367 2050 3295
1236 2928
1729 3441
989 3282 3429 3488 3581
303 642 1481 1834 3185 3392
2407 2922 4093
56 839 1532
1466 3847 3914
1109 3293 4353
1802 2678
594 1022 1306 2764
3205 3670 3718 4101
1784 3041 4070 4089 4304
487 1427 3344 3630
510 1760 3686
1511 4360
242 1042 3811
1030 4176
828 4269
1104 2627 2696
1326 2607 2938
61 2491
829 2718 3409
74 251 1295 2313 3080
629 2527
1300 1464 1630 3162
177 854 1070 3746
342 881 1024 2374
901 2012 2402
178 271 855 2790 3082 3246 3768
47 642 1104 1892
728 746 1137 3030 3874
637 2218 2293 4079 4279
796 1331 2372
52 1364 3139
2286 2885 3121
2796 4420
1083 2300 3380 3385
1691 3697 4095
266 292 983 1058 4338
1400 2209
2268 3304
1502 4133
2300 2905
658 2039
484 2595
813 943 1399 2745 2778
936 3911
1304 3906
1387 2138
1451 4282
3770 4170
2322 4388
2151 3643
650 2588 4024
1496 1938
552 1512
2871 3250
1010 1910
228 1123 1361 3184 3781
813 1200 2718 3925 3967 4058 4147
641 2821 3258 3558
658 1579 2762 3117
433 2746
1041 3081
513 1672 2333 3008 4200
383 1265 2545
1579 3013
2273 2796
1572 2305
1630 3587
645 2392 2470
1363 2972
143 2344
1562 1849 2469
1628 2374 2854 4316
677 1000 4412
554 2099 2963 3634 4115
827 2202
467 534
211 329 851 3874
1422 2721
2216 3395
2786 2861 2930 3383
1568 1712 3087 3263
3102 3734 4182
462 1524 3594
2206 2308 2825
651 1725 2637 2873
3309 3756
416 1638
1121 4383
1616 3867
2209 4090
1236 3869
294 1916
965 2246
372 1835
377 2055
1125 2051
1449 2595
159 946 1776 1990 2665
1655 4273
1512 1549 4087
102 2873 3340
220 3082
92 425 4068
2157 2803 3808 4372
518 829 2688 4206
1784 2484
3653 3897
334 3549 4306
673 2061 3689
3761 4180
602 1673 4100
969 1669 3110
1578 1629 2216 2951
1351 3551
1257 1734
812 1409 2909
3472 3554 4129
42 1871 2184
1555 4370
115 1203 1218
900 1564 2686 3779
886 2572
75 1536 2068 3428
1174 1372 1394 2388 4143
3761 4298
310 845 1379
684 1213 2543 2979 3211 3871 4271
1160 1785 2265
3112 3225
212 1019
456 1368 3017 3606
351 975 1092 2098 2121 3462
1969 2976
14 142 2325 4104
108 1292 1447 1852 3665 3833 4335
19 929 2158 3211 3349
1116 2076 3899
394 1278 1793
1029 2635
577 1679
332 3496 3591
1282 1947 2066 2355
1237 1363 1549 4131 4167
1483 1539
8 1405 4270
660 2339
545 1181 3430
1186 3918 4102
88 1662 4094
1116 1120
2210 4275
1826 2244 3501
1927 2011 2400
1560 3098 3482
953 1989 3952
1466 3786 4388
539 3487 4339
756 1117 1189 2098
2806 3373
2624 2805
514 4006
1668 3168
1700 2518
646 1220
392 2058 2363
593 2827 3048
1604 2753 3269 3862 4174
3203 3746
1561 2848
351 1271 2601
251 589 904 2190
1396 1540
1662 1910 3234
3259 3425
1766 2552
1244 1951 2751 3928
1496 3858 4013
700 760 1107
10 201
951 2890 3827
87 757 872 2575 3184
3621 4077 4290 4319
2106 4013
1664 2904 3689
1477 2047 2305 2794
712 1348 1523 2880 3021 3545
1344 3302
2533 2539
1378 3637
1294 1351 3543
159 682 687 2470 3169
3479 3996
2229 3314
282 1596
269 3192
688 1653 2270 3700
806 1176 1949 2541 2809 3077
1033 2383 3073
3754 4095
1085 1252 1276 1524 3830 4407 4410
634 712
2471 2731 3029
26 310 3233
899 1556
2291 3388 4223
3427 4158
591 1944 3665
678 1355 1907 2894 3273
1222 2080
65 395 842
2525 2994
1649 3881 4242
365 4411
3487 3603
81 718 2887
2513 3573
2243 2479
875 1697 1842 4382
1635 3448 4307
305 2353 3864 4265
122 557 3181 3695 3945 4225
192 3390
112 828 3463 3578 3738 4340 4363
126 619 811 849 1003 3222 3384
3066 3267
1951 3731
2224 3464 3663
1906 2034
231 3938
840 2822 4112
716 1545 3312
1007 3404
421 2498 2937 4131
172 2221
1628 2055 3583
391 581 665 1986 3988
198 2127 2546 3068 3117
412 1120 1645 2588 2696 2962 3578
425 562
945 1286 1626 1737
634 903 2210 2417 3614
360 3121
829 1428 3875 4115 4201
458 1441 3807 4186
1005 1085 2651 2678 4112
1581 2592 3520
219 238 1532 1597 2138 3096 3399
568 2632
2984 3433
191 268 3113
650 2268 2323 4274
744 912 1082 1562
793 2700
2050 2788 2950 4351
2854 4063
2698 3875 4212
3365 4318
2545 2657 3382 3794
1299 1783 2147
2347 3638
360 1259 1696
569 1102
387 1120 2059 2342 2560
56 2199
888 2943
2285 4178
608 1312 3199 4030
553 3835
296 2520
1932 4228
937 1007
1455 4171
581 777
796 1100 3583
1146 1206 2116 2663 3486
1627 2800 3002
1670 4181
11 751 3004 3301 4172 4280
1703 2556
2603 3036 3172
1205 2587 2828 3530
2233 2287
1893 3111 4186
956 1788 4217
1580 1896 2209
102 1817 2657 3251 3590
385 447 2919
2246 3284
2764 2859
1769 4320
621 3504
2763 4049
764 770 1832 2314 2354 4025
3777 4114 4155 4371
1264 3008 3358
984 1152 1280 1345 2906 3442 3749
255 913 2429
151 301 595 2815 4341
1206 2096 3314
3064 3409
1326 2895
6 615 2577 3860
274 299 627 1468 1520 2022 2592 4018
1816 2022 2221 4282
1637 4309
643 2729
820 2319 4305
2999 3675 4387
1209 1336 2274 3931
658 1682
1436 2239
2208 3013 3035
105 883
547 1337
491 2427 3434 4402
1516 1894 3175
1848 3187 4117
2520 3490
17 2180 2652 3182 3649
1166 1871 2598 4208 4372
101 2272 4034
1822 2850
80 2989
2769 3930
1583 2022
1137 1887
30 2510 2867
1965 2388 3229 3256
442 1885 4339
1289 2583
130 1695 3160 3663 3769
1768 1850 1879
1688 4233
1299 1674 2978
43 2572
46 2376
11 1309 3359
1519 2746
147 721 3082 3137
972 1085 2029 3249
287 1178 1512 1550 1798 1991 2781 3386 4182
280 2100 3556
2868 2970 3010
1265 1400
575 1368 2363 3952 4403
864 1815 2079 3616
330 775 1949 2897 3884 3929 4335
2056 2155 3141
184 1684 3367
1287 2541
109 709 1685 2723 2816
685 1148 1931 2229
899 1045 1323 1669 3470 4407
468 552 1778 1979 3627
1464 4313
857 2849
1012 2517
1078 3375 4055 4384
536 2303
305 2022 2852 3995
301 428 474 1353 1705 3626
329 611 2878 3247
1059 1593 1937
441 1512
443 721 3140 3848
6 3681
603 2445 3309
854 3132 4233
2450 3197
519 2874
1317 2820 3820
2126 3419
1181 3229 3453
2493 3121
715 764 1173 1393 2812 4165
1265 2408 3685 3964 3995
1285 3466 4153
3618 4170
447 877 1464 1583 3688 3971
535 866 2582 3045
12 595 2757 4125
394 1081
85 443 4108
779 1523
675 2580
1681 2021 2276 3617 4051
1274 2013 2887 3312 3719
1232 2146 2152 3928
320 328 766 3504 3532 4249
1001 2807 3871
673 1261 1775 2617 2798
1851 1996
965 1688
601 2745
791 883 2827 3567 4257
3022 3061
527 717 3652
62 2205 2325 2885
1378 1457 2329
974 1812 2508 3176 3190
110 977 1279 1697 2061 2917
200 673 1243 1597 1710
3069 3272
655 1581 2859 4413
197 1548 2025 2553 3174
271 1191
709 3327 4379
587 811 2544
932 1328 1460 2502 2674 4133 4170
1197 1202
1243 1364
363 1446 2465 4023
1261 2721
932 1946
1660 2323 3533
976 1648 4331
1478 2526
2218 2536 3982 4322
2552 2917
1410 4089
633 1022
598 1891
3154 4024
842 1679 4121
671 3069
1927 2507 4265
1762 4013 4184
888 1343 2166 2894
1697 3134
162 1349 2460 3130
185 754 3834
651 3636 3995
328 1339 1439 3205
717 942 2517
2407 2891
552 814 1194 1487 3278
970 1602 2040 3017
2385 2577
1393 1414 2097 2412 2962 3467
473 1839 2078
2371 2484
1021 3743
145 1546 1770
274 515 1327
57 2530
1037 1167 1629
214 1045 1394 1870 4018 4312
1876 2956 3481 3546
1590 3402
1767 2345
183 1974 2489 3914 4125
68 1652 2824
1457 2783 4364
333 1099 2199
1933 4301
1553 2875
2465 3220 3610 3983
1779 1837 2192
485 627 3243
122 1881 2624
1119 1847 2767 3905
1142 2375 2660 3636
2543 2695
881 2541 2826
1584 2670 2834
637 1289 1418 2676 3112 3750
3502 3960 4403
2335 2374
1502 2211 2858
1530 3987 4260 4308
1839 3904
421 2467 2936
459 1111 1471 1887 4316
257 1181 2241 2446 3125
2385 4123
80 691 2213 3080
37 2388 3013
1498 3353 3538
1856 1859
2647 2661 3592 4259
33 1033 1196
516 568 1271 2881
11 1669
740 2216 2820 4323
1803 3616 4007 4073
959 1099 1879 2318 2531 2719
3506 3611
2474 3445 3907
255 1935 2426
36 1001 2142 2435
1055 1390 3532
662 1669 1706 3522
1744 2608 2744 3477
2018 4186
607 1924 2982
405 1260 2324
2152 2334
324 1838
542 1144 1766
801 3572
863 2257 2930
795 1399 3693
432 1676 2185 3760 3946
899 3682
320 437
759 855 2566
713 3204
513 965 1287 3145 3520 4370
421 749 3095 3585
666 910
158 891 3383 3552
3192 3384
718 1078
195 2530 4403
2113 4129 4372
2119 3987
2558 3610
1467 2899 3835
951 2408
2657 3625
1734 2371 3700
2115 2858 2899 3158
483 1498 1563
522 1664 3698
164 249
476 650 2279 4171
2699 2979
72 917 4081 4108
946 3253 3497
1469 3524
238 3304
1238 3450
1091 1291 4180
1218 2457
777 1282 1388 2597
306 2621 3494
2061 2202 2864
2166 2293
461 2630
387 594 602 3872 3916 4312
414 3021
598 702
895 3732 4267
315 2027
1585 1691
2362 3229 4288
73 2010 3293 3455
531 3701 3903 4262
2103 2807 3176
486 630 2280
2614 3123
317 767 928 2490 3369 3635
1595 1636 4263
2078 2135 3180
1480 1859 1873 3179
845 1196 1277 3247
1377 2276 2403 3180
1262 2260 4039
3165 3346
1481 1899 1918 2414 2452 4367
1643 2233 2573
1186 2633 2699 3766
914 1053
495 3241 3745
376 2394
1336 2770 2845
1451 3221
494 1841 3385
2204 3484
2746 3268
437 1633 2437 3563
646 1822 2741 3714
1743 1894 3301
759 882 1932 1963 3827
1253 3383 3388
992 1713 2291
607 4084
708 2638
2403 2432 2666
1122 4206
2465 4191
316 2680 2898
415 1216 1430 1663
435 2868
1043 1092 2546 3085 4299
2754 3934
1454 4130
1426 3696 3895
1484 4062
1555 1611 3281 3709 4144 4294
365 3785
1306 3093 3992
15 1117 1474 1643 2116 2258 3290 3556
3145 3767 3851
1199 1839 2123 3107 4202
1837 2828
2098 3189
849 1580 2266
1161 3915
581 1941 2196 3698 4005
278 566 911 3108
2065 3512 3700
485 3713
1900 1953
1880 3133
364 1673 3954
182 354 935 1361
164 947 1602 4272
3701 4057
2358 4116
2770 4272
544 2797
1448 2125
263 718 1729 3599
3172 3340 3483 3840
1053 3111 3691
547 1736 3579 4225
251 1083 4369
1886 2631
2901 4175
3169 3693 3751
1488 3416
92 595 1702
877 2682 4171
722 1138 1391 2395
933 2611 2917
3175 3802 4030
398 3479
1753 1907 2255
130 1226 2687
1799 2167
491 1250
614 625 893 1765
1135 2331 2918 3082 3523
917 4205
64 710 943 2742 3112
1207 1304
198 3021 3469
1955 2018
1782 2467
275 359 3758
360 3666
3073 4107
1927 2328
296 325 1111 2627 3988
1743 2715
949 1566
2142 2936
1560 4372
919 2356 2689
3293 3637
209 2666
44 2422 3495 4370
1030 3083 3820
1184 1632 3441 3880 4009
166 587 3079
3609 3625
1865 3580
926 1153 4297
2910 3540
862 946
1367 1545 4076
684 2891 4338
1557 2731
2860 3189 3536
3611 3774
1442 3207
1403 1592 2526
466 566 1177 1966 2532 3397 4272
2778 2853
628 1134
479 745
1955 2787 3171 3602
549 1066 3487
1385 3982
1057 3436
117 2078 2298 4419
468 2388 2917 3069 3885
1879 3305 4180
50 2042 3176 3325 3494
2681 3205
172 1980 4357
264 3467 4210
207 1617 3870
564 2764 3309
170 2343
191 2104
276 494 1801 2186 3209 3710 4128
89 1954 3639 3795
556 3739
301 1707 3748 3854
499 2585
722 2083 4132
1365 2562
2352 3075 3565
34 3430 3894
706 2359 2977
161 2358 4057
1608 2373 2690
391 2077 2745 3236
438 1189 1998 2558
1768 4054
714 769 1350 1524 3314
545 2531 4081 4184
1680 2897 2964 3094
488 2180
1317 2051 2544 3153
98 2331
1574 2611 2763
3515 4043
1329 1836 2473 2710
354 1202 3332
1155 2549
1299 4026
1514 1737 4075 4156
558 2653 2921
705 1742 1952 2998 3552
2840 3613 3735
749 1058 1875 4315
1534 2199 4295
368 582 1803 2745 4396
81 747 1998 2090 2714 3885 4143
1186 2614 3565 4110
1032 1140 1642 2651 3196 3454
2047 4140
1922 3945
612 2067
1100 1182 1960
89 562 3793
806 3478
1251 1849 2608
2823 2847 3471
614 851
82 2142 3823
2153 3430 3802
3312 3830
1628 1792 3963
752 1889 2611 4223
104 137 1265 1642 1880
3699 3953
1652 2661 2844
3249 4210
1997 2086 2956
988 1805
2407 3303 3561
29 202 1341 2788
406 648 1973 4330
1428 1746 4087
3872 3891 4310
1062 1561 2976
1507 2131 2567 2857 4242
116 1438 1755 1969 2385 2632 2846
290 3447 3553 4167
406 627 1730 2807 3402
644 3482 4378
49 440
647 1699 4237
13 1100
1050 1092 3420 3435
1353 3613
3580 4374
1083 2339 2740
3832 4231
421 3465
3064 3739
597 942 4276
1268 1924 2127 2228 2531
1109 3871 3941 3999
436 1368 3292 4202
1474 2778
3529 3566
2031 2646 2649
290 1904 3439
1765 2923 4081
1449 1891 2723
560 576 840 1069 1317
2553 3019
3701 4418
779 1015 4199
193 3435
1638 1896 2156 3577 3918
2126 2894
88 3580
3841 3957
482 2517
975 1679 2300
896 1066 1791 2870 3665
3405 3824
1709 2288 3895
875 1871 2935
1382 2865
46 4312
873 2143
1659 3017 4221
131 3376
2255 2853 3203 3636
175 1025
147 1113 1936 2015 2539
364 1431 1453 2563 3108 4160
195 1351
115 1248
3306 4414
520 2482 3187 4035 4155
2185 2442
105 741 1117 1597
1805 3190
1029 1170 2095 3329
2905 4419
2814 4017 4313
1311 1324 2713 2782 2875 3381 3474
2378 4405
650 2364 2842 3684 4166 4184
1485 1947 3304
511 1182 2192 3111
1967 2147 3458 3746
631 3457
546 2059 2934 3235
3205 3565
564 2416
121 1595 2664
1608 1652
3895 4078
3756 4329
1676 3722 4057
1947 3324
1706 3154
1416 2462
894 3871 3888 4106
433 1403 2576 3422
3368 4097
1427 4127
4164 4403
151 1759
985 1984 2019
109 679
148 2896
1620 1993 2591 3830
1676 2701 3611 4312
2120 3595 3792
1399 2041 3897
2713 3989 4108
451 2508 2836
225 1497 2879
653 1706
2035 3080
622 1583 2447 3919 4228
1058 2093 3036
1234 2955 3233 4015 4222
487 1858 2367 2967 4346
246 424
1322 1984 2886 3076
1824 1975 3902
1012 2177 2459 4189
1048 1294
211 700 2427 4041
636 2736 2929 3664
741 1246 4360
1851 3209
573 2409
1304 1349 3076
2958 3222 3786
1682 3883
1183 4190
1489 2196
1051 4297
2224 2547
3613 4135
1203 1366 2836
475 2945
2288 2316 2866 3643
350 1986
764 1215
530 742 1317 1367
317 2496 3299 3696
392 2061 4259 4280
1506 1765 4190 4222
260 1485
150 542 3107
709 1406
2008 2374
1513 3409
1623 2723 3181
604 1309 1638 2608 3524
89 578
1129 2357 2402 2949 3986
3010 3221 3674
363 404 2930 4234
448 1162 1546 3402
3658 4213
1891 2381 3196
44 1394 2628
460 2415 2501 2758
3004 4094 4114 4322
1620 1660 3248 3391 3532
552 2538 2782 2873 3592
894 2880 4386
290 792 1278 2181
2184 2322 3057
972 1421 1711 4233
2231 4401
1712 3693 4006
1744 1917 1937 3752
839 1211 2224 3070 3302
3137 3709 4017
1897 2741 3214
1777 2452 2515 2578 3054
3279 3387
2088 2279 2605 3123 3576 4211
2002 2115 3048
2278 3352 4196
279 1914 2395
259 3301
152 2429
833 1095 2345 2532 4026
632 2566
1225 1243 1335 1355 3666
669 2074 2656 3947 4100
2793 3145 4360
378 1476 3321 3326
2064 3395
501 3952
7 3475 3648 3728
156 1848
596 3154 3839 4275
475 1081 2383 2441 3261
227 515 1848
1041 3460
1002 3619
1824 2371 2468
346 2530 3228
386 840
1296 1783 2823 4012
848 1651 1769 3629 4115
1393 1643 2786 3657
737 1747 1751
1638 3628
1773 2667 3717
3559 4352
1596 1695 1977 2460 2596 3553
873 4376
1570 3455
1524 3783 3791
2157 2871
3 172 1153
1635 2492 3424 3556
1352 2800
1083 2547 2901
736 1198 3935
2052 2923
250 284 767 1247 1618 2384
2717 2902
1127 3698
1901 1929 2437 2836
1087 2491
1335 1447 3887
1001 2297 2548
905 1184 2595 2714 3138
1313 1981 2782
2511 3970
533 2471 4342
153 1306 2855 3665
1109 1110 2775 3881 3949
292 536 867 3645 4151
1741 2058 2197 2806
2128 2226 3920
1685 2801 3011
1406 2600 3868
1145 2681 3041
667 2142 4231
716 3026 3627 3819
458 2991
104 512 1347
524 4113
383 822 1575 3217 3236 3820 3870
1241 4295
343 683 3726
241 347 2954
1186 1640
738 1883
792 849
325 458 881 1894
1554 3166 3921
1360 3393
332 801 1016 4342
676 1601 1682
155 768
548 3463
154 890 898 1321 1796
119 705 2246
2170 2383
2416 3297
619 2425 3481
169 3803
1653 3475
365 516 1395 2182 2866 4219
1418 2520 3407 3896
1551 1601 3737
2239 3768 3822
155 2878
1093 2129
2862 3943
642 2532 3855
435 2007
901 973 3549
1059 1105 2580
168 1703 3358
968 1626 1706 2388
62 1237 3708
405 780 1153 2391
1586 1867 2708
346 2751 2821
862 2047 3155
670 3270
78 1326 2261 2661 4094
1091 1130 1539 1862 3211 3489
3273 3442
161 751 1533 1590 3470
3323 3807
2520 3883
281 3570 3743
1150 1858 3661 4033 4413
190 810
1083 3096
845 1312 1788 2410
2203 2765 3030
391 3339 4196
1197 1257
1522 1947
727 1090
3916 4383
2747 4257
603 3474 3536 4321
993 1003 2279 3644
964 2116
2479 4395
2027 2951 4005
2927 4314
1770 2326
1194 1537
284 2115 2660 3888 4378
3881 3979
731 1578 1587 2626 3143
2902 3729
1572 1935 2035 3579 4001
131 996 1694
401 1170 2421 2543 3806
1122 2537
1783 4065
94 127 135 3704
2126 2712
1520 2927 3274
946 1227 3683 3709
901 2732 4384
10 2330 2458
1792 3335
2043 2474 3175 3755
902 1584 3785 4089
707 2755 3883
374 4176
3222 4218
1642 2040 2203
1716 2119
203 1938 2570 3867
1245 4067
412 447 1123 4288
470 629 709 1202 1623 2136 3495 4262
2857 3165
149 2003 2885 3402
3078 4326
1691 2068
2135 2517 2894 2925
1701 2461 3467 3616
877 2036 2075 3901
1545 1986
600 2082 4246
1573 2773 2779 3164 3281 3358 3940
1019 2369
3055 3148 3339 3849
897 2175 3254
30 795 1164 1522 1676 1879 2237 2876
2258 2522 2594
1981 2762 3404
1225 1241 1507 2551 2686 3691
3705 3946
2102 3519 4189
1816 2899
1368 2317 2743
1714 2883 3425
300 575 1870 2565
1240 3220 3703
1557 2372
611 996 1068 2722
1069 3284 3553
1571 2022 3386 3694 3870
2003 2331 2539
1019 2131
58 1656
541 1117 1476
42 823
2378 3554
1342 1372 3396 3509
2816 3075
134 335 426 1192 1279
2469 3431 3836
1856 2121 3329
1756 3131 3679 4007
635 1891
329 3976
867 4094
1768 2076 2347 2561 3935
1267 1558 2916
1913 2697 3392
117 3799
451 787 1259 2000
875 3358
1181 4002
1127 2608 3374 3425
2523 3032
975 1049 1511 3038 4417
1020 1820 2160 2715 3635
790 1698
361 1953
2369 3192
1055 2439
461 618 1899 2042
3573 3915 4383
4279 4353
1659 3244
1385 1509 2993
4047 4336
395 448 2003 2825 3854
874 1933 2419 2936
277 1822 4113
597 944 984 1182 1596
1586 3803
588 2348 2532
99 1225 1490
629 2020 3792
1059 2053 3338
3146 3812
47 659 1310 2785
166 3758
584 669 863 1814 3546
2209 2313 2927
480 1557 3165 3898
1201 1210 1295 1733 2733
3015 3643 4316
2341 3441
1968 2501
81 178 1034 1703 2755 2830 3558 4363
751 2920
2027 3638
2654 4148
642 3783 4109
146 2794 4177
1450 1832 2787 3645
1873 2234 2353 3235
115 4302
3432 3767 3867
320 1083 1637 1678 2419 3072
1767 1804
1175 3392 4306
127 1265 2234 2763
3813 4013 4287
1230 1248 1361 2621 2993
156 594 1029 2975 3036 3595
1936 2489
1152 2960
2189 2644 3606 4181
967 2453 2702 3535
86 2102 2337 4174
2874 3276
800 4078
3391 3959
1424 2182 2235 3632 3671
2707 4169
464 1864
87 893 1992 4100
110 3305 4029
1119 3863 4212
1121 2479 2879
2620 3422
176 1924 3010 3990
112 2762 4245
323 351 1308 3722
594 1470
379 852 1467 1552 1824 4160
1834 3179 3930
217 3304
1387 2088 2767 3721 4091
864 2868
742 3774 3870
779 1235 1542 1629 3742
242 1973 2059 2201 4228 4297
1478 4112
380 2625 4152
84 625 1913
1971 1983 2014
1137 2061
159 2223
1378 2193 3259 3832
983 1732
921 3308
3434 3686
1045 2475
31 650 673 2756 3004 3753 3806 3835 4293
1096 2350 2902 4333
708 1695 1740
1409 3614 3812
385 4255
1953 2760
3031 3142 3234 4139
2168 2186 3523 4408
466 2498 2667 3350 3595 3620 4040 4091
2072 3148 3535
730 764 3335 3733 4179
2846 3621
917 1401 2623
613 1012 1450 1557 4113
1438 3271
408 3744
3121 3675
201 2743
1077 2176 3859
900 1142 3221
751 1448 2180
488 970 1290
1002 3201 4250
1557 4258
1005 3129
2610 4083
741 828 4417
767 4087
322 404 546 1280 4160
2278 3668
419 1213 3418 3604
809 852 1076 1211 3790 4356
3027 3181
919 1484 1985 2552 3330
160 386 2940
2898 3070
3195 4322
2809 3786 4264
1162 1345 3196 4003
413 879 2954 3729
2226 2629
178 573 1440 1912 3333 3876
1946 4304
1971 3532 3794
1096 2835 3959
1773 3212
618 1499
35 1170
378 2727 3716
2049 4252 4391
745 1355
564 2920 3460
1829 1835 2918
1113 4137
1631 3590
1493 3448
1762 1938 1979 3006
230 432 591 1242 1687
123 1204 2444
492 1816 3086 3732 3894
421 1882 2380 3489 4135
3069 3858
647 2371
839 1027 1297 2220
918 1811 3882
299 336 1018 1537 4190
365 1553 3334
2545 2646
1634 1997 3582 4322
1982 3977 4247
901 994 1715 1752
514 1348 3339 4289
1514 1743 3653 4382
926 3382 3616
40 2138
322 1652 1926
418 1256 1475 3034
1735 2955
1409 2176 4314
3112 4084
479 1440 1626 2782 3261
537 1289 4169
1608 2872 3743 3758 3891 4296
1657 1787 4346
1591 2899
1047 3611 3652
105 659 1838 3109 3517 3807
3695 3926
319 2700
602 2032 2872
112 1475 2117 2267
868 1536 3810 4337
939 2639
87 203 4314 4316
122 1490 3474
663 1862
2290 4256
344 1153 1783 2127 3516 4021
1546 3719 3793 4317
133 2051 2898 3862
2504 2516
499 2812 3938
1257 3715 4280
3736 3942
1250 3543 4157
2465 3049
672 4294
3610 4045
269 3065
2582 2954 3276 3318 4144
256 663 2581 4136
1275 1458 1915 2430 3293
717 1524
1457 3726
1086 1654 1890
918 4376
2196 3189
482 970
707 927 2334
1912 4244
1900 2930 3980
971 1356 2324
2478 3675 3927
722 882 2996
400 1078 1816 3633
506 1699
124 169 1260 2021 2960 4019
1000 1337 2349
1442 1447 1637
546 1458 4282
1932 2505
663 754 2798
608 818 1962
658 1039
186 2924
1258 1490 2314
1963 3359 3800
71 375 1048 1093 2379 3550 3632
992 3122
1455 2488 3050 3823 4147
57 1489 1869
155 1533 2277
1081 3453 3580 3824 3989 4012
2414 3307
2855 3772 3928
4171 4340
2043 2099 2968 3724
898 3067 3770
1400 2042 3885 4362
144 1105 3141 3442
114 1543 3661
1099 1870 2182 3394 4063
597 2601 3915
1055 1618
388 838 2206 4152
524 1479
2064 4038
654 1337 1692 3516
142 3149
916 1793
1413 2521
303 784 2176 3088
1192 1223 1832 2732
1641 1796
1742 2558 4239
2321 3796 4278
947 1372 1999 2035 3614 4012
1011 1419 1964
1187 1973
3646 4176
1815 3064 3615
554 4277
74 1106 1184 2244 3000
738 3430 3863 4151
243 2959
418 4010
2211 4202
320 2003
275 2348
514 3054
2498 3722
1197 3863
2122 2344 3091
167 402 1781 2904 4317
379 3257 4298
113 123 1775 2263
578 2660 2858 4332
3412 3892
91 1714 2853
151 1156 2355
1453 1932 3863
2213 4301
1360 1508
622 1335 3064
906 993 1213 1512 3155
1262 2732 3426 4394
1058 1333 2334 3969 4385
399 610 685 1625 3799 4085
1509 2415
677 1181 1370 4231 4304
2638 3006 3359
962 3694
57 176 4132
1893 2282
310 1759 2732 3660
657 1162
452 2399 4215
264 2008 3623
3188 3591 3874
273 707 2242 3070
25 689 1579 4158
435 2359
725 1079 2028 4135
379 3741
249 454
1662 2170
1031 2498 3891
1659 1809
1195 2092
400 535 826 2615 3696
922 1202 2648 2671 3206
1553 2717
460 4306
3585 3688 4069
266 632 1547 2450 2589
678 1459 3468
708 1203 2882 4114
25 1534
448 692 2233 2690 3035 3578
1683 2848
246 2141 2348 3622
182 796 1355 2598
366 1365 2688 4235
217 946 3530
1504 2021 3253
1204 1519 4326
1462 1847 4128 4396
1485 1842 3151
1024 1369 3663 3745
1254 1925 2331
703 2257
100 213 425
294 672 2040
219 1108
3028 4415
235 4217
1915 1958 2260 2782 2805 2978
1798 4351
789 1538 2274
939 3249
353 1792
552 1058 1598 2208
491 3671 4147
276 2689 3528
2389 2477
2289 2561
609 1538 2778
720 2594 3455 3560
813 1534
153 2359 3043 3067
887 1598
2689 3141 3860
162 1187
315 1156 1755 2369
16 97 1618 3249 3259
343 2623 3927
2109 2200 3154
1891 3619
1900 3238 4201
2367 3529 4270
548 838 2032 4018 4059
1192 1937 2704 4121
1225 3875
1562 2677 3845 3990
3459 4199
1063 1297 1742 2191
255 591 1028 2895 3257 4403
357 1112 4009 4048 4234
2419 3534
921 959 2159 2679
3000 4152
1108 2020 3316
824 4173
641 1319 2892 3556 3907
2166 2844
673 1234 1714 3908
318 2960 3716
2834 4052
427 1342 2421 3607 3671
302 935 1670
17 1298 4361
763 3573 3753
2021 3221 3558 4100
2084 2230 2762
552 869 3780
2231 2676 3319
145 167 614 1993 3325
2546 3087 3182
1930 3194 4022
268 869 3222
1599 2868 3812
460 3621
3173 3228
1097 1206 2136 4272
638 781 1295 3053
967 1592 2500
3621 3735
967 2121
2414 3144 3992 4208
568 1192 2745 3801
688 3950
1894 2028 3885 4100
1637 1982 2264
767 859 2593
772 919 1156 2649 3817
655 1051 2979 4287
115 2895 3910
2279 2351 2514 4323
1230 2360 3377
865 1568 1587 2065 4247
906 4334
1894 2307 4257
28 4392
106 3976
2429 3622
172 2539
1342 2007 3376
530 1049 1896 3900
308 710 837 1079 3611
1283 2502 3520
2329 2644
1105 1822
337 2012
1097 1303 3465
19 42 469 2285 3395
498 3936
271 1191 2709
1258 2043 4332
1175 3220 4063
1688 2308
166 1909
490 540 2083 2357
461 2342 3842
1481 3058 4143
3632 3663 3897
171 2073
563 1736 2769 2904
720 771 3957
168 789 1783 2764
3652 3760 4133
926 1089
13 3154 3682
1921 3029
945 1937 3284 3774 3845
2377 2422
2154 4241
1307 2975
470 1184 1301 2084 4075
1542 2920
1017 3831
203 260 2747 2770
138 609 1754 1970
975 2419
2264 3738
86 250
2279 2671
1736 3090 3128 3801
890 2767 2798 4141
105 1768
1377 1828 2034
2985 3769 4049
2289 3562 3741
1516 1587 4388
2350 3078
2187 2432 3767
1139 3122
2465 3028
834 1197 2681 2707
3743 4125
2210 2529 2851 4339
2725 3496 4321
3437 4203
2108 2890 3950
2106 2649
220 1178
289 1158
338 3809
1617 2891
1632 2689
3543 4278
2946 3653
161 1125
1066 1384 4164
1825 2410 3694
2895 3253
1141 1905 2111 3183
178 4067 4285
67 2205
1555 3049 3261
792 3943
511 1042 2378 2473
2695 4370
862 1212 1322 4264
1527 2884
715 3128 3429
208 541 1286 3285
3336 3376
509 1345
3021 3774
1544 3086
389 1080 1805 2701
873 4001 4016
1796 1857 3460
1948 3984
1408 2294
2982 3281 3442
1937 3091 3512
145 830 1037 1150 3877 4051
146 2597 3006
336 1150 3461 3887
922 1614
1916 3285
3331 3422 3692
2815 3250 3529 3808
8 4101
1049 3598
173 4036
3073 3511
2237 3372
185 892 1291 3784 4282
1384 1442 2824 2935
788 4262 4290 4317
840 3196
78 338 1596 2779
1415 1807
51 1990 3153 3512
1498 3656
327 627 754 1327 1382 2760
396 524 2700 3464
2121 2828 3084
2181 2475 2886 3157
1631 2211 3332 3486 4193
2653 4269
257 1581 2301 3907
268 929 3469 4408
561 1041 1743
1776 3389
309 1226
433 527 4058
2559 3070 4173
86 748 1234 3626
1184 1501 3481 3909
471 1053 1852 2954 3147
1431 2231 3579
3672 3792 3925
920 1369 1791 2503
157 772 1429 2147 2151 2337 4120
2961 3574 4155
2868 2958
58 969 2629 3837 3926
57 1951 2683
101 556 733 2836 3956 4075
678 1626 2042 3615 3963
2477 3040 4035 4069
705 2290 3948 4007
922 1833 3901 4287
43 383 682 1362 2860
68 1592
72 868
1333 2097 3013 3567
3477 3952
528 897 3496 3945
84 1873
208 297 1331 2256 2692 3967
795 4380
423 1479 3875
185 1465 1821
2409 2842
1379 2353
709 1555 1767 3082
2165 3681 3954
520 2772 3788
1118 1269 1938 1959
932 2224 3013
3439 3547
1428 2450 2870
760 1446 1694 2829 3218
608 863 1904 3382
769 3919
1082 1697 2307 2874 3490 4415
419 449 1974 4089
431 2721
656 1031 1137 1189
97 2700 3056
1060 1214 1256 2808
174 2669 2947
1522 1988 2344
909 1592 1929 2170 4386
1938 2359
1733 2461 4146
2888 3714
1970 2812 3666 3734 4243
2818 3410
186 665
307 2142 2825 3405 3411
986 3430
2363 3605
266 500
1372 1765
1822 4026
3659 4318
1915 2933
2082 4100
459 1852 2033
2866 3257
2578 2790
40 1086
378 602
346 2443 3572 4331
3322 3635
94 3289
985 1980
1460 3448
1857 2305 2374
2381 2423 2644 3425
618 3999
2717 4338 4376
2403 2718
970 3987
1658 4357
93 3214
210 979
109 2934
3755 3979
2834 3280
1802 2941 4089
152 3850
644 763 3013
555 609 1725 3107 3842
909 4395
226 1533 4129
1328 1661 2126 2926 3499
47 1640 2466 3164
2126 2834
1491 3383
268 1513 1835 4174
1270 3481
161 4004 4369
116 1544
870 1199 1585 2045
897 3361
360 1138 2601
924 1404 1595 2764
233 269 3716
506 2055 2750
1977 2130 2838 3408 3620
1243 2492 3245
493 2168 3685 4171
500 833 1048
332 2549 2627 2914
448 572 655 1514 1776 2276 2500 2591
1090 2958
1183 2310 2950 4411
1341 1469 3024 3270
751 1905 2176
1124 2047
205 1349 3075 4157
486 1529 2446 4113
799 1466
786 1264 4299
59 805
2162 3014 3027 3560 4294
336 345 1695 3666
1634 3942
717 1600 3294
3263 4390
908 2592
3220 3520
1179 2122 2576
2592 2607
478 789 2499
1647 1939 4131
1986 4298
184 420 970
397 3392
690 2127 2678 3234 3621
383 3920
1014 1042 2546 3635
1091 1989 2099 3729
436 925 1889 2872 3796
119 641 1242 3035 4241
1199 1812 1969 2816
3620 4342
3333 4205 4281
68 142 144 1904 2653 2876
1207 4014
2828 3155
189 1548 2861 3487
3193 4269
3620 4163 4336
4038 4162
394 1506 1692 3037
1467 1769 3386
1135 1406
2670 3579
550 2980
684 1851 2116 2864 3024 3496
134 1676 2231 2827 3401
601 3385 4035
1706 1876
792 1924
701 2319
439 1404
1305 2119
912 3095 3978
854 3883
71 184 553 2311
2125 2661
91 2336 3731 4144
938 2610
205 2267 3392
2264 3153 3224
149 1702
1025 2877
44 1136 1591
2871 4076
1879 2323 2515
1051 1217 2385 2451
1454 1644 1788 2726
2710 2975 3252
541 3315 3534
126 1858
732 1789 4059
238 583 2670 3148 3244 3472
115 2208 3269
1187 2102 4367
2256 2674 3102 3357
1551 1661 2313 3620
143 1238 3365 4227
1089 3205 3579 4058
440 919
2870 3113 4284
1914 2032 2064 3601 3871 4084
2316 3381
1819 3973
1189 1322
544 2706 3362
2821 3152
164 173 296 2765
976 2349
1488 3838
2310 3677
730 2185 2205 2401
983 1987 4093
191 506 2024 2105
1034 2075 3433
768 2026
242 1397 1430 3222 3269 3550 4323
712 1465 2644 2875 4218
803 3706 3872
3067 3815
557 567 1493 2066 2123 2560 3203
2190 2347 3276
516 1748 4187
1264 2342 3052 3556
381 2076 2566 3851
36 2570 2619 2846
887 3382
322 1176 3320
219 1228 2339 2699
743 3219
2047 2355 3750
678 2177 3897
1369 2103
952 1396 1931 2028 3588
1953 3259 4252
405 561 4098
3732 3801 3927 4179
3545 3764 4418
2656 3569
2442 4219
1435 1682 2952
1680 2464 3193
1767 2058
1591 3579
914 1437 3064 3205
2246 3311
1234 1882
3167 3235
484 1378 2065
1730 2972 3708 3747 4416
657 1393
498 1537 2211 3287
850 1029
3670 4136
1242 1292 2370 4295
88 3022
120 3935
1482 2321 3293 3689
2116 3194
2646 3506
18 2372 2878 3381 4263
233 656 2189 2237
373 2310
257 749 951 3685 3743
800 3781 3884
1084 1601 3990
531 545
1387 1558
354 797 1936 2227 3134
1192 3959
1109 1197 2150 4162
679 3048 3327
1327 2324 3074
342 1172 3325 4355 4383
712 1176 2864
2669 3897
243 4387
1722 2760 3009 4033 4384
551 3231
1684 2025 4383
296 2196
422 3539 4089
881 2168 2246
576 1941 2060
803 1372
743 1422 1870 2068 4276
393 1255 2918 3031
531 2471
2091 2316 2522
242 2661 3714
2684 2959
1058 1277 1297 1703 1961
28 2381 2548 3593
2012 2487
1946 3184 3603
257 2392 2779
242 2495 2851 3771 4146
134 484 3690
829 3671
140 454 2955 4051
170 3405 3948
198 272 2556
1310 2475 2963 4146
1216 1256 1882
2192 4254
2451 4138
1769 4057
837 4386
395 2846 3648 4325
1224 2661
339 1762 3144
1382 2967 3893
2787 3666
1901 3345
1855 2797
2869 3947
1667 4193 4284
751 2608 2645
640 2190
547 2384
1619 2309 3187
965 2973
241 316 2098 3543 3874
2913 3318 4313
417 3354 3978
1981 2107 2130 2711
274 3358
3516 4415
1480 2382
345 868 1410 2864 3101 3269 3634
1048 3374 4190
833 3830
1502 1871 3523 3957 4325
821 1551 2207 3919
1754 2835 3510
262 2217 3247 3295
843 3003 3146
1304 1673 2349
2249 2837
53 1034 2916 3600 4307
2474 2716 4241
1386 1449 1834 2503 3030
68 1408 1997 2431 3218
1497 2434 3088
3562 3681
475 522
3105 3201 4223
3304 4218
82 356 2804
142 880 1367 1982 3391
372 3123
743 971 2505
2006 2770
473 2177 3304 3600
304 2839 3544
195 2136 2940 2966
2783 3361 3678
600 951 2052
380 508 637 3235
106 888 1069
933 4012 4061
2419 2803 3626
368 2381 2727
369 426 460 2184 3618 3622 3740
10 640 3475
468 921 1148 2298 4239
395 1171 2795
1779 3187
262 2473
1287 3722
262 2034 3749
56 912
47 3625
2576 2715 2913 3821
728 1102 1932 3522
1948 2132
437 845 1781 1909 2567
409 1753 1951 4370
1213 3037
1214 3460 3484
2706 2892 3323
38 1666 2794 4175
3030 3729 3805
2576 3484
1612 1824
13 1685 2727 2755
2232 3752 3763 3922
2041 2201 3145
2139 2886 3023
983 3257
151 1490 2022
495 1328 1501 2429 3426
25 569 2025
332 609 614
636 1584
1674 2126 3246 3327
1376 3354
769 970 4023 4099
1459 2295 2924 3622 3756 4213
3840 4354
351 643
2459 2852
152 2887 3589
2951 4236
1077 2026 2635 2718 3153 3448 3908 4070
1289 1627 4383
145 937 3285
31 2474 3986 4025 4136
353 418 2650 3298
2060 3474
355 3715 4402
187 431 2352
1662 2353 3728
629 641 4067
2253 3073 3653
1092 3097 3150
784 1912 1959 3805 4190 4325
3543 3869
1112 1345 3498 3686
2105 2666
3136 4162
1780 3903
2208 3245
103 2302 2588
3043 3182 3452
581 1647
1664 2673
126 260 1706
2280 4150
3315 3601 3917
3175 3276
383 835 918
2664 3183
400 2473 4402
1743 2068 2606 2648 3497 3764
1948 2599 3624
883 4093
366 1304 1345 1645 1858
1549 1737 3942 4171
1106 2603
2813 4030
2136 3288 4252
262 434 584 3665 4012 4116
2156 2759
2895 4059
677 2338 4207
2114 2446
3284 3883
1436 2128 3046 4093
462 763 1254 1933 4378
343 857
863 1913 2036 3182 3840
30 1255 2144 2424 4420
1645 4094 4342
561 1674 3683 4082 4251
1922 3510 3934
674 3156 3205 3960
787 1320
155 740 2808 4004
341 1353 2528
1803 2859 3282
1687 4411
2052 3641
1831 3037 3352
1226 1362
2233 2283 3393
4231 4396
36 549 2219 4199
1507 3562
1805 2730
710 1831 2369 2929 3882 4089 4225 4261 4311
1095 4254
109 1108 3180 4002 4339
611 1022 4369
746 1437 1634 4011 4021 4080 4415
1305 1911 4073
74 3776 4226
693 2084 2229
3839 3886 3900
3420 3519 4021
2599 3202
2932 3128
27 624
859 2101 2848
372 1925 4028
65 1767 2261 2968
228 1824 2647 2801 3713
894 2408 3045 4317
385 1032 2811 2868
1712 3713
1523 2370
1896 2068
195 399 2020 2203
3399 3480
2402 3646
824 2586
267 1516 2282 3654
658 679 3344 4247
1023 2227 2264 2466 3232
135 2925 3153
75 451 1189 1802 2761
35 2846 3059
444 2570 2991 4076
2414 4284
565 566 1028 1476 3083
72 1567
874 1251 3443 4063
2842 3159 3521 3590
926 1218 2811
374 532 1098 1561 1689 2466 2766
862 874 3889
1382 2409
1 1153 1179 3825 4275
3226 3516
1074 1688 3027 3319
1181 3615 3961 4127
1891 1936 4408
1578 2422 2775
1332 4323
2387 3336
1877 4247
750 2431 2638 3095 4242
1540 1847 2980
547 1630 2092 3907
52 828 1119 1252 1683 2859
1013 1964 2330
172 516 697
645 1018 2329 2967
1132 4158
1317 2415 2615
204 3308 4242
89 410 2575 2742
1689 4063
1340 3143 3674
1200 1896 2050
1554 2376 4225
3170 4409
99 1112 1809 2072 2783
1723 4356
886 3312 4101
407 1980 1993
2205 3686
3256 3335 3605 4371
51 1877 3545
55 3475
2492 4373
323 788 1353 1935 2139 3034
64 2256 2263 3628
1243 3701
882 1070 2351 3760 4413
1582 3823
2540 3754
358 1466 2212 3580
449 1410 3405
602 698 2797 3919
276 4328
934 2115 3862 4266 4397
2360 2370
1058 1213 1242 4378
3981 4161
860 1573 2333
633 2118 3779
72 111 989 2710 3044 4199
1714 1770 3394
1268 1953 2206 3019 3835 3888 3942
822 1164 3509 4289
1622 1623
986 2474
404 1150 3346 3569 4024
299 1438 3152 3394 4229 4390
568 2356
74 1409 2115
414 440 1464 2239
2097 2338
929 1220 2783
2432 3308 3977
657 1069 2975 3132
591 2367 2986
1872 2444 3315 3847
663 1610 2113 3212
1348 1661 2207 2274 2592 2825
1295 2588
108 753 2491 4290
1616 1948 2290 2522
28 1497 2450 2457 3327
1187 3298 3573 3966 4174
2248 2851
536 1841 2719
2658 2842
1293 1453 1660 2823
467 643 710
20 3189 3231
1507 2981
3096 3881
712 1832
501 2146 2428 4001
5 471 1321 3219 3810 4348
2531 3517 4412
466 831 1338 3315
688 1433 2125 3700 3817
238 3249
845 2002 3666 4356
2116 3785 4375
821 3971 4138
291 1945 3487
2329 3986
565 1586 2952
984 1707 3959
778 1733
2201 3449 3827
57 3196 3233
1638 2878 4395
1143 2439 4090
464 2638 3187 4322
89 1306 2267
1534 1582 2891 3329
2468 4309
786 3735
1665 4211
2709 3289
147 338
19 764
1299 3410 3517 4032
50 3172 3869
576 2336 3194 4099 4112
2200 2736 3601
149 846
1511 2394
2964 3330
18 1801 2397
58 246 726
1533 3080
837 1896 3410
454 2513 4319
193 794 1024 1850 3610
435 3486
901 3343
14 620 2851 3057 4221
407 539 2905
1256 1566 3083 3414
151 158 1926 3191 3963 4093
91 1474 2562 3150
96 1660 3091 4369
50 722 1076 1353 1956 4377
1 574 2614 3480 4169
243 1031
116 1674
2920 3059
433 848
250 761 3170
8 114 2571 3501
17 4135 4350
1477 2240
2322 4382
1854 3225 3483
289 3982
1725 3495
1644 1842 3273
423 1445 3131 4030
2325 4094 4124
289 1007 1730 2067 2751 3146
101 649 2143 2396
1828 2247
1987 2770 3081
279 478 1550 3324
377 2472
1825 2264 2835 2894
2187 2811
109 1221 1886 2772 2812
2065 4281
1170 3471
1538 1579
299 2782 2870 3011
71 1415 1530 3904
1545 1952
1521 1876 3239 3635
294 1469 1642
2831 3174
1130 3997
266 1070
3428 4307
2137 4374
410 1262 2256 2414 4408
187 819 2072 2511 2936 3067
247 3571 4024 4407
278 1215 2397 3033 3150
2784 2855
728 1305 2605 3150
87 1207 3145
932 1053 2871 3842
690 833 1752 1870
443 4341
2784 3092 3320
785 1637
1226 3246
1995 2607 2967 3148
85 120 2801
2119 2425 3546
2035 3282
108 2586 3607
1985 4040
120 372 1076 3254 3426
314 3591
2901 3970 4238
107 3071
705 2410
1281 1623 3470
2696 4379
1585 1731 4200
2527 3053
357 2375
2458 2603 4092
20 247
1097 4078
646 1786 4078
1034 2913 4354
2344 3026
81 1538 2484 2493 2627 4066
955 2663 3191
3267 3329
1116 2384 2920 3398
2544 2812
238 719
141 3419
127 2129 3235 4420
131 297
54 208 1476 3419 3891
523 1298 2154 2553
2451 2916 3589
693 2775
3096 3099 3583 4318
683 3930 4183
1219 2972 3552 3777
571 2047 3727 3747 4284 4349
768 1914 3479 3539
1395 1828
1303 3487 3684
1727 1793 2247 2568
1526 2144 2850
188 1144
2366 4091
124 1987 2084 2697 3152 4078 4267
1622 2209 2753
214 2645
2617 3926
3412 3415 4402
291 2481
1266 2189 3684 3993
89 1557 1820
1775 2309 4069 4090 4142
2625 3082
1262 2006 2805
1614 4125
1416 1464 1943 4203
529 988
701 1596 2792
628 653 1033 2299 2968
1454 1726 1971
2656 2677
3388 3501 3571
2392 2926
1157 1966 3360 3392 3830 4008
167 1583 1886 3031 3939
528 661 3079
1303 2699
2409 3465
1090 2079 2156 2166 2682 3820
1154 2629 2662 3053 3691 3935 4164
2875 4315
54 515 1901 3376
940 2312
1440 2630 3907
101 1293 2750
3032 3780
538 1484 2630 3054
3200 4340
804 3641 3838
211 3391
1288 1502 3082 3814
3081 3346
1442 2144
1389 2012 2868
394 545 4232
626 3341 4207
568 2005 3172
475 1072
2461 3036
2176 3056
383 782 1031 1546 1822 2724 3355 4236
1997 2768 3932
3295 3894
5 905 1097 1193
541 578 994 1148 1427 2994 4143
841 2054 3969
233 2463
265 602 2460 2986 3036
2836 3875
1712 3995
1118 1128 1426 3179
213 1966 2122
1878 3782
156 2589 2928 3409 3434
2143 2481 4043
593 2265 2271
3628 3931
1484 2686
2085 3619
2756 3465 3614 3621 3790
3618 3951
363 3534
447 1410
1490 2753
430 2927 3500
369 660 1083 2103
1872 3185 4304
2219 2725 3409
475 4125
961 1099 1117 2666 2929
822 3049
398 3323
1016 1324
2307 2972
2470 2989
1349 1947
738 2204
1037 1587 1984 2531 2777 3660
1109 1937 2634
926 1409 2110 3325
68 256 1516 4138
194 394 2835 4045
901 1826 3072 4096
2510 2670
2491 2663 3079
417 2681
656 1292 2733
1368 4154
1805 2850 4205
2583 3058 4052
2168 3795
25 419 1336 2075
172 1142 2156 3990
1143 2327 2689 3489
298 947 2697
1392 2098 2293 3955
15 614 2464 4362
3545 3701
245 2660 3805
561 1738 2135
2642 3052 3364
924 1501 2678
436 4085
1554 2228
2646 3180 3804
619 936 2930
2762 3934
445 2988 3539
488 751 777 2594
1060 3550 4397
432 776 895 1095 3902
1123 1324 1565 1795 2275 2322 2331
565 1136 1981 2080 3813
580 2130 2282 3846
1027 2560
979 2268
415 3972
368 3157
1025 2374
1042 4342
1016 1734 1940
958 1235 3739
2920 2993 3398 3572 4069
1487 1618 2858 3069 4053
730 984
2228 2741 3831 4129 4332
1355 1473 2056
555 1017 1651
367 869 2154 3612
1433 2007 2053 3669
467 654 2359 2639 3148
270 1589
1406 1618 1847 1990
783 891 2127 2992 4238
977 1237
2169 3626
1046 1588
2039 4029
2739 3371
1731 1818
280 318 902 4315 4392
868 2215
1977 3950
290 2647 4304
2157 3909 4087
788 2443
2178 2618 3751 4090
133 716
1599 2094 4315
2417 2959 3009
755 852 2317
625 1231 3612
1545 3852 4412
96 1300 1401 1845 2022 2422 3448
648 2702 3849
1545 2737 3311
3665 4312
619 1892 4141
864 1223
767 1007 1856 2597
1182 1297 1949 3265 4376
3059 3460
57 1401 2327 2956 2966 3986 4218
376 591 1030 1225
1476 2197 2428 2996
1707 1817
2656 4182
1055 1157 4022
603 2670
16 145 1896 2431 2467 3671
35 3340 4132
2736 4141
632 2077 3408 4040
533 1785 3750
1502 2970 3591 4050
6 1377 1505 1698
3004 4031
287 407 504 2150
353 2806 2809
1673 2549 3773
2408 2935 3169
1610 3126 4087
3091 4263
1993 4329
1108 1927 2714 4207
419 4193
533 2886 3042 4275
219 3301 3595 3696
270 529 1306 1397 1490 2084 3397
762 890 2427
1226 2890 3373 4275
168 1866 2423 4113
247 1249 3883
1017 3658
4014 4210
2028 2304
964 1038 2503
581 758 1073 1964 2861 3560
674 4203
3536 3796 4285
610 794 2739 4095
179 1680 2902 3654
33 1753 2000 4133
2271 2710
1586 3455
2486 2786 3961
1311 2252 3462 4418
1131 1187 4077
86 811 1650 2220 2595
966 975 2692 3274
473 2159 2585 2842 4139 4159
2298 2749 3674
89 999 2903
815 3152
2496 4287
2845 3716 3974
1199 3270
535 1671 3305 3719
2099 4138
1210 4102
406 1947
772 1559 2431
2942 3369
282 353 679 733 876 1756 2926 4409
2647 4010 4155
2622 3518
8 2288
1707 3237 4282
1932 2554 3199 4147
1004 2755 3347
803 1260 3219
2192 2547 2706 2960 4067
1027 3643 4056
42 3030
2356 3247 3333 3526
405 1869 3485
932 1425
17 1400 1770 3142
836 1484
2180 2309 3743
151 950 1609
942 1782 2812 3977
1846 3231
1737 4328
220 2566 4231
175 2811
685 911 1136 1654 4343
1321 1491
2749 2955 3641
144 2263
297 2589 3371 4221
3361 4279
271 274 3770
1205 3374 4220
1766 3383
440 1269 2409 3223 4040
905 2367
2252 2575
2494 3182 3422 4008
3121 3251 3929
1676 1743
1439 1603 2018
5 203
641 1316 1371 3914
1050 4323
1566 3892
82 861 1415 1547 2906 3648
241 4197
998 4252
2845 4059 4188
179 2756 2881
194 3684
904 2013
2595 3126
375 1337 3557
649 679 988 3943
1170 2452 3733
2030 2328 2351 2827
1336 1687 3667
917 2382
545 1644 3236 4267
135 188 2081 2161 2259
3794 4111
731 1892 3323
1820 2732
1078 1333 2558 3024
745 3859
1366 4221
329 3490 4328 4355
2626 3190
952 3804
207 1762 4384
541 1059 1084 1361 3945
1980 2997 3674
3642 4395
519 2692
508 1721 1848 2133 4101
950 1670 3174 3383
484 3111 3303
1562 3568
302 973
841 4407
592 3716 3805
789 1546
998 2997 3089
1112 2776
1904 2753 3678
516 1689 2469
3384 3442 3530
1456 2183 2478 4035
1167 1230 1478 3031
421 3049
784 794
979 1292 1810 2196 2878
1539 4316
763 1558 2737 3109 4125
936 1710
307 1142 1739 2737
225 1321 2823
1131 3529 3939
51 1032 3554 4214 4231 4232
2007 3385
167 201
2956 3362
2715 2882 3912
841 2139 4185
3614 3924
789 4002
612 3900
1286 1716 2778 3289 3506 3846
1119 1996
630 1624
2536 4306
155 809 3470
2351 3798
486 4090
478 1869 2179 3227
1021 1111 2168 3373
67 1459
1185 1446
1226 2401
125 1015 2999 3568
543 2000 2644
1372 3036
1498 3437
762 1913 3432
605 1223 1393 2036
3590 3713
1828 3365
735 2189 3989
85 293 2604
848 2890 3089 3168
1264 3661
749 1502
2762 2948
938 1578 3500
3575 3890
1663 2433
84 110 2392 2498
1831 4174
1044 1174 3858
57 2986 4332
232 2797
133 793 1939 2048 3068
777 1015 1332 2844 4162
1012 1698 2466
937 1310 4299
103 524 1845 2898
819 2091 2573 4058 4200
419 1650
3797 4185
1077 1251 3074
2843 3907
386 1191 1398 2910 4358
599 1338 1450 1784 2461 2951
1448 2581
413 1709 2382 3112 3429 3441 3644
1527 2863 3450 3491 3492 3631
129 1943 2515
22 1643 1709 2664 3892
565 625 2634 4267
311 2748
78 1416
2228 3087
2236 2768
2832 4276
741 980 3842
470 1751 2993 3947
1211 3678
492 1413 1982 4195
1160 4105
214 2541 2755
1586 3451
928 3037
200 2814 3322 3337 3417
297 988 4266
140 1138 3881 3903 4415
2199 3206
1377 3257 3775
144 4002
10 686 849 1264 2293 3064
3144 3554 3808 4082
813 2962
183 1208 2435
1775 4176
1108 1521 3912
984 1622 4019
465 1902
76 696 1451 2638 3761
1868 1919 3126 4293
86 820 2330
1468 1879
191 835 3337
1561 2399
74 1494 2744
2342 2494 2750
1404 2527 3433 3708 4185
749 1241 1394 3494 3747
603 611 788 1989 2020 3242
938 2978 3523
1032 2476 2805
2152 4276
817 1405
5 1494 3149
3388 3716 3890
2628 3698
1208 2097 3129 3763 4216
1444 2802
284 439 1439 2554 4183
2904 3033
1399 2195 4330
1362 2250
794 2263 2493
770 1901 2119 2308 3762
2174 2890
287 426 931 1985 2565 2842 4264
1115 3164 3267 3462
2714 3333
3157 4164
1191 2674
3 738 927
30 1627
1415 2886
2476 4397
719 959 2582 3803
96 1384
2566 4257
605 1105 2235 3396
1108 2198
2552 3686
253 827 1358 2264 3381 3454
3000 3217
735 2547 3043 3242 3951
294 3131
1216 2274 3471
684 860
1298 3774 3951
1482 3242
1012 1376
108 592 610 722 3933
164 1049 3922
1227 2965 3676
2256 2583 3827
146 1015 3444
478 546 1070 2186
697 1115
527 3789
2556 2802
1325 2587 3078
752 943 1253 2060 3070
739 4108
1085 3087 3111
721 1659 4191
404 1196 1663
1266 3386 4197
1609 1890 3844 4016 4056
105 705 3259 3586 3851
2427 3419
439 4145
55 2516 3134 3480 4024
1827 2195
419 2271 2428 3046 3150 3605
801 4361
104 1333 3487 3505
436 847 1656 2298 3093 4208 4273
179 1745 3041 3790 4201
1014 1316 2201 3722 4285
643 4265
842 960 1751 2312
1177 1694 3195 3878 3919
427 2040 2826 3508
1432 2318 4255
257 2056
3537 3802
665 2458 4192
2963 3855
1191 2489
1375 3097
419 1440
1342 2125 2840 3369 3689
478 2436 2795 2909
1670 3131 3250
1592 1768 2750
261 396 2643
829 1882
544 981 1123 2724 3839
626 732 3689
606 3274
1054 2429 3416
3403 4212
165 2935 3568 3585
1617 2278 2940
583 600 1888 2208 2934 4029
1796 2719 3820
988 2342 2749
123 994 2450 3653 4104
2679 4298
533 1446
2755 3150
199 2771 3555
1583 2776
378 380 2425
141 3354 4041
2232 3260
2131 3356 4173 4244
130 1620 3474
2663 4254 4267
720 942 950 1829 3636 3785
781 3641 4268
1863 1979
108 2021 2940 3119
99 1477 4199
406 1250 2981
552 2170
2511 3091
1304 1981
2125 2582 2700
260 521 3737
804 1170
2634 3921 4287
2547 3273 3350 4308
245 868 3543
1333 2554
1260 2444
60 2565 2809 2961 3220
1850 2253
2898 3680 4377
2185 2357
77 4361
245 3644
1733 2596
938 1291
1509 3973
478 2117
909 4217
830 1684 3871 4134
120 1631 2951
1188 1511 2318 2876
2507 2604 3407
1333 1739 2636 3308 3625 4000 4124
1656 2390
1114 2260 2723
1081 2166 2902 3312
1403 2640
2991 4393
1280 2267 2586 4104
43 1881
2495 2766 3287 3717 4361
96 3082 3942 4185
79 788 2330
132 1251 1298 2828
1928 2774
841 2856
796 1127 2211 3151
573 2477
165 671 2255
3083 3141 3306 3482 3521
2552 3273
958 1024 1966
1014 1418 3642
908 1533 1599 1664
314 540 3271 3807
1333 1963 4080
2869 3648 3894
2469 3570
652 1361
291 2423 3258
3919 4208
1012 2561 2736 3075
1512 2524 3314
2463 3610
1142 3057
261 2724 4419
1845 2962
557 1126 3484
683 4335
1624 4142
828 1521
93 1062 1360
1806 3527
78 4329
2656 3020
1148 1326
1493 2097
524 3145
1050 1704 2444 2916 4167
1350 4393
1040 2439
1499 2777 4312
1163 2427
718 2766 2950 3131
220 410 3326 3951
1460 1519 4302
576 613
1213 2836 3115
1633 1863 2457
2243 3014 3686
1279 1711 2673
10 342
4127 4399
1574 2311
471 1130 1526 1544
297 1477 2958
1078 1282 1558
130 4018
565 612 2777 3297
1271 1998 3503 4267
2072 2709 3215
1204 4406
1936 2769 3671
769 1841 2375 3481
920 3630
119 951 969 1019 1924 2004 3137 3358
1791 1917 4305
42 345 765
3151 3889
2825 3001 3518 3821
1233 4065
2468 2829 2858
2916 4395
607 882 1968
2470 3174
498 1652 3219 3579
452 474 682 2865
1017 1987
227 3021
1395 3294 3601
2485 4079
107 605 1791 2573 3432
858 2819 3884
51 2548
1436 2779 4254
1846 3867
719 2213 3679
603 1046
1380 1489 3850
3496 3549
601 1636 2416 2898 4039
145 1609 3624
2434 3198 3761
1694 1971
370 709 1448 4103
2092 2154 3280
393 1630 2146
378 3109 3194
584 1503 2429
1811 3078
3107 3259 4104
227 1052 3008 3239
273 4044
301 952 1606 1675 3567
250 890 1900
280 1382 1938 2482
1258 1364
562 2290
2818 3676 4417
1230 2889
824 3564 3583 4402
1195 4371
188 1527 2060
545 3827 3960
108 1063 1326 1378 1415 3506 3930
2378 3730
2141 2257
1798 3184 3634 3902
3 1294 1304 2536 2902 3390
760 1115 2300 3213
1943 3661 3834
111 809 933 1413 2535
370 3129
844 4200
762 879 1948
2509 3014
1105 1264 3022 3206
1061 2064 2508
76 1279 2951
421 1306 2918 4396
1707 2083 2700 3802
1810 3399 3427 3473 4216
610 2652 3879
2970 4150
117 4043
1543 4410
1244 2880
2127 3453
124 325 1328 1945 4288
79 415 740 2006 2205 3200 3320 4231
1619 3743
12 159 624 2574 2578 2963 4294 4319
75 1692
833 863 1128
1423 1865 3560 4311 4328
170 1957 3102
79 3579
3059 3779
1039 3856 4287
241 2885 3850
3004 3311
211 453
544 806 1050 2981 3425 3699
2359 2535
1759 2392 2537
1310 3370
1662 1746 3707
1055 1451 2338
2013 3142 3393 3735
2372 3872
3215 3895
336 393 3299 3989
205 1688 1924
238 469 2746
1025 2775
3730 3782
482 1744 3938
2534 3495 4084 4162
1590 1920
669 1564 3384 3622
1593 3370
418 534
3087 3684
359 635
93 194 924 2952 3734 3761 4416
2715 2771 3014 4133
357 560 1329 2435
753 902 1359 1507 3959
343 506 1498 1941 2239 4067
565 2729 3904 4230
2042 3067
127 1445 1487 2140 2843 3619 4265
82 694 908 1136
2651 2807
3362 4205
2211 2446 4369
25 201 2321
877 2559 3053
1294 1419 1618
45 930
2450 3276 3466
2052 4348
3052 3268
804 998 2550 4194 4353
599 2582 3467
3000 4402
1472 2363
124 2110
189 3097
628 2790 3298
303 2591
2472 2826 3222
765 1550 2131 2447 2936 3034
130 1118 1954 2930
1926 3184 3727 4129
792 3103
2592 3573
3374 3995
1738 2140 3245 4221
532 1358 1851 2630
361 1484 2991 3867
2807 2841
14 482 4033
810 1035
878 1430 3315 3415
1667 2080 2146
318 1582
1075 3114
747 1802 3362
2290 2898 3814 4104
1232 1850 2637 4142
1370 2571
189 784 1057 4323
3561 3835
235 3600
1176 2220
17 2556
511 1903 2537 3486
324 3755
451 597 1947 2809 3299
1536 2733
1740 2061 3235
237 1368 2163
307 3900
2333 3427
1373 3835 4107 4275
555 2130 2872
355 477
2344 2421 3614 3706 4239
85 999 1479 2826 3671
264 810 3637
1334 2170 2787
1004 1848 2008 3715 3785
1216 4287
325 3373 4290
381 598 1243 1608 1644
325 1104 1195 2182 4321
2713 3132
864 980
2252 4295
643 645
2468 3042 3213
764 3636
1057 2060 3275 3723
1481 1633 2029 2698
860 1688 1999 2409 2946 4311
716 1018 1900 2880 3042
2147 3247 3718 4372
485 1977 2215 3502
639 1933
393 3997
456 1900
801 1156 1914
437 1468 1641 2923
1069 2300 3039 4202
1500 1852 2372 2381 3335 4067
854 1545 3337
726 2102 2161 3096 3577
654 843 894
192 2450 2520 3793 3885
1669 1686
445 3475 3546 4327
603 1707 2643 3980
731 2024 2575 3066 4303
1227 1321 2023 3212 3520 3767
1649 2026 2497
2653 2970 3464 3540
152 654 1059 2361 2666 3961
3134 3295
454 2438
1186 3201
353 2145 2214 2889
499 1184 3868
950 2252 2603
3195 3664 3728
1670 1969 2671 3574 3828
2038 2102
107 1731
202 1125 2996 3214 3338
173 774
2620 2696
679 1202 3729 4198 4381
2633 3239
849 2794
1 603
1362 3721 4039
562 1495
519 1811 2268 2705 2843
288 1985 2031
3832 4329
359 1364 2994 3529 3567 4302
912 2966
1665 2147 2287
3544 4186
2062 2794
338 410 854
1122 1292 3091
494 983 1141
2061 3657
412 1221 2272 2964 3495 3589
1037 1473 2413
203 1076 1168
490 497 1832 4248
2368 2459 4008
355 3100 3172
3371 3692 4101
935 2036 2566 3845
602 1839
3611 4321
716 2803
1041 3433
2633 3666 4265
167 1920
290 443 943 1548 2103 3988
1091 1809 3655
563 1773 1902
3591 4149
964 1149
132 2002
231 1805 3599
1418 2021
814 1187 3309 3382
1496 3285
72 4108
2858 3420
122 1218 2476 2792 3228
1305 1568 3914 4357
1445 4097
430 492 1530 2940
1149 2766 3949
1024 1541 1906
326 841 1465 3979
3256 3433
249 1519 3858
376 555 3882
724 2103 2157
690 808 843 1689 2594
1210 1438 3007 3710
1008 3729
316 4273
976 3251 3837 4350
1730 4038
498 1777 2248 3550
741 883 1561
347 2570
112 1604 1742 2018
948 1667
912 1958 3224
224 1991 3901 3929
306 391
2926 3167 3933
575 1053 3777
736 940 1331 3130 4259
626 1168
1556 2121 4296
2651 3131 3740 3885
52 3431
3632 3865 4180
2333 2399
1218 3687
1149 3675
225 672 1027
2172 2706 2875
489 1109 1443 2754
414 2988
990 3051 3752
518 960 1282 3994
1270 2111
1095 3383
229 967 1150 3760 4335
81 1707 4156
2909 3954
1709 1871 3358
1690 3477
3193 3698
17 3084
1683 3004
290 1013 1692 1973 2007
193 1218 1276
169 2370 2762
1356 1745 2586
2111 2771
255 712 3289
242 2917 3795
3461 3676
1434 2862 3466
1603 3113 3139 3749 4082
798 2452
556 736 4027
1071 2496 2529
2847 3750
119 926 1179 1969
2451 3254 3462 4121
60 437 2605 3884
245 3665 4279
356 2007 2741
1537 1617
2385 4054 4358 4398
560 2024 3129 3266
264 1604 2636 3570
219 2873 4225
2711 2725 3362
1490 1735 3816 4024
1580 3930
157 3684
1593 1796
768 1656 2157 3584
784 836 1524 2347 4183
1262 2367 2851 3708
470 2347 2515 3208
1712 2608
1283 2168
1144 3480
496 962
428 3121 3424
1620 3977
2930 3576 3810
47 1362
650 859 1092 2514 4409
1610 4183
2380 2981 4419
2135 4199 4283
2337 2994 3650
1598 2693 3277 4026 4286
2258 4407
568 2147 2224 2520 2824 3120
291 737 3679 4150
1125 2934
97 179 1673 2221 2864 3186
1377 1652
613 1011
2680 2793 4181
535 2069
2908 2943 3329
237 277 721 2075 4034
34 1758 3488
166 512 2347
3049 3060 4126
885 3633 4112 4121
3601 4121
1737 1858 3696
2307 2725 3266 3674
409 2169 3120 4286
502 2327
305 2217 2259
487 2993
1017 1355
1664 2744
2461 3913
446 1810 1971 4279
2853 3987
3515 4352
2903 3217 3347 4071
242 1351 1638 1833 2201 2629 3078 3347
47 1304 2887
1118 1272 2053 4097
324 377 464 1556 3954
202 1684
1065 3546 3781 4240
3989 4223 4357
495 524 2053
1520 1782
1305 3655
564 3882
1593 2881 4279
3157 4361
2922 3858
2011 2425 3343 3351 3673 4389
4021 4229
869 1107
1326 1539 2607
198 2728
934 2482 3547
2375 3386 3495
25 1621
8 65
884 3884
662 1649 3185 3730 3812
1016 2163
2393 3172
359 1294
830 958
709 805 2510
1849 2546 3271 3993
988 1476 2258 2569
371 1578
1271 1735
1539 1984 2021 2170
860 2887
1633 2421 2508 2742 3260
857 1868 1913 4298
105 1528 2590
1878 3372 3653 3915
518 1018 1339
612 1425 2782 3939
2895 3948 4278
642 1314 1969 2092 3398 4131
2479 3733
671 1638 2243
1930 2177 2302 3934 4375
1418 1741 2215 2974 3590
1237 2581 2994 3667
959 1757
932 3247 3389
277 2062 2247 4043
2150 2239 2645
1909 2461
811 1467 1479 2981
2035 2968 3891
1219 2302 2419
394 864 2527
624 1081
613 2825 2961 3059 4129
511 1662
1077 2513 2928 3309 4413
407 2153 2358 3814 4144
304 2349 2697 3012
1664 2979
2189 3058
1121 1507
54 654 3043 3144
1184 1351
2266 4025
3737 3902
962 1915 3256 3753 4322
284 3034
684 915
643 921
1749 2498 2909 3982
675 1506 2700 3669
318 504 2383 3552
3057 3756
1968 2625 3843
762 3859 4156
1227 4018
1349 3404 4102
3258 3910
2834 2847
825 2042 2099
276 3239 3281
3713 4264
2376 3083
1704 3068
2667 2672 3829
713 852 1667
261 426
736 3228
1302 1709
1352 3193 3675
2136 2489
1712 2605
996 1282 1718 2802 3027
550 2928 4374
36 3075
620 934 1547
1599 1624
250 1576 2223
1815 2537 3959 4020 4289
42 450 1366 1637
732 986 1902 2275
173 217
2806 3445
2223 2384 3895
458 4408
1206 3663 3693 3707
3236 3855
2724 3559
1158 1661 3785
3012 4164 4313
316 536 768 1665 4070
1353 2052
1402 1927 2116 2516
568 838 1099 2049 4192
1366 3987
432 1913 2204 3240 4384
2591 3420 3516
1109 2158 2678 2794
1179 2632 3389
913 1678 1800 2012
605 2764 4265
368 1955 2733 4308
1067 2922 4273
46 3124
975 3306
3157 3692
1984 4373
2084 2723 2942 3477 3676
131 3167
1057 3658
61 2878 4185
1326 2353
1057 2200 3336
1445 3298 4369
794 1541
836 1725 3318
332 942 1053 3097
1949 2944 3884
96 715 1128 1964 3447
2141 2882
3875 4035
1116 2225 2659 3322 3939
924 1844
91 1332
411 471 3234 4119
1572 4051 4229
219 3245 3848
696 1137 1436 1589
464 716 827 1659 3460 4170
915 1103 3276 4165
317 454 1102 2528 3947
218 565 827 1525 2626
2858 4251
48 2737 4346
1375 2481 2537 3087
424 986 1449 2639 3014
1063 3565
1819 3500
581 1910 2574
484 860 1232 3748
549 699 3020
507 999 2852 3646
562 743 3825
94 495 2479 2734 3522 3568
293 531 664 1034 2610 4324
1048 1266 1374 3086 4063
254 4406
19 651 4155 4162 4361
1886 2867
341 1897 1936 2482 4407
147 418 769 916 1822
1013 2492 2591 2842
81 1659 3538
787 806 851 1043 2663
840 2671 4045
237 936 2410 3533
1960 4232
1459 2035 3993
2651 4059
2234 4200
329 2871
555 2603
827 1960 4120
849 1200 1463
1634 3455 4078
601 3143 4096
291 2417 2698 3455
853 1744 2325
645 1728 2359 4192 4326
227 3251
241 2383
305 2599 2615 4161 4165
621 1456 2125 2145 4352
1378 2100 2412
796 1581 2931
254 3343 3534
895 3121 3149 3915
406 1720 2968
391 427 592 833 840 1926 3252 4059
1773 2017
159 3079 4374
1254 1521 2318 3397
1655 2149 2904 3728
233 3900
1853 3003 3433 3543 4304
8 412
1562 3404
1746 3201
189 1439 1567 1961
3314 3453 4270
1271 1717 2376
3244 4104
1018 4280
1728 2532
246 1433
2150 2364 2993
1450 2927
1478 1946 3707
525 2490 2625
1592 2644 3051
995 3048
257 315 448
96 923 1873 3388 4263
1229 4194
154 858
1408 2546 3241
55 553 648 681 2477 3883 4298
3185 3533
153 814 2457 3531
406 3732
1351 1835 3145 4131
1145 4214
873 3808 3945
1191 1856 2391 4026
1412 1959 3710 3763
747 3970 4141
2982 3586
116 200
774 1104
2898 3453
2226 4323
1511 1850 3081 3420 3434
1695 2895
69 1070 2020
1227 1536
329 459 883 1396 1462 1862 3724
956 2024 2690 4310
1278 3360 3752
650 2821 4296
903 3437
1238 1510 3486 4001
467 2864
843 1169 1858 2432 3952
3075 3927
434 3647
827 3527
157 875 1511 2450 3061 3635
1833 2098
4012 4167
2611 3824
1906 3628
1477 2475 3232 3950
441 786 3736
686 1620 2282 3375
1804 2736 2883
2171 3675
525 1430 2481
662 1468 2281
1022 1186 1830 2743
760 1128 2996 4169 4202
119 1007 3135 3148
970 1029 2883 3172 3915
2577 3646
2466 2975 3088 3790
2632 3437 4082
1130 4321
1635 2995
35 4281
2807 2900 3930
508 675 1966
1741 3391
1266 1356 3131
688 2040
982 1555 3403
730 1138 1425 1426
217 1217 2173 3686 4288
654 2395 2485
1115 2209 2448
25 1415 2811 3004
1107 1262
755 3605
1739 2204 2282 2361 2894
1401 1410
1492 2093 3499 3922
791 2835
3424 3648
217 2308
174 2601 4337
13 1921 3081 3997
3281 4231
602 1064 3035
1179 1220
798 3646
2343 3362
1100 2632
2790 3876
316 1205 1255 1319 2371 4406
1054 2502 3339
3061 3678
363 414 2304 3862
1272 1907
406 1895 2011
137 1036 3968
1442 2644
479 2372 3604 3646
3021 3682
1306 2532 3326 3716
207 4009 4210
833 1014 1074 3581 3693
1236 1956 1977 2021 2218
51 4263
30 489 3901
2405 3960
2819 3039 4216
1316 3007
869 897 3078
127 2389 3005 3159
744 864
1076 1549 3215
1208 1474 2472 3060
79 1092 2842 4339
351 855
685 1153 2314 2528
2989 4329
1821 2766 2955 3538 4409
615 4142
1375 1973 2678 3752
176 1056 2630 4085
2053 4259
58 2451 3716 4285
571 678 1263 3614
947 1335 3368 4352
2260 3733
1672 1904 2275
309 3850
1537 2632
2647 3703
330 1125 3121
425 2190 2630
398 996 3595 3802
705 2352 2667
2431 3677
2478 2801 3542
95 537 900 2528 2735 2873 2937
1149 2578 2824
64 280 2124 4335
1499 2524 3073 3211
134 2077
733 1544 2848 3782 3959 4353
201 2306 4301
608 3250
1410 2520
303 797 4273
351 1650 2736
1626 2263
625 773 2110 2884
1136 3304
174 336 1767
317 2642 2860 3006 4176
203 4110
1479 2536 3414
769 870
264 3704
225 3131
96 1994
70 1031 3268
64 115 469 1350 1519 3114 3699
1278 2669 3221
125 914 2343
205 2647
610 1551
1154 2057 3026 3316
1022 1065 1680 2000
3 4347
1663 1666
3784 3828
1208 1674 3404 3550
154 873 1893 3739 3877
437 1009 3696
320 2310 2443 4138
91 3040 3399
348 1753 2032
536 1936 1981
266 2085 2493
1612 2347
387 1863 2019 2564 3472 3631 3673
764 2110 3226 3611
164 1711 3321
65 178 2711 3641
393 1742 2128
313 4163
71 1665 1863 3229
2580 4086
2069 3417
1757 1761 2139 2325
783 3387
2192 2949 4187
554 1307
74 843 2717
1699 2762
1146 1834 2356 3228
235 3276 3493
220 2004 3346 3357 3891
41 842
1738 3882
1034 1735 2205 3699 3960
2756 3582 4373
648 3243 3536 4231
730 3656
1558 4049
2266 3138 4147
792 837 2511 3402
1487 1949 2393
585 4259
4 450 2523
1003 3000 3689 3996
307 1779 2056
2290 3825
242 422 2263 3668
792 1371 2546 2974
371 638 1738 1742 4216
1394 3573
1256 1543 1993 3190 4143 4204
1555 3032
2712 2777 3571
1738 3700
270 3124 3562
1354 2078
144 1093
3033 4032
701 3079 4138
32 980 3857
226 2047
595 2261 2280 3382
2216 2865 3684 4023 4073
305 2690 3311 4156 4352
111 1042 2331 3708
1027 2976 3418
2411 3949
282 1979 3850
3252 3998
107 631
229 2285
597 1099 1780 2068 4126
175 1531 2723 2879
1564 4323
2310 2456 3754
769 3732 3895
443 1931 2401 4019
18 166 1329 2911 3769
899 2955 3753
2634 3364
2306 2556
1447 2666 3839
2005 3953
1369 4295
1449 2395 3401
2572 3645
106 1071 2119 3609
68 319 2489 4002
671 4029
102 4136
1459 2529
2528 4091
2351 4062
3490 4042
477 916 1528 1584
1530 1960
1206 1572 3286
165 471 1303 2075 3553
3280 3417 3545
840 872 1148 1827
380 1094 1273 3546 3857 4392
887 1886
677 3072
237 350 1127 1554 2490 3047
638 883 2029 2048 3741
865 1034 2338 3463
706 906
648 1520 3902
462 1951 3419 3748
1368 2090 2491 4207 4369
1050 2892 4172
546 600
1671 1801 1958 2794
2713 3101
536 1351 3801 3999
1617 3638
2676 3758 3784
763 877
1096 1379 2678 4001 4393
276 1202 2716 3546
1034 2263 3148
1030 2271 3629
962 3976
1769 1809
2255 4085
633 1774 1865 2907 3554 3912
370 629
1287 2585 4141
1999 2199 2321 3693
659 3610
752 3146 3543
1108 3996
2247 3900
3215 4132
2496 3501
504 2316 3273
330 441 1011 1477 4031
529 2199
936 1482 2755
1594 1733 4173
853 2055 2090
2525 2816 4107 4223
1439 2780
1437 3469
1483 1980 3052
271 1249 3399
265 3358
492 3418
88 3399
289 642 4069
1145 2140
611 1250 1459
1973 2803 4074
2628 2815 3638
688 1483 2287
1447 1488
601 735 1746 3357 3582
918 985 3203
1893 2757
271 3754
173 2965 3551
1679 2293 2820 3194 3275
1260 2163
1149 1322 2290 3414 3872
282 827 4159 4356
951 2806 2852 3211
442 3157 3352
3 1482 2916
2643 4288
490 2028 2671
696 2701 2740 3842
1803 2848 3908
3184 3287
1049 1466 1689 2076 2900 3202 3375
180 262 2205 3556 3691
95 3641 3825
500 1070
911 1528
1411 3132
737 3422
408 3062
1089 2959
1351 2467 3395
1944 1955 2123 2126 2681 3453
1619 2619 3374 4262
2468 4030
1133 1681 2416
1295 1674 2140
904 4232
363 3150 3760
1606 3918
223 2239 3182 4069
1078 2106 3741 4155
2168 3455 3811
3191 3605 3938
643 2106 3801
1536 1681
499 1708
125 1552 3337 3392 4394
59 2521 4002
3084 3644
914 2753 2890
1484 2573
893 1481 1484 3738
1482 2576 2872 3981
108 488 1961 2011 2469
2315 4091
2894 3528 3670
304 856 1575
1882 2215 4234
795 3957
1097 1479 1920
2676 3860 3884
1509 1606
2715 2838
1407 1522 3401
297 3978
895 1846 3803
462 1638 1913 2072
321 475 1608 2429
1834 2834 3452
3515 3970 4411
732 1030 2268
494 3212
3138 3294
422 824 2618 4143
1316 1774
593 880
391 1895 1950
499 1916 2292 4082
486 1773 3263
1791 2934
148 1290 1333
1028 3801
2342 3311
1977 3391 3947
1777 2423 3012
1573 2427
343 1078 1822
934 3012
1227 1253 1287 2934
1799 2869 4132
2393 2929 4345
1863 3470 4293
993 2178 3883
369 1335 1970 2555
1077 1691 1944
1066 1499 3207 3550
818 2578
1970 2189 2329 2453 2951 3931 4019
504 1603 2122 3663
2473 2532
377 1016 1271 2157
2980 3777 4288
171 2310 4183
698 1759 2936
1096 2378
2150 2653
1807 3557 3756
445 658 1632 2040 2320 2371
1360 1616 3681
1060 4357
1350 1642
824 1100
92 2283 2687 3276
1294 1363 1798 4116 4389
879 1384 2393
2829 3698
6 3227 4220 4382
216 1084 1310 4061 4241
75 1605 2473 3312 3629 3897 4085
416 480 1697 2272 2481
584 1522 2564
1127 1633 4282
1366 1968 3030 4397
548 1418 1607 3337
2961 3979
101 1249 1685
36 406 1445
2193 2794 3514 4150
217 865 1220 3199 3248
1019 1743 2065 3178
539 1306 3485
1827 1933 2655 4409
554 1536 1886 4032 4229 4367
401 3974
1280 3374
199 860
125 3508 4012
1893 2802
436 1282 2866 4004
927 1370 1415 4133
3212 3525
3301 4419
393 539
2029 4051
1506 1812 3034
1768 2625
255 624 972 1340
1942 2211 2325
314 1236 1972
70 882 1922 1986 3443 4289
1098 2075 2687
1961 3849
1674 3505
2906 3908 4320
441 794 3202
2599 3809
1471 3341
143 1220 1840 2692
344 4228
1197 1517 1770 2110 3925
3479 4283
946 4152
477 1987
2218 2860 3183
1225 2172 2569
1254 2642
310 373 417 1094
1334 1635
1566 2338
126 3473
1116 2389 2946 3578 3960 4049
1337 1418 3530
651 1202
2080 2596
3846 4360
196 1718
81 1044 1062 2097 2294
2542 2713 3467 3528 3935
924 3921
1597 1894 2891 2958
106 755
1975 3157 4321
2103 2628 2901
1639 2164
1168 2993 3217 4369
3148 4081
2253 2438
912 999 3439 4051
1929 2620
573 2221 3831 3918
127 1092 1904 3209
3454 3790
110 3338 3950
464 606
1862 2326 2460 3442 3538 4262
321 518 1292
1025 1180 4302
1174 2521 2760 3967
1013 1244 1879 2965
2535 2630
631 2008 2540
1440 3075 3274 4165
1802 2428 3663
176 1257 3499
3899 4179
215 2360 2417 4397
3289 3880
451 2988 3378 3789
4124 4326
601 1866
405 1616
648 860 4141
3490 4025
746 1972 3811
4192 4309
1153 1847 3427 3563
1564 1703 3231 3235 4121
378 598 1661 2656
234 1381 2112 2514 3415
2 2337
1614 3774
141 1019 1448 1572 2779
2036 3337
677 729
201 660 1015 2814
2416 2788
1156 1937
366 2265 3211 3519
1373 2749 4394
2410 2668 3736
1650 2516
367 962 1061 1067 4370
450 2374 3524 4418
43 2111 2258
909 3053 3863
1418 1574
4 1556
3613 3672 3719
152 1339 3158
388 1511 2003 3677
938 2635 3433
393 1685 3346 3353
431 711 2646 2788 3965
1055 1473 1516 2037 3969
195 560 857 3644
1814 2559
115 343 1487 4282
921 2285
2171 3061 3248
2370 3951
538 877 2480 3910 4184
294 405 1573 2266
65 305
2170 2323
2123 2199
48 1607 2866 4077
927 1015 2261 3140 3144
848 2699 3721 3888
867 2332 2964 3041
2282 3262 4214
2377 2544 3842
239 486 1624 1666 2956
1752 2288
177 2442
1814 2356 3264
3536 4026 4079 4318
1085 3448 4310
1039 1777 3337
2510 4340
25 1775 2932
44 3169 3245
1148 1683 3465
315 1334 2092 2584 4384
726 1887
801 3111 3355 4049
1158 3465
828 2202
678 1183 2197 2878
304 3078 3677
4086 4234
172 608 1543 2865
2637 3246
842 1512 2491 3528
202 1472
249 557 604 1184
3803 3992
1671 2352 3859 4241
114 198 1725 3207 3515
41 564 738
160 3527
426 1518
1019 1932 2218 4152 4233
534 2556 3056
2412 3744
1699 2103 3914
881 3308
1532 2425 3068 3410
975 2919 4114
10 1057 3080
2830 3652 4196
205 2721 3685
331 2221 4341
258 2706 4132
237 3648
1636 2697
2153 2646 4097
2454 3611 4169
716 1012 2364 2979 2991
2182 2353
1680 3464 3519 4109
321 3878
2237 2881 3831 4002
998 2915 3263 3297
3470 4041
87 2603 3771
516 2881 3897
595 606 976
362 528 2872 3973
3346 3354 3595 3939
1324 3270 4288
1366 2643
761 1200 1790
1069 1827 1928 2284 2664 3308
3274 3427 3644
638 2310
445 1932
1348 2701
584 1057 2765 3044 3514 3574
2381 4296
764 2434 2648
845 1175 2023
1982 2690
1615 2652
321 1610 4203
957 3895
2306 3882 4009
143 1730 2236
1846 1951 3926
1242 2371 3112
69 4031
1689 2770
2222 2633 3250
1195 1618 2393 4151
2289 3424 3728
1600 2008 2507 3041 4280
1749 3128
389 901 1953 4167 4222
1647 3247 3260
767 1429
1593 3207 3921 4156
260 3516
39 2887
852 1501 2765 4346
1669 1860
617 4312
3317 4254
2613 2875
119 1254 2840
1573 2301 4058
1119 3496 4381
629 1280 2695 4320
1611 2529
944 1265 2023 2153
2063 3679
724 1516 2140
455 3934 4129
1583 3752
1839 2645
621 4040
526 2188 3795
2223 3809
3262 4075
1399 3694
336 2356 3316 3626 4241
1320 1700 2577 3778 4328
1953 2618 2986 3027 3221
1895 4306
763 2467 2636 2935 4371
1056 1977
962 1502
2414 2860 4075
2286 2338 2575
2289 3228
2461 3813 4211
1466 2823 3083 4031
368 2316
3849 3882 4205
28 1326 1963
1809 3149
3504 3625 4086
79 1509 2465
932 1082 1176 3390
1281 1332 1866
2237 3810 3869 4300
581 3573 3810 3888
499 1580
738 800 1023 1375 1772 2078 4061
1689 2954 3359
421 928 2569
865 3023
1646 3141 3230 3730
662 1349 3849
3064 3081
585 1029 3830
103 1014 1413 2178 2866
730 2350 4370
220 1553 4217
422 3376
1693 3837
3309 4242
1964 3962 4150 4323
1935 2573 3089 4181
684 2184 2301
298 359 1763 3180 3515 3610 3876
2415 3260 3957 4236
3703 4267
1483 3721
1257 2215 3925
43 2557 2701 3797
2514 2968
949 1542 3763
2743 4217
1791 2085
121 364 1955 1980 2306
1893 2302 3928 4113 4262
267 820 1982 3971
3623 3866
118 4214
35 374 2472 2776 3320 4395
884 1085
2099 2490
2051 3913 3978
225 3834
2372 3593 4138
415 1139 2376 3229 3658 4017 4388
390 2582 2740 2835 3549
1151 3761 4241
1781 2706
1320 2961
652 3635
114 282 1199
2427 2700
333 2140
584 2867 3796 3839
1671 3559 4156
1007 1108
1273 2594 2646
972 2484 4043
203 696 748 944 1893
2333 3626
533 3184 3311
145 859 2066 2479 3181
4151 4404
162 1597 3124 3502
506 776 2316 3122 4282
2976 3132
95 4299
148 4420
1643 2856 4151
3711 4126 4301
2692 2797 3032
87 4198 4277
789 3886
758 2640 2809 4259
2009 2012 2231 3715 4312
1789 3930
728 736 3476
125 2490
860 2935
811 1665 1757 1914 2044 2050 3492
367 911 1063 2408
270 2673
9 289 290 2799 2847 4415
3057 3243 3649
2048 2820 3623
915 1018
441 2122
2850 4215
3557 4170
75 2423 3763
2582 3887
277 2186 2589 4022
1352 2068
555 590 2641 4017
242 1548 3434
771 2234 3013 3447
3829 4375
801 1438
936 2597 4269 4365
1264 1617 3800 3988
2745 4402
2708 3845
1251 2838 3583 3626
506 3740
1458 3258 3345
1091 2574 3500 4199
304 2375
1060 3188 4382
3024 3768 4081
798 1299 4241
1277 2775 3027
946 2653 3690 4124
1613 1894 2028
1289 2527 2573
355 726 1968 2513 2621 3159
381 2037 2803
1203 1949 1959 2460 3730
3809 4198
1270 3496 3508 3974
99 517
1690 1837 3211 3951
738 3317
3673 4308
202 1854 3294
1539 2388 2852
2133 2633
1848 3067
1361 1708 3866
1081 2656 3644
2029 3385
173 1006 1488
1360 1927 3073
221 899 3302 3393
473 2145 2176
284 440 1749 2237
1042 3726
1353 1709
2396 2436 3787
1740 3933 4344
521 1478 1984 2994
460 1315 2655
710 1259 3565
967 3811
226 920 4356
1231 3984
2353 2763 3949 4065
424 1459 2333 2733
859 1985 3655
1191 3853
1110 3617 4048
310 1794 1987 1993 3573
2274 3454
316 1449 3014
1247 3114
3041 3542
1764 2628 3007 3126
1826 3474
185 1697 4388
1133 2769
3921 3988
352 843 2023 2119 3370
850 2375 2675 3643
3004 3875
245 1099 1889 2955 3207 3833
3033 3988 4000
698 1705 2711
11 296 1073 3446 3621 4403
627 859 1091 2913 3271
542 787 2570 3104 4228
1457 2866 3517 3915
1971 3733
707 1208 2258
1459 2652 2928 3301 4140
843 1634 2544
237 1294
439 745 850 1796
235 839 1765 2089 2708 3631 4299
443 737
786 936 2143 3386 3609 4144
1060 1196 1401 1679 1885 2170 2986
1194 1489 1691 2817 3910
3088 4133
261 1478
2489 3480 3494
1604 3631
240 1947 2924 4043
1279 3246
2472 3020 3472 3723
489 1207 1662
414 804 2284 2736 3361
188 1108
3013 3671
375 2560 2970 3635
3465 3650
71 1324 4147 4302
3247 3282 3408 3892
189 412 3072
1749 3366 3949 4403
2462 2899 3851 4060
158 1232 3335 3731
1143 2982
162 1183 1364 1384 2399 3149 3206 3438
1254 1310
629 2712 4357
380 464 1454 3078 3189 3620
277 1527 2581 2985 3314 3672
996 1384
427 2011 2570
1850 2184 3593 3634
2328 3347
2252 2682 2827 4059
3045 3174
1748 1977
1530 1703
407 3818 3885
713 1127 1205 3370 3645
24 937 3418
1396 2823 3592
1728 2587 3812
786 941 2338
1189 3601
4197 4277
63 1369 2245 4134
1595 2122 3549
1906 2052 2546 2666
147 1530 2400 2452 3789 4106
370 1142 2928
386 3140
462 538 2807 2954 3203
2986 3460 3989
3298 3574
647 905 1322
2153 3791
331 1543
958 4137
184 866 3394
1797 2738 3422 3632
1 451 478 3995
2843 3037
764 3748
121 4402
483 1094 2454 2991
1624 1813
511 593 1268
967 2556
2892 3035
2208 2422 2431 2878 3267 4018 4359
2333 2480 3057
750 2014
1614 1971
879 1204 1783 2981 3415
480 1701
289 2378
810 1342 3443 4096
461 1148 2662 2910 3636
370 1170 1303 4280
1355 2381 3206
2857 3470 4058 4357
711 1407
1155 3837
672 742
508 2445 4293
310 2568 3775
2910 3221 4277
876 2677 3274 3657
162 1396 2601 4064
1151 1891
724 3203
123 2682 3533
2898 2981 4252
930 2894 3270
1333 3578
343 1316 2835 4404
2588 2655 3050 3824
672 1426 2920 4039 4129 4254
855 2869 3515 3548
1542 4085
645 721 915 1606 4091
3911 4332 4360
1823 2411 2829 2883
378 2976 3157 4220
1320 2749
1247 1901
1206 1847 2448 3323
452 1127
1391 2518
645 1376 2586 3413
1680 2628 3048
4112 4167
306 1358 4196 4326
1417 2056 3425 3837
2846 4319
126 1435
2012 3942
363 1564 2439 3561
465 1412
961 1433
1534 2144
355 769 1087 2725
2454 2490
306 1291 2555
516 1138 3648
140 2423 2966 3199 3880
765 927
2457 2679
1986 4308 4322
611 2839
2403 2862 4214
2217 2809 4340
459 465 1168 3558 3732 4222 4233
24 726
946 1109 1765
323 3918
791 1745
2189 2833 3306 4259
3116 3140
3069 4084 4213
1226 3823
2171 2435
2552 4070
2206 3354 3393 4332
1676 1772 2970 3486
227 1351
1962 2908
122 514 535 2515
2560 2638
214 3153
841 1086 2477 2778 4293
1801 3047
2212 2406 4223
1302 1820 2013
3659 4360
12 999 1574
2259 3859
1983 3105
247 679 1663 2516 3488
231 1818
1572 2064 2098 2248 2482 3872
355 1577
121 1148
980 2931 4385
201 3142
744 2077 2399
2000 2072 2421
755 1725 2879
72 1628 3234
2549 3076
1 1983
130 795 2077
841 2157
1360 2197 3466
1838 3077
22 396 3851
1241 2325
1991 2271 3533 4044
13 3576 4110
1269 1499
1564 2351 2430 3177
1430 2706 3315 3655
166 465
1396 2476 3614
1426 1787 3011
705 923
3983 3999
980 3410
1427 2890
74 1316 3321
90 979 1141 1376 4077
905 2052 4200
368 598 2636 4215
1710 2050 2973 3374
577 1902 3088 3321
1031 1984 2154 2196
1938 2480
749 1099 3725
704 2923
1061 2995
338 3136 4027
577 1671 2843
149 351 820 1495 3143 4193
891 1171 4040
1090 1681 1973 2072 2392
2305 4174
125 3016 3642
1451 2114 2142 2685
296 3095 3649
1250 1251 1861 3761
2623 4395
130 2582
193 1440 1513 4040 4132 4248
869 3124 3703 3799
1494 4347
1362 1759
1102 1336 3770
227 1044 1603 3447
1423 2654
107 149 1426 1788
2544 2602
136 458 3140 3933 4263
1479 2122 2365 3435
1641 2049 3552 4239
875 1241 1257 2369
52 1438 2422
961 1039 1175 1493 3069
994 3012 3235
1518 4416
1709 3160
2417 4291
2552 3396
441 1617 3602
2399 2625
591 2067 2753
1362 3192 3215 3606 4103 4326
422 1159 1422 3797 3947 3993 4027
561 1946
2145 2480
6 824 849 3061
284 1273 4353
435 1688 1731 3060 3520 4291
2411 3489
156 2694 3013 3901 4151 4297
3538 4005 4242
273 954
836 908 3878
944 1087 1775 3371
2331 3596
394 616 2059
320 3562 4275
2057 2758
332 3347
3 896 2867 4151
1119 2889 4004
98 3411 4283
2238 2273 2284 3741
1982 2221 3012
98 553 3199
684 2015
3322 3641
665 1147 2254
452 474
1606 2812
403 1319 2591 3351
1879 2193 4057 4134
993 4319
1104 1859 1990
1174 2897 3289
2029 2238
1019 1906 2263 2703 2708 3570 3934 4227
950 1562 3194 3606
641 3060 3161
1603 2591
1784 2109
643 1344 2724 4206
445 802 866 3073
13 798
137 2239
433 3811
534 2167 4166
1051 3673
1329 2467 3225
3381 3954
211 3754 3930
2746 3339 4205
1316 3764
1446 3532 3982 4021
435 856 3659 3807
656 3952
144 1814 2882
510 1121 1511 2195 3742
635 2492
786 3284
388 1059 1207 2352
504 3344
2501 2590
1364 3336
2208 4286
189 1303
1136 3612
518 2559 3950 4037 4124
2104 3502
1004 3123 4310
673 3327
1158 1695 1845 2111 3011 3230 3254 4388
222 3501
2655 2712 3820 4020 4109
1251 2618 3952
312 417 1204 4417
426 1684 3420
671 826 1078
1669 2503
496 1663 2697 3818
123 1773
261 1003 3619
386 1500 2262 2953 3425
1782 2012 3336
404 2326 4220
208 1375 2638
1978 2361 2699
501 682 1792
1330 1536
2027 4121
840 943 1080 1535 3425
696 762
811 1486 1844 2019 2836
3499 4203
1784 1841 2424 4013
3230 3308
279 848
1533 2629
1079 4342
246 4400
294 546 1357 1467 3507 3792
1773 2623 3910 4335
2264 2629
1086 1543 2625 3285
3175 3949 4206
3095 3796
164 228 993 1001 2136 4043 4130
720 1350
332 1298 2178 3098
114 269 516
553 560 1921 2337 3522
2861 3259
1101 4238
927 1034 1603 2771 3305 3527
1400 3884
2850 2859 3507
3370 4047
455 557 713
940 1453 2183 2299
563 2018 3347 4419
1492 2833 3693
770 1281 2180 2376 3802 4375
448 784 3534
3734 4255
76 2315 2360
255 1447 1785
1930 1953
378 760 1128 2016
106 3230 3317 4354
266 1330 4412
1092 1488 1592 3913
96 393
46 319 652 1086 3737
1010 1935 2940 3227
220 1626 1631 3638 3768 4175
487 2109 2679 2745
1448 2945
329 589 2668 3574
1121 3403 4403
3694 3856
320 996 2552
1757 3260 3558 4375
1397 1813 2444 2568
532 2502 2947
1322 2392
596 2123 4379
897 4380
1299 1649 2378 4093
133 264 1933 2296 2676
470 1361 3758
2376 3550
1595 2854
173 2549
269 1089 1594 4404
3040 4059
1836 2527
2186 3044 3772
530 717
2269 2717 3946
356 2874 3333 3351 3918
2572 3104 3428
898 2623 3706 4304
208 726 2854 2911 3333
3574 3849
120 642
64 985 1206 3807 4417
276 1404 3739
1739 3769 3828
2035 3675
1681 2891
542 1018 3645
148 1479 2718 4324
2696 3409 3832
