2650 3954
263 1194 1985
2 1352 1878 2384 2493 2568
1588 2273
610 1789 2035 2096 2380
486 998 2032
1644 1860 2482
169 527 1314
503 1531
1239 2029 2070
342 1657
1212 1590
640 1272 1592
165 200 299 2149 2407 2636
40 728 833
1 1077 1261 1362
446 830 1458 2611
372 2024 2074
1744 2414
455 664 2535
1079 1113 2481
2278 2416
1053 2550
537 1987
498 927 1587
230 1204
83 517 2147
124 1590 2235 2277 2499
950 2477
604 1415
1121 1792
491 1848 1920
109 317 552 585 682
1414 1954 1973 2047 2118
2196 2475
815 847 1006 1415
447 1441
1547 1548 2206
1710 1793
404 1099
947 1526 1872
1983 2586
246 1202 1562 1929 2250
844 984
51 1380
667 2410
1781 2049
1877 2333 2437
90 815 1951
514 746 2574
345 1382 1548
510 676 955 2111
44 302 2238
310 1229
790 953 1008 2431 2647
1138 2523
1001 1542
667 834 1997
403 836 1737 2515
865 2609
625 691 873 2572
185 964 1350 1675 2049 2462
43 1576
156 1429 1938
803 2436
229 313 809 1541
172 1612 2451
362 843 1552 1570 1801 1962
238 965 1027 2039
730 1475
1063 1144 1584
1794 2211 2572
687 1013 1296
71 2388
992 1010 1441 2572
659 1270 1627 1631 2242
440 1380 1510
451 1566 2304
398 676 1718
665 1260 1691
294 493 537 2028 2467 2563
280 2602
236 2081 2598
355 1149 1166 1533 2047 2317
1738 1852 2198
23 110 958 1013
150 949 1923
1517 2181
915 1676 2139
1173 2189
795 1507 1816 2330
321 509 600 782 2102
1382 2206 2629
1594 1963
608 2103 2192
315 658
530 1258 1294 2149
166 951 2394
282 386
136 819
573 816 1597 1682 2044 2076
2044 2397
828 1619 2159 2531
1791 2434
106 526 637 730
1673 1775
1379 1753
495 982 1673
1721 1829 2193
629 1709
875 1135
283 468
503 768 1640 1733
361 1231
328 526 1524 1570
573 1396 2021 2154
1711 1772
328 1819 2294 2524
155 509 2155
551 2187 2598
361 1877
821 1454 2389
2171 2447
1487 2552
642 1776
856 2160
189 343 389 2501
660 1245
183 2585
32 1433 1731 2563
56 598 791
311 485 798 1136 2350
41 772 1035 1212 1693 2020 2055
451 774
705 1657
1737 1852
495 1577 1898 1965
1113 1971
2344 2388
1615 1704
206 1813 2168
456 554 1677
152 522
453 1509
2072 2462
1123 1150 1386 1760
67 448 921 1511
724 2162
2171 2449 2492 2547
234 1618 2433
443 517 1296 1664
799 959 2386
293 1723
396 528
1631 1664 2025
520 1642 2006
232 1097 1425 1748
934 1479 1666 1698
622 1376 1425
682 2601
374 550 765 1940
757 1387 1553 2409
55 494 1889
483 986 1205
147 728 1116
2258 2430
111 793 2382
2075 2591
1131 2137 2281
699 2410
703 1188 1860 2101
607 953 1860 2558
773 1008
218 262 954 1839 2104
546 1038
1052 2479
1033 1359 2219
204 1836
291 999 1379
188 918 1247 1533 2142
335 372 949 1801
1237 1352
121 149 1650 1828
2056 2439
153 322
315 1482 2572
387 393 688
37 532 938 1857
1690 1967
1193 2121 2317
1360 1702 1831 2080
932 1050 1663 2067
302 574
1260 1437
93 1997
1799 2184
620 991
1226 2350
1261 2111
359 842 1252 1840
400 960 1185 1918 1981
1060 1508 2014 2199 2573
571 704 1762
12 694 1435 1773 1964
857 1392
200 339
1317 2244
2325 2522
1362 1548 2100
1566 1656
334 617
195 329 686
559 640 865 1259 1550
265 1011 1133
773 1102
314 1039 1518 1633
646 904 1479 2062
363 629
473 2212 2638
334 1990 2301
1415 1659
1252 2540
894 2575
630 2399 2449
233 1935
69 1188
30 446 507 2194
1576 1595 2087
1291 1954
264 1178 2195
1701 2547
413 1480
200 1545
255 1033
648 1193
1188 2201
514 1222 1486 1561
1650 1742 2135 2356
1011 1996
353 1477 1920 2610
92 680
1903 2627
349 1043 1126 1389
339 2106
199 839 896 1401 2004
1364 1973
512 1815
1497 2135
117 959 1000 2106 2494
511 664 1359 1364 1855
1657 1706
359 2191
1216 1878
186 2036 2166 2332
241 1001
211 1076 1128 1670
752 1541 2622
113 960 1178 1568 2102 2376
122 531 852 1349
160 463 1225 1959
210 926
1520 2014 2520
1697 2457
85 1226 2537
257 968
961 1647 2404 2452 2464
1890 2318
243 478 1433 1831
926 1225 1951
841 1045 1407 1932 1951 1994
853 1342 1658 1905 2093
337 905 1113 1444 2094 2610
1216 1928
1394 2048 2276
63 195 676 2564
2167 2343
1762 1780 1904 2163 2549
100 1265 1923 2021 2495
130 2368
446 830
1869 2352
1724 2106
1714 2195
94 1550
1031 1884
988 2041
972 1459 2254
1488 2338
1076 1852 2175
429 960 1306 1466 1503 1543 1627 2358 2616
1139 1744
664 1740 1816
870 2161
167 2121 2331
493 727 2027
631 1854
94 1867
594 934 1354 2544 2566
401 527 2378
1560 2278
274 2333
626 1905 2324
583 1351
1905 2240
557 1178 1266 2245
136 1718 1929
1002 2385 2434
1101 1546
644 938
963 2479
1077 1809
1031 1637
56 610 1867
129 267 2103
2025 2126 2628
786 1683 2357
2208 2562 2594
365 2232 2372 2585
93 1810 2245
183 278 1648 2383
141 887 2459
455 2031
275 1206 1764
135 212 1957 1959
1029 1180 1254 1876
1019 1492 1732
140 857
211 445 649 1063 1348 1440
249 316 1625 2332
1438 2603
574 1816
704 803 1190 2402
541 1855
116 2217
451 1389 1414 1759
414 2622
1327 1838
290 957 2195
1331 2212
407 522 1466 1530
881 1034 1705 1714
1934 2241
1303 1696 2399
700 2560
266 1642 2150 2549
1004 1609 1870
394 667 2319
1007 1445
12 1170 1514 1859 2007 2152
682 1332
286 393 1867
328 1215 1402
459 1004
1 252 464
16 498 832 1588
88 1907
797 1133 2548
1008 1962 2084
284 916 1343
456 939 1676 2465
2084 2100
135 850 1119 1166
187 2462 2535
479 786 1505 1561 2557
299 1520 2582
321 416 942
187 368 1007 1989 2383 2514
1288 1399 1853
215 2289 2329
1395 1518
396 1143 1803
463 1842 2559
701 708 1140 1349 1850
2005 2258
18 214 568 802 971 1825
1527 2165
1132 1983
1310 1465 1906
869 1240 1299
1000 1937
330 726 768 1452 2121
262 401 1121 2044 2137
253 731 1173 2175 2357 2486
180 1780 1995 2320
288 1121 1323 1579 1732
1082 1183 1377 1773
6 795 926 2049
69 1050
674 1056
310 1652 2006 2493
56 1375
286 1306
1661 2137 2311
500 2322 2395
365 2456
359 2621
35 2109
1191 1251 1312
511 1339 1730
886 909
1234 1378 1387 1696 2340 2481
635 1914 2173
142 930 2638
378 1505
1161 2110
1173 1587
890 1289 1505 1538 2385
946 2647
142 1280 2433
629 1012 1739 1859 1896 1954
705 1252 1510 2178
2481 2555
1231 1760
88 219 809
270 1945 2189
1639 2467
2015 2150
1713 2609
991 1770
663 1287 1651 1773 1853 2342
768 1055 1599 2193
2302 2379 2382
136 231 310 741
135 1435 2217
854 1801 2530
109 935 1099
714 885 2428
2536 2640
729 755 956 1309 2016
703 1028
204 361
811 1052
780 2186
69 101 1788 2343 2457
660 686 1607
1362 1514 1853
503 1027
636 1808
12 1189 1962 2497
253 892 2028
256 1296 1588 1716
745 1409
31 1563
155 1496
600 1731 1981
175 907 1901 2413
403 726 1132 1563 1951
937 1087 1619
176 1118 1598 2252
257 873 1465
1173 1255
486 1279 1730 1980
2172 2573
2188 2295
1561 2124 2302
830 1127 1871 2243
103 2216
506 1164
737 1955 2148 2315
1163 1698 1846
575 597 1100
31 1173 1217 1245 1973 2222 2403
403 2398 2491
557 1968 2313
260 1213 1850 2588
1060 2107 2399
1764 1831
260 919 1142 1651 2594
983 1052 1901 2495
1266 1322 2191
522 2050
909 1260
339 1350
1041 1571 2555
56 196 877 979 1842
907 2610
860 1035 1125 1194 1792
187 707 2076
880 2061
1985 2237
2033 2118
2252 2347 2577
388 1228 1438 1582 2625
973 2458
91 952 1152
1814 2533
748 1300 2252
617 2140
457 484 2146 2389 2648
526 2290
1098 1745 2441 2560
260 1096
306 856
702 792 1155 2460
729 883 1234 1772
1114 2454
1389 2516 2588
52 455 856
494 890 1332 1767
491 2017
151 263 946
318 777 2000
333 975 2545
288 1053
420 1206
1 412 1209 1657 1903 1919
44 1528
954 1416
787 980 2530 2588
2401 2609
1688 1725 2441
820 938 2175
2108 2442
410 1506
1437 1499 1527 2339
13 580
220 2210
350 933 1982
280 1254 2422
439 583
2009 2414
631 827 2265 2305 2398
654 1246 1490 2647
1068 1425
209 641 1797
77 2274
221 807 2496
277 868 2392
783 2187
544 2186 2636
797 1075 1221
18 769 1494 1762 2476
538 648 1379
1227 2449
531 1930 2028
866 2473
997 1341 2184 2471
339 561 662 765
450 2388
975 2087 2369
879 1089 2387
585 1764 1841
1106 2519
1469 1502 2139 2211 2271
578 1040 1891
506 1966
554 820
1107 1210 2060
289 1746 2083
91 2194 2474
230 820
607 1144 1186 1648 2309 2620
806 1517 2650
160 1052
1374 1419 1563 1831
290 938 1115
459 731 1411 2373
480 1514 1817
702 1674
188 378 961
840 2059 2438
1140 1904
1696 2333 2348 2475
445 1774 2107
231 1312 2048 2298
1976 2361
1487 2134 2336
27 941 1550 1829
488 1670
965 1555
1312 2242 2586
85 109 1271
347 1370 1442
114 1138 2374 2413
358 2475
2305 2627
832 2551
946 1321 1733 2587
468 475 1257 1502
1101 1724
1038 1403
1589 1596
677 1255 1526 2544 2597
24 275 1168 1841 2290
1468 2636
6 1036 1037 1723
322 766
789 1920
630 2048 2082
387 570 1435
1621 1906
810 2583
140 252 995 1361
1809 1992
398 683 2497
40 2120
329 1961 2187
1920 2598
678 1129 1578 2078 2159
637 1607 1929 2628
2131 2500
192 264 267 854 1634 1675 1706
488 1145 1702 2201
381 1524 1938 2056
518 1207
903 1108 1157
69 817
1166 2567
323 548 1175
251 939 2520
726 834 1158
1642 1690
1387 2431
2154 2326 2467
137 149 716 1301 1349 1809 2553
2012 2050
1413 1874
924 1101 1230
730 736 1167 2244
1047 2238
1670 2134 2317
401 1391
1650 2576 2608
38 416 1388 2240
418 2243
754 1255 1359
425 1236 1572 1618 2313
1322 1365 1708 2046
377 905 1268 2516
2182 2427
539 1615 1912 2132 2522
285 437 1624 1739
204 956 1538 2584
928 961 1227 2292 2392
120 128
109 295 905 1034 2098
1524 1701 1809 2186 2388
260 262 1003
843 1386
1437 1844 2441
706 1077
643 690 2110 2335 2363
477 1975 2186
190 1492
374 832 1413 1674 2140
1270 2646
441 556 1887
1041 1857
440 2394
200 366 379 1320 2149
1034 2620
904 1783
1431 1807
564 1964 2604
579 972 2630
426 1261
994 1541
442 539 2224
1318 1427 2397
184 421 2520
2120 2375
657 1231 1579 1966
519 2158 2262
470 2115
111 1141
1111 1576 2538
476 563 1093 1509 1878 2238
711 1624 1876
1197 1265
531 1484 2301 2628
351 984 990 2620
902 1360 1439 2557
1378 1839 2411
1112 2008 2609
503 517 625 2272
676 926 2352
1028 2218
556 1488 2523
2 113 216 306 1622 1927
208 335 2253 2557
15 478 1501 2319
257 1492
167 737 1079 1262 1580
118 466
1338 2166
370 447 1598 1716 2315
1516 2248
794 1080
49 1857 1918
1104 1352 2644
272 734 1466 2067
703 771 1430 1578
256 671 977 988 2551
1025 2123 2188 2574
733 917 1683 2486
304 426 557 2064
640 1541
426 1739 2363
1001 1681 2235
311 1046
140 616 1995
1735 1760
1130 2307
317 640
152 397 2276
432 2519 2559
2074 2257
50 839 952 1176 1571 2365
818 884 1394
765 1479 1491 2224 2228 2542
869 2306
1724 2544
528 1072
1228 2482
1486 2252 2293
1278 1322 1727 2424 2587
518 1739
1121 1861
464 494 792 1574
378 388 797 872
1097 1776 2620
285 1487 1828
516 581 1483 2032 2165
1460 1568 1793 2401
438 1736 2225
408 1030 1186 1578 1774
426 1418 1645 1774 2630
475 824
823 1066 1159 1817
662 1433 1545 2159
1746 1821 2016
596 2050
241 1941 2564
147 1371 1725
1191 1340 1722
5 443 808 1343 1389
293 453 827 913
88 257 883 982 1152 2279
618 1478
160 1539 2068
343 1012 1092 1371 1685
444 754
595 657 1267
956 1813 2359
35 593 2244 2539
536 933 1968 2029
776 1865 1914 2407
849 984 1034 2162
2003 2236
901 965 1763
1025 1207 1271
1194 1198 1721 2130 2355
743 2120
7 1251 1676 2372
650 1720 1933 1968
222 2046
327 2297
138 773
287 878 1634 2333
281 1551 2015
376 2043 2382
151 1613 2570
243 1722 2615
140 496 818 832 2237 2611
1981 2312 2487
254 692 2190
2016 2132 2269
271 793 1092
167 770 2398
131 2313
255 1327 1653 2540
1685 1818
694 727 773 1715 2124
223 784
290 304 943 1376
504 1217 1332 1369 2071
610 1700 2314 2555
271 1404 1434 1693 2173 2525
414 2304 2385
478 634
752 925 1045 1102
1409 1757 2402
1036 1367
299 1610 2312
794 1690
580 1451
693 911
226 1687 2279 2334
23 2447 2462
1400 1650 1900
578 1533 1620 2606 2635
1629 2179
848 1244
777 1089 1280 1519 1857
345 754 875 1407
290 1039 1442 1757
325 1198 1799 1845 1891
639 2023 2422
1531 2192
6 324 589 1158 1520
1602 2090
1595 2014
111 645 1093 1898
4 2572
814 1594
466 949 1933
526 1237 1656
1798 2315
980 2103 2613
415 1446 1985 2089 2587
1169 1285 1840
519 1074 1213 1908
1687 2031 2131
834 1448 2633
1113 1987 2004
936 2260
995 1266 1634
986 1918 2554
111 1816 2451 2627
464 2016 2218
206 433 1106 1107
623 1019 1607
402 1234 2142 2233
224 1449 1454
1018 1456
1330 1385 1865
800 1200 1416 1636 1658
402 672 806 1188
649 960 1783
211 619 688 1844
758 1192
756 1304 2385
1024 1120 1377
46 563 892 902 948
1122 1544
952 1059
351 944 2643
651 1735 1914
1099 1560 1874
1422 1627 2642
632 702 905
133 603
1246 2333
549 2313
158 986 1694
938 943 1724 2104 2276
46 369 385 1814 2593 2623
1532 1853 2062
1282 2305
2027 2372
234 778 1343 2442
206 2386
210 851 1515
211 833
378 1670 1926
642 730 1317
1630 1652
1679 2037 2233
203 417 1101
758 2325
7 458 1528 1906 2456 2463
105 2166 2239
22 204 438 1559
25 655 1148 1246
421 1103
1266 1554
474 1518 1566 2198 2473
226 2614
146 1322 2601
426 736 784 1483 1841
1422 1569 1577 2274
208 2570
904 1414
234 2190
169 431
331 2478
2246 2258 2486
157 506 822 956 1462
913 2159 2271 2640
713 2095
370 1691 1944
982 2210
1483 1500
229 2271
996 1411 1647 1930
107 2577
463 1266 1882
28 131 1464 1900 2511
1076 1885 1907
432 1216
694 845 2474
832 2178
222 281 1375
567 1519 2070
492 1267 1269 1908
208 2097
2415 2450
258 639 2284
330 966 1675 2040
6 146 1245 1373 1995
215 1253 1600 2650
908 1519
1244 1602
1371 1628
70 357 654 707 1718
459 775 1575 2166
721 1284
1150 1592 1677
786 1949 2395 2576
332 1680 2551
703 2156
1039 2233 2302
1367 2545 2643
283 1742 1911
143 1961
278 2275 2535
1209 1402 2611
236 942 1220 2624
477 863 2350
475 690
1174 1344
498 1344 2158 2497
28 83 588 1137 1194 2435 2438
82 278 403 1903
579 2218
413 645 1829 1867
254 713
57 613 831 1576 1783 1997
359 1350 1435 2074
1633 1872
319 506 908 1964
659 725 2341 2593
483 706 1673
76 93 683 1734
1412 1735 2203
680 1626 1682
21 1339 1948 2318 2641
40 130 490 1774 2280
194 198 503 2465
1376 1385 2100
211 1337 1351 2496
25 383 1517 1865 1875
231 393 868 1509
488 563 1844
1826 2289 2420
143 498 504
1058 1521 2619
924 1252 1954
1180 1673 2539
357 880 1679
342 930 1145 2589
10 1124 1199 2355
397 868
1784 2560
446 762 1154
65 573 1248 2296
591 1821 2277
123 1850 1864 2591
597 1248
284 625
315 356 888 1417 2503 2611
326 1178 1738
1401 1519
735 1476 1726 2520
1516 2441
86 445 1405 1787 1909 1968 2464
736 1303 1610 1775
159 1801 1939
1468 1893 2298 2388
518 798 923
1717 2630
170 653 958
34 89
1552 2031
46 107 373 1040
455 831
52 108 681 1243 2284 2301
376 1321 1948 2013
351 1997
437 1096
850 949 973 1200 1619
950 1681 2022 2184
14 2001 2025
1203 1804 2473
1628 2232
1075 2229
1674 2174
1130 1422 1585
247 1893
1808 2083
118 278 1027 1800 2627
1755 1783
1049 1548 2618
1138 2103
2371 2425
1738 1784
403 1874 2533
1327 2129
122 1165
1955 2520
557 976 2015
1049 1417 2598
283 642 1198
881 1486
456 554 938 1209
939 1142 1313
207 702 1440
1041 1095 1996 2361
457 517 1502 1533 1667
1665 1688
938 2023
1816 2525
1 1306 2338 2539
642 1210 1678 2123
1561 1995 2415
499 949 2147
556 1587
179 788 2255
1607 1748 1818 2608
501 769 1374
1826 1975
403 1028 1038 1161 1193 1389 1453
1369 1765 2431
1628 2242
1380 2284
2043 2090
441 591
134 406 1731 2313
880 1528 1930 2165
222 1075
338 1515 2414
1180 2571
394 961
106 507 1483
804 1662 2534
95 1564 1630
703 1880 2562
173 1290
820 1882
156 510 1188 1245
190 2556
548 1013 1654 2076
1407 1797 2220
143 279 1967
2019 2023 2581
1476 1941
155 642 2105 2518
157 1658 2065 2239
1788 2256 2470
864 1735
150 2284
1084 1710
576 710
223 505 893 1727
2427 2601
760 791 2522
617 1066
260 300 330 965 2323
251 1478 2194
198 1097 1570
1267 2612
817 1589
1958 2319
744 977 1087 1703 1748
1183 1202 1476
623 781 2307
320 777 825
686 1340 2573
215 2312
840 1351 2596
1293 2178
275 1514
1396 2454
869 1136 1905 1955 2632
595 2100 2445
241 768 1596 2095 2441 2639
2277 2624
137 201 542 1586
425 1143 1688 2123
2013 2509
178 1156
70 273 918 1301 2043 2372 2415
986 1319 1359 1943 2044
104 2648
303 1894
146 640 1395 2197
1092 1939
345 589 1636 2368
99 483 509 2195
421 995 1981 2004
1142 1202
203 907 1360
552 2626
1231 1388 2236
493 2269
171 1200 2164
55 1899 2034 2313
319 1437 2356
460 1920 2028
215 788 1020 1403 2488
33 1803
1692 1983 2025
325 642 2395
239 1176 2450
1128 2261
873 1581 2244
660 2232 2628
1721 1895
1088 1331 1348 1582
1180 1841
98 870
169 2251
413 1183 2062 2480
194 1304
191 1047 2525
1166 1220 2074
464 2251
71 1268 1428 2331
433 1217 2163
387 1321 2105
2252 2306
213 1402
153 2262
1433 1524
1320 2331 2548
966 1930 2313
2106 2299 2528
1257 2161
1228 2378 2404
1061 1148 1657 2338
107 1716
1127 1518
120 1756 2354
1727 1814
851 1081 1655 2367
912 1434 2214
61 1130
343 1138 1577 1854 1856
1223 2273
127 862 1351 2205
266 1996
604 816 1678 1813 2259
114 2091
71 2284 2518
978 1076 1805 2522
1675 2210
1576 1872 2074 2249
1432 1699 2622
63 1138
51 137 1745 1776 2048 2308 2574
564 2376
1475 2451
89 561 1725
340 515
55 221 1478
1393 1460 1734 1928
559 1140
94 328 494 2358
102 1434
107 1503 2286 2632
320 2404
302 1106 1455
523 1186 1257
854 1945
1402 2216
1132 2390
646 1671
361 2260
844 2104
2190 2333
1836 2066
510 591 1402
1752 2035 2643
782 2582
925 1478 1507 2420 2514
1219 2306
266 935 1149 1478
233 735 1734 1923 2046 2363
390 1045
1799 1984 2483
896 1822
26 2141
651 1117
596 597 1790
882 2063
1097 1965
918 1257
489 1261 2466
207 466 528 1826
414 635 1298 1585 1812 2350
1124 1454
1914 2193
382 890 1660
624 1927 2643
1 366 1798 2125
199 1993
51 1022 1742
54 478 905
363 1923
2058 2128
404 1677 1884
1126 1695 2194 2474
38 524 1501 1735
288 765 2004 2076
748 1908
679 996 2307
75 908 1555
209 1637 2624
447 1453
964 2007 2165 2389
451 1197
118 1261 1662
752 914 1925 2146
92 177 659 848 1108 2238
2331 2642
1081 1280 2106 2430
685 1513 1587
1928 2496
371 1210
998 1223 1357 1611 1949
1103 1265
136 971
220 985 1248 2631
699 885 1206
1245 1440 1453
777 1161 1207
593 1877 2009 2214
1076 1151
1181 2428
50 2270
555 953
1199 2004
1053 2050
1007 1862
366 986 2408
1003 1113
284 1865
779 1274
520 1551 1787
770 1094 1517 1826 2104
2182 2424
1454 2570
814 1495
540 788 812
231 1537 2478
499 1700 1711
103 1357
597 1267 1471
119 387 1584 1947 2335
769 1414
1592 2175
1598 2643
1379 1543
1316 1453 1552
1039 2489
182 846 1452 2274
295 2497
63 870 1774 2181 2203
781 804
29 202 807 2139
783 1010 1793
1198 1403 1626
925 1771
460 2274
423 678 925 1276 1598
76 523 2527
144 700 1476
203 511 2123
540 2535
396 1411 1924 2070 2237
456 857
1070 2591
124 1068 1983 2491
1888 2278
78 782
1090 1920 1932
449 617 747 2647
1297 1984
653 1324 2299
459 1002
116 2058
390 513 784 1618
791 1351 2233
1197 1804 2115
69 549
652 1902 2445
1797 1965 2485
315 1844 1965
934 2229
1026 1331
737 2239
2457 2519
280 1447 1734 1831
189 492 2185
804 1132 1332 2021
73 1836 1932
1189 1418
1738 2147
3 457 2034 2174
1535 1540
897 2152
1577 1983
1665 1754 2284
289 1157
1644 1681 2125
1669 2027 2542
62 127 1630 1636 1991
337 662 1832 2522
1054 1522
126 2573
601 1092 1961
70 1332 2339 2392
183 893 2395
351 1954
569 646 2436
1143 1297 2126
86 184 335 1057 2494
190 1962 2040
701 1284 2063
331 2618
317 1550
1436 2295
282 1127 2213
212 705
1244 1957 2213 2325
971 1660 2384
259 343
496 1123 1610 2568
565 1378
651 810 1194 2593
520 1259 1898 2069
212 428 2408
2464 2587
152 971 1221 1275 1663
705 1012
578 1073 1434
883 1685
558 2165
845 2117 2204
224 1608
595 630 995 2106 2378 2580
1813 2226
907 979 1119 1322 1681 1849
496 1859 2225
1578 2261
1898 2414
826 2581
284 926 2203
194 2178
982 1838
1228 2202 2335 2423
513 754 2461
86 1053 2457
2195 2235 2517
5 2427 2570
417 1059 1993 2239
1200 2179 2464
894 923 990 1723
131 636 1484 1911 2548
456 1594
1176 2178 2648
814 1006
465 552 795
1333 1442 2221 2455
1471 2024
361 1027
365 1208 1291 1418 2006
190 1779
756 936
681 1189 1532 1901
270 560
239 1172 1804
1400 1940 2068 2369
797 1248 1528
1241 1557
897 1319 2253
273 2215
435 1489 2161 2558
505 985 2573
456 686 839
1570 1938 2187
3 587 593 1210
669 996 1520
85 255 576 2468
311 412 473 611 777 1715 2044
10 1185
560 655 771
983 1433 1663 2079
133 315 788 1309
1485 2235
341 780 954 1588 2111
1814 2264
144 1219
198 432 621 759 1637
505 879 1117
506 947
716 931 1357 1657
1591 2137 2207
1856 2115 2491
854 2358
518 1107
55 1159
776 1040 1064 2175 2633
70 788
2454 2479
1198 1267 1441 1731 2593
541 2130 2596
99 1727 1887 1918
729 1210 1857 2618
779 1829
343 1109 1205
60 1018 2064
1090 1112 2481
78 2382
1403 1988 2494
102 356
1368 2162
704 1258
456 2487
1200 1580 2007
714 2387
232 455 2426 2574
121 656 1332 1409 1475 1698 1854
631 727 1310
100 570 1801
1134 2040
369 1235
1837 1985 2634
149 153 1346 2166 2353
1587 1647
866 1880 2434
912 2359
1975 2176
572 1223 1837 2600
882 1698
311 618 2618
585 1823
157 370 668 813 2524 2646
364 372 520 2054
1287 2547
1956 2467
112 955 1791
147 1698 1732
679 1195
69 278 631 938 1866 2118
1024 1186 1460 2468
1322 1327
1297 2532
415 690
1808 1932
306 351 989
593 2059
151 1202
148 832 925 1687 1866
84 724 1965 2154
208 583 673
1148 1570 2286
396 1847 2202 2516
1183 2125 2605
24 320 811 855
12 1369
449 1013 1429
1592 2428 2512
111 126 1758 1852
1137 1570 1890 2544
356 732 1209
948 2234
84 1658
1375 1494 1756
785 2247
804 1609 1885 2015 2242 2501
12 781 841 1566
101 1799
76 297 427 2636
646 842 1157
62 248 984 1436 1600
627 2032
954 1810
1132 1693
132 2133 2236 2283
589 899 1452
551 1699 2465
35 227 794 2428
1053 2445
1171 1514 2066 2109 2210 2244
626 846 2340 2596
910 1594
111 1514 1732
64 1468 2486 2495
1431 2507
455 1056
183 1309 1366 1683 1710
954 2628
23 1189
1677 2564
657 1324 1348 2009
23 995 1340 2397
147 2197
161 408 1294 2499
98 310 386 1127 2537
1481 2481
1062 1470
275 1744 2097
357 980
275 303 2229 2344
520 558
911 1644
51 1075
4 779 2148
576 991
123 964
556 1198 1314
1369 1702 1757
1380 2216
352 2447 2571
216 581 586 2361 2472 2477
126 1217 2266
131 1161
209 234 868 2415
553 608 691 795 818 2325
736 1489
640 2572
45 698
1855 1940
53 759 1345 1712 1901
221 543
2281 2461
160 213 358 1404
1538 2204 2528
93 1383 2164
648 2398
1385 1864 2213
2525 2535
1174 1430 1600
151 1759
2230 2428
417 563 1338 1349 2376
1154 2438
1298 1753
736 1761
318 614
12 352
1132 2205
684 1484
28 1077
1037 1287
6 1784
1821 2609
175 850 1063 2482
925 1502
933 1135
589 2580
121 1313 1809
202 1196 1226 2199
534 1023
622 1527
1789 2302
1509 1798 2635
1260 1297 2070
1018 1169 1228 1288 1954
1191 1591 1751 1888 2172 2646
41 160 564 943
1337 1999
367 398
1270 2044
61 2194 2587
1505 2043
426 1043 1323
480 1983
615 1804
188 1204 1865
900 1742
191 605 1376 2404
1583 2327
602 1668 1799 1841 2421
711 942
1048 2061 2206
1117 1157 1392 1514
233 1673 2424 2520 2590
1012 2279
588 1452 1546 2054
327 912 1567
1143 1942
1536 1750
195 612 1590 2110
62 1414
243 1187 1215 2288
584 1637 1825 1891
152 724 976
1739 2468
978 1042 1259 2484
1024 1681 1904
766 1005 1606
794 839 1925 2066 2368
216 1140 2157 2375
294 1242 1382 1808
1049 1624 2023 2093 2455
94 1006 1329 1817
1113 2314 2325
1187 2415
155 388 1096
1415 2477
520 2273 2294 2300
607 1164 1486 2358
20 73 959
1135 1430 1529 1923
971 1212
1211 2544
89 1306
259 1929 2027 2312
297 326
1431 1722
879 1238
1286 1802
391 1432 2525
265 1831 2029 2242
608 797
35 183 1517 1680
664 2554
1590 1732 2193
1925 2080 2289
519 1083
285 1655 1787
2043 2324
1672 2399
861 1068 2605
590 1765 2094
134 1928 2615
1612 1865
1569 1667 2140 2213
157 343 1001 1865 1867
91 1563
678 1261
1004 1378
36 352 1684 2127
660 752
261 980 1052 2367 2473
1198 1290 1483 2133
116 164 359 2189
890 2090
959 1486 1835 1895
281 488 990
1095 1854 2292
820 1911 2259
396 1908 2299 2587
17 917
492 811 1686 2586
399 2082
1081 2401
949 1343
341 747 1542 2324
1803 1809 1940 2133
371 2086 2599
776 2318
622 1130 1147 1747 1809
1027 1312 2056
1450 1630 2500
1715 1903
1217 1332
708 769 1702 2085
335 921
203 1660 1690 2104
1550 1606 1925 2302 2457
1342 1897
213 701 1115
74 356 1503 1776 2185
388 1121 1921
302 1077 1330
1829 2076
2402 2499
1906 2220 2493
1365 2262
83 1300 1416 2119
618 1178 1300 1613 2156 2509
174 418 966 2089
1267 2554 2607
789 1403 1688
276 387 848 875 1800
1721 2459
1500 2314
1161 1611
1239 1660 1811 2247 2603
1547 1968
637 1153 2352 2482
215 369
701 2243
1599 2186
299 1520
333 665 966 1089 1324
160 2586
822 1057 1983 2301
1032 1536
1183 1270 1429
343 786 2316
1029 1239 1552 2590
1379 2456
1289 1678 2625
1715 1790 2129 2483
897 2065
593 1151 1900
87 1070
805 1284 2234
716 1428 1526 1896 1975 2340 2521
315 1106 2326
495 1429 1568 1584 1905 2316
416 1026 1127 2452
405 2127 2472 2557
565 782
1065 1392
325 905
482 1614 2451 2522
777 1035 1613
390 810 997 1037
61 2557
1762 2547
363 1706 1946
191 1010 1073
378 793 1635
59 297 2321 2378
28 2227 2495
43 407
1390 1812 1910
780 1410
1325 1748 2302
1231 1265 1301 1406
240 1073
271 768 1234 1708 2637
275 493 1400
822 852 1301
443 1132 1311 1792
157 956 1117 1231
358 1185 1764 2615
1166 1803 2031 2073 2649
36 449
955 1585 1991
587 702 905
528 1458
245 2307
421 535 1038
592 654 1075
1147 2605
791 1373
310 562 1112
1210 1849 1926 1958 2193
39 82 178 448 654 1123 1423 2133 2466
7 503 1039 1470 1562 2173
646 1309 2037
412 591 1564
407 1414 1564 1887
671 1607 1635 2231
1929 2182
895 1934 2006 2008 2339
117 552 2205 2308
850 1415 1729 2306
19 1834
903 1869 2182 2210
268 2263
167 199 1325 2382
265 333 913 1677 2277
1034 1610
228 338 981
82 2264
20 56 152
478 570 731 872 1438
400 748 2580
58 1346 1703
752 2608
512 699 772 2065 2276 2373
746 1564
1090 2048
355 1522 2641
660 2151 2363
43 637 1240
464 1764 2384
997 1833
501 1548
973 1278 2001 2353
528 1641
1759 2471
1101 1326 1752 2319
1459 2559
550 2255
124 703
358 1895
326 362 454 566 843 2085 2221
1252 1762 2084
1656 2243
39 1856
353 1584 2571
1512 2024 2314
467 633 1421 2206
2120 2604
560 2570
523 841 882 1765
400 1302 1374
41 2600
695 696
1460 2407
75 1117
24 510 616 1307 1448 1732
1061 1150 2450
595 2040
399 2357
1005 2488
518 1813 2056
369 753 815 1430 2630
1046 1339 1589 1808 2360
1756 2219 2402
153 1416 1664
1873 2261 2554
268 575
916 1826
995 1274
150 692 2012
8 1710
1459 2026 2306 2514
285 945
479 509 1041 2387
468 1087 2347
393 757
345 2121
415 989 1033 2252
137 1824 1976
170 393 407
278 531 697 994 2350 2465
1028 1732
919 2642
262 892 1541
915 2244 2315 2619
1498 1685 2574
465 2025
527 821 827 851 1531 2542
1464 1559 2065 2181
1532 2243 2284
672 2185
821 1442
449 2106
851 1282 1939 2494
556 1152
1774 1872 1969 2025
433 586 2602
172 1471
377 945
2129 2218
302 984
723 1355 2159 2502
401 1770 2614
1093 1617 2183
655 1024 1093
1162 2609
1331 1928
712 1484
499 622 1077 1517
2103 2614
969 2201
893 1167 1802
331 871 1065 1729
1281 1835 2014
270 965
769 1984 2261
171 519 809 2325
24 987 1274 1393
1071 2331
629 732 1959
1184 1711 2162 2180
115 203 1962 2565
371 1167 1273 2184
1961 2413
1349 1795 2263 2558
769 1094 1839 2091 2359
449 1670 1837
290 581 843 1644
238 1067
126 2021
549 1669 1874 2641
549 1819
920 1295 2451
193 1408 2304
255 1148 1467 2472
366 1334 1593
668 1335 2512
728 2424 2504
2179 2533
1213 1375 1940 2126
1797 1856 2042
1421 1746 2206
586 1213 1868
262 528 1467 1926
1219 1742 1853 2267
417 2279
89 970
446 1267
1222 1519 2328
96 309
729 924 1024 2535
1345 1952
93 737 1360 1431 2057 2265
534 1184
437 845 1054 1453 1496 1504 1529 1818
220 673
1759 1956 2216
843 1160 1597
251 1306
625 1365
134 1280 1946 2080
942 1598 2604
220 1859
586 972 1833 1874 2006
1344 1386 1942
610 2324 2377
851 998 1075 1502 1803 2496
736 1161 1325 2185
40 2616
463 638 2573
907 2314
24 283 1186 1343
1689 2357
1 1431 1597
1416 1490 2599
141 832 1455
956 2231
1183 1790 1946 2330 2627
271 734 1131 2110
390 1564
1103 2154
779 2450
376 413 831
345 1199
686 769 1442 1914 2559
349 1863 1920 1967
1475 2247
1887 2056
545 1142 2208 2455
1130 1747 1892
153 974 1647
1404 1574
890 1144
595 1064 2329
311 665 682 1171
1803 2250 2497
124 599 1362
635 656 677
1159 1947
357 719 1682
1028 1486 2382
19 670 1353 2244
611 1097 1476
137 646 807 1292 2455
47 155
1037 1756 2431
84 293 359 1004 1616 1723
473 2619
775 2218
60 1120 1866 2189
293 1387
2070 2612
127 676
200 756 1183
264 593 1822
115 1756
2072 2231
124 596
114 1735 2084 2591
883 1131 1261
351 967
1004 1680 2059
565 847
156 332 466 1589 2225 2402 2447
116 1219 2097 2361 2430
56 600 764 2322
893 933 1341 2142
1188 2282
668 2552
578 620 653 1228 2212 2216
1900 1957 2461
717 1351 1930 2117 2387
415 1560
363 1352 1552 2007
168 2170
1906 1924
1 2245
1094 1096
7 55 407 520 1014 2107 2481
32 199 635 774 1093 1733 2172 2451
130 558 1508 2134
191 1024
1507 1757 2301
1205 2117
215 1077 1428 1608 1702 1897 2328
676 1702 2617
690 709 1920
372 1041 1438
997 1998 2208 2296
1384 1560 2288
532 1057
814 1378 2182
29 609 736 1066
245 780 1886 1940 2178
513 1115
1733 2049 2108
205 218 897 1236 1545
58 668 1221
91 2125
210 1700 2402
642 773 2336 2392
32 415 1145 2397
1112 1333
266 468 982 1132 1417
1277 2239 2370 2517
145 990
276 296 820 1452 1893
1070 1305 2455
21 180 1076
12 1277
705 1687 1781
720 2376 2407
453 488 537 834
692 965 2091
483 2201
489 2032
704 1481 1503
776 1496 2462 2604
379 1585
13 530 1696 2299
1105 1150 1273 2252 2625
373 1478
289 1438 1624 1822
41 106 946 1151 1159 1876
701 874 1137 1841
66 1882
716 990
1209 1257 1571
164 726
1786 1953 2025
151 997 1396
971 2059 2188
145 236 1891 2451
546 873 2061
283 2622
19 455
935 1495 1791 1826
236 1878
230 657 1912
63 291 494 930 1780 2579
494 1388
222 2129
122 652 1482
2646 2650
415 620 1503
827 1996
337 1300 2303
718 1002 1025 1718 2223
934 2062
1163 1272 1417 1672
35 499 1397 2167
52 265 1001 1458 1977
683 1277 2591
641 1272
127 370 1228 2109 2349 2482
321 788 1854 1926 2592
868 1390
366 598 842
446 1238 1625 1994 2225
186 295 1730 1748 2074 2483
987 1597 2365
293 2397
548 928
984 1586 1944
2307 2448
627 955 1403 2117
687 774 1852 2353
897 2031 2332
122 243 1378
213 884
1518 2609
775 1362
410 1333
198 2408
194 378 394 699
1819 2251 2312 2397
1810 2471
53 389 1540
907 2099 2566
974 2172
1001 2571
672 2268
781 1654
253 408 680 933
694 2523
350 578 784 1204 1316
410 2431 2469
1180 1371 1460 1468
131 1056
2136 2158
582 807 1009 1103 1871 2327
294 1985 2473 2554
668 1081 1202 1222
974 2466
245 1274 1293 2010
109 184 1534 2638
135 595 2354 2601
404 2208
46 2347
872 1031
660 2267
999 1184 1979
355 1301
1468 1766 2646
846 850 1381 2302
765 2258
774 798
242 460 1102 1255
806 1738 2299 2479
514 734 2165
192 1189 1364 2028
35 663
82 1358
1443 2443 2624
550 584 1053 1977 2634
1172 1903
118 368 1072 2233
419 2032 2335
264 1376
1062 2153 2366
340 726 1401 1723 1864 1880
660 676 1210 1700 2440 2503
120 2209 2211 2416 2443
169 744
1494 2461
184 1061 2027 2308
673 1037 1040 2636
1278 1760 1896
14 213
565 1300 2133
101 843
903 1499 2549
936 1340
2044 2567
801 1633
358 952 1035
370 943 2394
1314 2478 2537
658 1135 1789 2355
349 2096 2509
488 550 1123 1499 1609 1907 2135
97 460 1240 1291 1575 1729 1767
360 1728 1761
230 1223 2165
205 302 1674 2300
1505 2340
206 340
1118 2108
215 2150
396 714 1728 2225
325 1362
716 1214 2189 2319
1075 1676 2479
870 1115 2115 2184
613 1106 1987 2373
44 2371 2399
298 635 2023
945 2379
274 411 631 1385 2273
106 213 1422
241 662 768
314 1196 1650
1271 2294 2583
366 1443 1984 2057 2098 2194
748 1495
1991 2276
1644 2461
245 1048
847 1734 2110 2407
629 1315
769 2228
641 1938
1630 1813 2288 2613
1033 1243
791 1144 1778
1675 1691 2021
64 1859 2358
827 1026 1238 1531 2009 2210 2298
436 564 673 779 789 1095
1124 1373 2005
329 349 1193 1624 2408
514 703 1400
579 2299
1032 2084 2359 2530 2608
1248 2533
404 1472 1840
530 2356
530 941 1057
390 1314 1857
344 1034 1102 1154 1289
359 2411
1598 1657
1427 1922 2238
1673 1979 2376
1152 1600
656 1215 1830 2278
485 700
333 862 2214 2550
365 782 2164 2470
460 1930
581 678 1787
155 222 564 840 882 1589 2359
126 610 701 1962
75 1314 2446
361 2633
232 1252 2395
418 505 911 1419
181 1494 2164 2273
684 1924
450 1295 1618 2106 2378
235 2085
1106 1723
1522 2023
848 2455
19 319 1612
1036 1389 1392 1727 2548
554 1012 1089 2294
336 733 1016
489 529 758 1290 1440
223 719 737 1124
317 1076 1663 2280
186 787 1092 2416
101 111 498 2522
1270 2383
1594 2168
1087 2278
607 1123
695 1619 1982
140 832 839 1049 1414 1888
234 2271
120 1924
624 1721
127 926
265 1184 2492
1283 1328
510 2207
470 493 871 2406 2422
236 2070 2343
2312 2409
814 896 1260 2202
377 657
2203 2371
206 416 860 1850
319 1154 2013
607 631 795 2085
797 2491
647 1939 2027
2104 2204
1535 1896
807 864 2028
1167 1994
315 1842
1079 2319
331 413 956
69 984
346 357 613 1067 1821
504 1180
291 641 1341 1630 1819
1663 2323
570 1574 2389
710 789 2171
528 766 1228 2595
304 370 956 1644 2008 2303
381 1765 2211
1828 2587
345 612 697 1109 1453 1529 1935
780 1235
1656 2293
358 1300 2271 2414
1150 2424
1352 1370 1497
362 2505
1083 1153 1250 2334
224 1475 1997 2449
833 1617
513 589 1479 1858 2290
504 530 1718
158 724 1483 2517
655 1083 2342 2558
220 1508 1743 2151 2373
481 1731
1483 1972
533 756 2316
1887 1970 2157
85 1340
75 1940 2611
588 1289 2071
467 1568 2459
1773 2040 2211 2620
879 1309 2028
1649 2232
580 1033 1645
567 2551
2018 2597
664 2504
1188 2139 2186
29 1095
494 925 2447
199 2578
858 1008
422 1511 1635 2014 2045
942 1532
785 2376
396 2360
103 449
2198 2558
282 558 934 967
411 1821
1546 1626
1761 2130
143 1028 1773
192 1464 1715 2391
1176 2454
149 2499
1846 2089 2615
1456 1816
347 1693 1757 2287 2457
2193 2390
332 1010 1516 2334 2424
1073 1813 2161
548 1037 1819 2630
1576 1770 1778 1927
86 431 466 1418 2472
2186 2500
499 696 1219 1705
687 2435
293 1112 1380 1985
416 918 1375
1099 1208
725 1357
489 1323 1638
599 969 2566
52 490 853 1550 2279
1561 1909
968 1187 1265 1388 1408 2014 2604
1239 1979
799 1452 2136
216 1123 2257 2626
24 580 2344 2457
655 2076
154 192 498 2205
919 1818
448 860 1324 2338 2367
130 821 1701 2233
392 409 924 1758 2213 2447
948 2497
254 588 649 1015
256 265 273
293 1856 1913
78 1887 2455
1087 2250
422 770
150 351 850 1626 2164
1336 1472 1630
421 1215
288 1673 2242
1208 2382 2510
810 1643
801 854 1387
206 209 425 2593
1348 1588
559 741
283 1050 2260
606 2197
634 940 1828
1437 1687
1199 2338 2427
794 924 1218 2327
9 833 990 1082
740 1847 1859 1918 2258
923 1590 1657
1503 1675 1839
475 1561 1751 1765 2429
523 2292
74 1023 1286
379 1687
994 2324
800 1882
1151 1343 1492 1660 2512 2629
285 1464
1443 2302
69 1166 1815 2173
1783 1805 1916
827 1535 2456
51 1428 2240 2290
412 1884 2461
121 1617
996 1342 1688
347 2143
2174 2468
1515 2542
218 445 1927
335 1438
427 1856 1896 2530
1798 2151 2461
466 519 1524 1968 2301 2564
795 1333
991 1481 2429
58 323
238 1042
70 942 2037
1145 2525
441 964 1145 1788 2187
319 2609
1055 1496 2271 2523
368 1131 1577 1759 1858
732 1533 1603 1678 1896
222 2069 2121
515 2512
1260 1860 2312
511 1730
508 818 1436 2002
29 1792
91 1071 1594 2371
2150 2558
856 866
694 928 1824
345 459 1229 1885 2053
306 945
120 2354
2 363 759 860 1508
2212 2247
1212 1848 2116
379 1701 2123
641 1042 1955
1061 1350
1898 2250
1786 2058
802 2509
1046 1344
531 1076
741 1435
120 329 558 583 2193
41 468 991 1395 1854 1887 2235
135 1551
34 264 864
601 1045 1400 1572 1797
604 1045
574 862 1634
1115 1117 1393
507 538 934 2243 2496
1533 1751
924 928 2465
390 1369
633 664 1598 2556
20 647 1276 1949 2062 2099
1121 1961 2134 2203 2528
787 2080 2422
58 1475
288 313 550 1257 1623
1286 1499
1008 1973
211 1371 1744 2139
263 1504 2556
605 818 1063 1492
418 2559
903 1227 2438
553 751 1762
71 1901
121 1066 1201
359 428 1394
489 1462
518 2124
238 326 2005
370 723 2237
191 1984 2015 2161
561 724 1939
2138 2631
89 123 1097
398 932 1861
1380 1887 2625
322 583 1175 2557
1187 1535
829 1924
920 1117 1735
200 530 1393
226 1180
620 1326 1628 2403
725 972 1913 2624
291 541 2081
361 697 928 1741 2398
1282 2448
758 1123 1542
1936 1937 2071 2196
465 504 2614
549 588 2571
83 1212 2424
748 2399
1628 2330
100 1028 1692 1701 2497
978 1864 2031
193 2463
105 653 1473
208 311
378 416
281 1735
718 1840 1859 1937
1128 1858 2381 2509
811 1981 2494
1178 1202 1548 2042
377 1398 1458
627 2131
101 855
111 810
2168 2614
966 2035 2188 2365
115 837 897 1693 1853
537 749 1932 1957 2178
2037 2099
28 388 796 1131 1633
1294 2507
383 968 1904
817 1422 2108 2508
835 1056
662 1219
445 1724
1589 1746
630 1582 1588
1327 1903 2635
453 561 1573
508 745 1285 2331
1575 2415
890 1138 1465
88 478 2357 2387 2437
1528 1950 2563
210 1963
1566 1738 2518
92 2563
754 1105 1270
1819 2322
924 1039 1520 1742
1570 1981 2091 2310
394 737 1630 2140 2588
94 804 1115
5 2224
1563 1979
217 550 685 958 2371
227 1369
1442 2238
1419 1443 1791 2650
561 1967 2280
915 1260 2151
1202 1728
1715 2213
71 530 1388 1446 2034 2061 2295
2378 2560
414 1280 2629
443 1288
326 643 1142 1719
729 787 1454
979 1628
715 1152
585 1687 1888
33 779 933 1758
411 783
128 224 1627 2019
232 1604 2255
1872 2123 2638
203 692 794 2347
112 425 2483
555 703
1351 2202
173 1311
153 733 1759
1445 1876 2252 2346 2495
279 2054
496 1254 1400 2344
605 1576 2607
1184 1195 1753
15 1121 1864 2463
268 630 972 1771 1842 1888 2406
694 1255 2577
1082 2641
392 1784 2128
408 926 1131 2230
227 1203 1680 2041 2648
668 2322
986 1161 2306
148 677
17 807 1021 2068 2113
127 465
210 694 700 2331
1241 2406
1744 2410
785 1386
118 368
1547 2487
247 1246 1801
1045 1482
97 432 662 1099
160 995 2372
1464 1609
211 778 1663 1878
665 696 2538
1676 2301 2545
1248 1532 2508
1131 1650
491 1103 1950
536 1798
791 2345 2582
536 574 2091 2413
581 585 1204 1320 2430
262 982 1140 1588
1177 1357 2436
335 853 1802 1912
922 1388
116 742 2486
1577 1689 2566 2635
729 1775
1879 2169
366 625 783 1425
504 1101
617 1623
1244 2591
695 2520
343 513
496 1233
739 2139
110 945 1254
339 445 1199 1615 1683 2082 2189 2530
427 881 1689 2353
193 1037
73 1434 1667 1710
1180 1623 2283
602 618 692 1199 2056
202 328 848 1591 2076
730 1176 1892
865 2251 2273
259 1780
802 1611 2529
462 2148 2286 2625
141 250 1833 2093
1890 1891 2262
1168 1814 2069 2486
1610 2618
252 1350 1464 2171
560 2612
611 2429 2482
673 1719
270 277 2201 2217 2547
299 1858
901 931
43 149 1602
293 832 2139 2434
1461 2574
209 2463
2343 2447
1189 1421
949 1042 1446 1816 2197
249 1838 2428
573 578
131 2301 2582
116 462 1947
251 716 1716 1893 2441
436 639 2545
1518 2303
1404 1526 1708 2013
203 872 1598
730 926
629 803 806 1496
253 302 436
1678 2378
25 453
183 1240 2070 2416
1362 1484
817 1798
1268 2504
57 966 1575 1691 2459 2597
1270 1526 1784
36 449 2610
291 1207 1208 2539
90 579
2143 2491
149 1303 1514
1002 1076
812 836 1475 1623
383 1324
1016 2400
450 1094 1517 1965
232 785 2229
478 2550
1614 2050
159 555
561 799 893
136 2373
372 1069
241 1667 1687
1265 1909 1981
1526 1607 1875 2124
1391 1698
626 1168
313 1618 1954 2462
384 875 880
105 1061 2045
725 754 2575
1751 2524
296 750 970 1378 2602 2642
643 1108
143 622
605 1352 2542
42 746 836
218 1033 2236 2509
1104 1292 1388 2551
1550 1586 2613
266 2348
404 600 773 998 1904
475 1390 2468
968 1904
535 1269
138 971
183 1648 1664 1782
426 543 2398
418 2473 2515
2314 2485
2 597 1397 2260
188 291
128 322 1871
31 331 779 2118 2396
2357 2616
377 1577 2610
497 657
761 1566 2380
517 1329
212 562 954 1141 1782
58 330 398 767
109 264 1646
1305 2492
80 96 407 1957
598 2137 2232
1591 2163 2562
893 896 1438 2187
329 2475
1041 1329 2188
260 459 1205 2591
591 925 1994
503 1876 2270 2289
319 522 636
1082 1135 2366
646 2424 2475
881 1671 2214
369 2016
311 2366 2623
651 2049
231 658 2023 2580
546 1890 1955 1977
105 1050 1669 2538
746 1526
1006 1170 1727 2072 2131
66 1168 2545
1874 2354
757 770 1193
347 942 1297 1894 2239
441 1475
80 339 1595
766 1768
498 1996 2120 2124
287 828 1112 2186 2556
51 1372
467 590 700
491 798 2365
656 1507
339 988
217 973 977
172 402 557 2615
558 602 998 1453
714 796 854 862
1858 2315
570 1995
114 357 805 2228
1313 2384
96 431 534 592 1307 2163
1092 2436
1223 1252 2632
2258 2448 2627
147 917 1569 2412 2559
79 214 304 640 1919 2089 2597
1781 2402
1651 2166
1081 1897 2109
363 613
268 516 756 2104 2600
342 2463
2124 2287
898 2601
817 1489 1605 2535
641 846
1396 1581 1974
943 1563 2560
18 297 1867
755 2305
1234 2442
426 1457 2208
233 585 1154 1780 2513
106 985 1459
102 144
1394 1626
237 593 2069 2243
115 1927
255 571 2596
542 1901 2638
1356 2124 2368
1426 1466 2421
322 862
2123 2276 2578 2613
341 1816 2166
622 2100
332 723
600 804
1378 2473
86 854
577 2463
362 1510 1945
579 1216 1392
24 1522 1599 1827
63 971 1736 1902 2471
1429 1937
1096 2393
886 2262
209 496 1412 2123 2224
648 1484 1895
1575 2037 2427
1537 2263
1006 1162 2190
342 2564
192 400 2221 2323
1347 1369 1556
24 625 890
310 2210
613 1787
521 1228 2380
1148 2291
1507 1834
212 488 1730 1952
1434 2150 2270
409 943 983 1729 2235
402 575 877 1261
769 1543 1614 2604
657 1342 1582
713 1322 1692 1715 2577
31 908 1077
3 987 1390 1558
1937 2612
102 1935 2357 2461
2184 2403
209 527 1400 2268
530 1445 2360 2450
434 758 1212 1366 1442 2092
910 1787 2117 2580
1724 1937
1384 2326
445 1682
972 1685
1365 2024
697 2313
1191 1520 1626
1043 1277 1739 2107
1070 2189
1597 1696 1841
73 1636 2483
1264 1857 2475 2541
331 807
284 353 969 1069
483 801 961 1577 2593
1339 2012
1652 2084 2107
1140 1259 2161
1010 1917 2624
635 2515
288 1460 2258
778 1464 2307
627 768 918
18 1947 2027
612 701 757 1108
1001 1704 2182
22 398 1425 2251
1233 1937 2504
532 1700 2624
384 1594 1762 2512
138 1236
1060 1359
428 564 879 1999 2428
592 907 2542
2503 2517
680 710
1341 1365 2512
406 490 688 1959
1377 1397
220 1890 2217
1706 1761 2259
1981 2250 2251
571 697 772 1157
513 2505
1 214 529 1034 2354 2410
307 1714 1788 2504
93 143 512 962 1827
1055 1346 1386
420 1503 2200
1144 2571 2646
151 694
977 1013 1415
448 599 875 1771 1933 2485
695 1193
1999 2390
862 1798
1762 1803 2340
452 1184 2515
1121 1221
140 1313 2032
1943 2615
287 564
1163 2007 2051 2360 2430
212 459 467 1207 2323 2454
19 219 1207 1853 2389
1395 1600 2593
843 1389
560 1434
109 400
360 2112
43 1151
110 1944
1133 1464 1769 1947 2602
298 1180
358 1947 2199 2567
75 1100
499 1376 1553
416 1551
422 1382 2046
267 1384
1592 1986
121 789
434 1015 1775
1375 1989
888 949
259 1973
724 974 1070 1294 1749 2511
918 1297 2218
772 1179 1542 2256
377 1710 2016 2229 2398
427 698 1145 2320 2422
681 953 1869 1907
397 1427
104 184 1924
988 1396 1462
442 1730 2202
885 994
2150 2220 2530 2612
754 2173
1004 1340
206 622 885 2120
805 1423
1360 1864 2034 2169
71 1093 1463 1785
1662 2056
648 659 1053 1597
193 282 2569
1067 2209
244 285 1511 1623
1413 1978
1105 2183
1208 1998
1147 2276 2487
562 762 1183
1474 1647 1929 2218
1148 1266
266 609 891 1315 1822 2393 2436
624 1297 1885
133 516 1323 2446
116 155 413 558 1337 2443
1650 2377
503 526 1675
11 1086 2334 2515
1338 2509
1764 2283
815 1260 1511 1961 2149 2385
994 1373 2443
844 2296
427 1927 2204 2278 2629
215 830 2392 2496
358 482
343 2349
335 2314
1082 2262
220 1204 2004
205 961 1362
245 724 874 1882
327 2387
477 1774
264 557 1104 1127 1929 2043 2167
101 267
28 280 1157
777 2225
165 1443
298 2575
2091 2167
1203 2102
278 583 1212
154 622 969
1819 2453
1274 2237
370 570 845
436 1640 1844
2167 2422
401 1875 2405
31 2501
1256 1738 2557
81 184 836
262 732 1481 1974 2038
60 889 932 1174 1581
94 2321
15 245 761 1031 1099 1967 2468 2643
297 360 2552
68 2060
85 1744 2349
292 1240 1614
453 1616 2163
1237 1669
812 1267 1360
1319 2636
202 1465
72 1949
1156 2163 2378
180 874 1412
113 532
2296 2380
480 794 1094 1217
150 195 222 291 1337
406 662 1973
894 1549
284 1093 1202
290 1499 1671 1966
704 1395 1727 2197
746 1881 2536
560 2298
735 1609 1777 1821
1397 2021 2362
419 690 1124
733 2017 2645
412 696 842 1748
96 296 1781 2008 2225 2377
289 1062 1938 2608
31 636
1532 1673 2151
497 1346
1366 1958
50 2379
447 580 1276 1359 2161
2346 2632
904 1113 1470 1908
744 2012 2038
303 403 1514 1727 2459
376 2179
2358 2626
1286 1497 1948 2135
809 1634 2158
106 871 1372 1927 2120 2179
382 491 820 2638
227 1595
51 649 834 1958
160 331 902 1575
563 740 1893 2436
1232 2156
1562 1911
1582 1890 1902 2351
52 741 1153 1862
278 803 1488 1706
1280 1569 2470
305 1872 2288 2319
1561 2033
440 1224 1426 2006 2536
144 225 535 2102
1718 1897
1379 1533 1605
19 1975
1753 1960
721 2120 2461
249 306 2278
1199 1384 2517
63 779 1312
394 656 1450
363 432 595 1725 1739 1841 1859
203 475 2167
2 1167 1551 2577
136 1240
154 492 1581
920 940
226 977 1813 2163
704 1756 1771 1929 2217
127 495 1575
72 811 872 1322 1413 2384
1523 1799
574 1191
1350 1577 2218
1359 2473
144 273 1013 1379 2226
1126 2511
362 481 1196
504 576 2554
1920 2155 2402
49 1663 2008 2278
1449 2138
1370 2515
1985 2298
828 2097 2332
38 1390 2071
437 954 1663
653 1809 2190
210 517 1686
802 1788 1869
617 2378
1120 2226
648 2468
38 2060 2415
278 1736
244 483 1947 2268 2492
181 953
239 1893
341 506 816 1842
1102 1299
35 1191
1219 1609
985 2414
706 1693
1147 2456
496 1268 1400
1346 2093
855 1041 1327 1764 2283
62 131 859 1152 1878 2393 2399
585 1589 2350 2385
906 1632 2126 2146
730 2067
522 986 1478 1746 2494
1670 2587
974 1052 1444 1946
213 263 1606
44 348 1904 1931 2000 2040
20 465 1335
283 875 1614
437 1235 1420 2286 2344
1597 2535
631 2093
1757 2318
510 591 598 815 980 1669
725 1041 1685
629 1252
475 917 1224 1612 1830
411 660 734 1602 2054 2290
229 1154 1168
140 498
452 929
56 128 693 1032 1381 1751
97 1137 1263 2366
1027 2561
2240 2362
995 2456
75 2452
997 2242
511 2368 2381
1375 1449 2481
374 1431 1620
1045 2082 2187
1751 1800
430 561 2237
1581 2286 2451
315 1377 2088
63 582
1337 2579
1135 2069
664 1240 1544
65 1752
2045 2177
1237 2093
1192 1198
279 1081 1217 1763
619 1802
1495 2543
172 2158
585 1552 1816
191 2314
106 494
805 2479
416 2214
34 961 2144
771 1138 2208
332 1098 2125
421 604 2540
171 187 554 1836 2133 2263
1067 1807 1947 2099
443 798
505 1224
268 2048
631 931
6 2280
213 1906 2186 2444
602 1635 2622
635 1680 1741
162 656 1849
919 932
1235 2047 2222
88 297 1570 1787
671 1163 2293
281 991 1704 2103 2353
1047 1956
889 1813 2031
1569 2284 2496
826 1242
169 681 1539 2195
78 527 1715
532 869 1751 1896
97 1573 2075
1656 2080
143 233
1042 1761 1890 2407
485 902
482 1101 1694 2144 2639
796 1092
244 575
1237 1723 2388
411 436 625 689
1277 1511 2118 2286
930 1204
803 1070 2419 2647
407 427 617 1828 2417
103 810 1206 1838
463 1306
546 2388
1197 2638
132 1037 1571 2650
525 1106 1519 1925
1376 2231
610 1251 2631
464 1895 2000 2094 2343
1313 2616
1308 2605 2642
230 789
595 1923
206 827 1285 2455
1379 2047
558 1332
134 1431 2395
781 938 1506 2111
2172 2479
378 1435
755 893 1309
1430 1772
1097 1976
1049 1380
642 776 785 1242 1422 2259
193 1034 1413 1911 1914
330 535 2348
460 628 998
209 1066
46 2350 2450 2627
188 1107 1265 1833
129 681 1624
491 1031 1706 1977 2456
78 787
590 1430 1438
522 559 1402
1156 2079 2297
1554 2053 2266
575 817
805 1343
152 561 965 1912
569 2600
903 1574
416 2373
412 706
387 1680
492 1182 1865 2472
76 1322 2182 2185
872 2061
579 805 1382
748 2462
197 963 2025
82 129 475 739 1059
763 1431 1637
1681 2015 2156 2636
268 1801
166 1191
101 915 1128 1710
1594 1774 2250
252 876
369 1560 1964 2173
304 427 1145 2595
2137 2637
304 728 733 1866 1954
191 1368
546 1614 2138
2171 2648
269 417 1415 1860
84 424 1566 1831 2401
1050 1114 2179
1096 1412 1973 1992
1707 2036 2343
700 1077 1831
188 519 1412 1454 1790
341 646
1 36 1005
1685 2597
333 465 711 1036
1856 1870
771 1036
1882 2149 2268
866 1286 2590
1192 1671 2615
1126 2349
1013 2532
919 999 1609 1675 1946
638 757 983 1561 1729 2268
295 1066 1897 1987
2104 2118
104 749
482 1581
135 2206
534 1909
550 1600
559 2473 2551
8 266 365
1283 2422
127 866
407 597 2216 2466
1422 1891
2318 2542
1289 1566
722 1633
117 391 2238 2440
245 2533 2635
417 458 705 2043
823 1102 1881
1112 1423 1544 1900
1317 2486
356 974 1303 1505 1975 2198 2384
1352 2121
414 415 2554
358 2156
1155 1757
758 1050 1886 2285 2356
534 1994
763 967 2632
993 2104
598 1091 1767
1527 2175
257 408 1868 2567
1770 1975
892 1090 1869 2149
1330 1993 2030
613 1374
681 1081 1213 1655
1810 1878
400 1057 1904
281 697 862
2013 2076
74 255 2277
919 2112
1094 2482
1237 1393 2643
93 616
998 1601 2232
1153 1792 2125
1039 1428 2171
972 1897
1424 1571 1850 2198
1455 1459 1503 1702
752 968 1815 1948
266 2535
2225 2362
99 855 1276 1623
1086 1628 1856
768 917 2323
294 2567
175 1078 1160 1961 1966 2604
964 1239
158 1490
1360 2342
8 1897
420 520 820 1974
71 504 516 1790
129 172 1243 1403
171 294 1338 1689
1706 1831 2646
274 783 1146 1210
207 818 964 1241 2118
1051 1086 2194 2442
795 1783 1788 2027
346 2526 2570
502 2474
632 936 1037 2559
191 2086
584 1024 2076 2358 2578
1040 2004 2586
1484 2027
158 789 1505 2145 2411
123 317 782 2231
701 1585 2188 2411 2486 2512
215 674 1663
2 736 828 979 1885
512 655 2085 2462
540 1480 1880
515 964 1087 1089 1151
331 598
538 560
786 880
326 677 1117 2308 2316 2390
1588 1690 2436
51 210 380 1197 2323
681 1170 1840 1927
20 1341 1843
285 645 1053 1777 2023 2270 2368 2590
532 808 1289 1872 2074
504 1330 2184
1005 2624
500 959 1693
1706 1918
330 379 1647
202 685 2307
934 1502 1901 2546 2593 2612
532 785 908
571 626
137 327 2496
322 2168
1280 1744
465 884
531 2337
744 2345
232 766 1824
371 1017
232 375 539 2317 2501
222 942 1537
342 395
728 874 1715 2070
770 1243 2305 2344
201 2383 2448
169 474
133 537 2090 2145
653 1733
575 676
1382 1494
562 1389 1448
637 1973 2273
147 1142 1705 1991
597 1079 1714
1878 1979
706 1348
1674 1957
1717 2540
73 2260 2340
139 434 1260 2131
380 509
869 1860 1890
18 2172 2184
2143 2190
536 1822 2046
134 418
163 2596
267 1324
139 771 1249
644 753
867 2251
487 711 1543
562 1042 1220 1377
267 305
1294 1338 1562
40 726 918 1001 1150
2430 2605
880 1243 1299 2214
123 719 792 1849 2114 2154 2463 2564
675 1506 2080
437 996 1363 1455 1591
851 1174 1859
939 1467 2089
60 406 2306
1753 2541 2596
35 893 1198 2536
1070 2619
1802 1936
1574 2026
315 629 1553 2009
158 868 913 1383 2276
319 875 2496
377 497 1121
981 1262
443 1839
627 1642
1602 2622
723 855 2485
471 2499
699 1115 1266 1591
431 1476 1635
483 2134
169 725
961 1625
75 662 797 2450
2050 2056 2345
128 290
220 1471 1633 2284
1688 2486 2612 2622
183 1560
1202 1256
1124 2026
549 723
1453 1945 2208 2450
1898 1984
1591 1618
834 2628
1466 1599 1641
326 1864
904 1674 1782 2292
223 1126 1772 1890
534 2185
356 1027 1804 1995
331 771 2163 2212
951 1012 1517 1791 2573
233 2407
547 1262 1518
177 1757
124 1064 2214 2359
801 1698 1930
661 928 1728
111 400 458
184 274
18 1352
36 1758
520 1248
847 2189 2444
1291 1627
29 1873
737 2068
114 874 1175 1330
620 1237
152 332 781 1644
519 1376
145 1299 1314
320 330 349 996 1463 1994
1392 1849 2073 2342
945 1462
1700 2232
498 734 2175
2314 2380
71 2573
833 1784
372 1525 2113
776 1506
34 497 2497
1215 1535
852 1344 1395
296 424
536 965 1493 2304 2403
1589 1689
951 1092 2026
48 1639 1992 2240 2247
786 1777
406 1310 1705
23 851 1949
2193 2301
492 830 2500
1201 1239 2416
1282 1876 2184 2620
1155 2611
303 1382 1554 2122
858 1979 2074
1333 2007 2080 2612
493 673
765 1542 1788
1732 2447
2274 2344 2580
62 1357 2650
227 541 1670 2331
397 918 1803 2091
1245 2388 2410 2503
192 2157 2485
1267 1563
1331 1940
640 1289 2055
1166 2636
354 388 1853
561 1436 1927
239 1878 2522
1038 1168
142 1348 2085 2611
138 1797
585 1925
302 351 586 783 1350 2550
107 144 2136 2519
1804 2568 2633
1756 1993
152 389 1944
634 2538
834 1346
785 2159
332 395 531 1063
2149 2416
1135 1161 1819
283 992
37 213 518 637 2165 2344
293 867 1784 2237
43 1014 1522
1028 1110
1159 1604 1753 1815 2613
401 1746 1789
365 964 2503
1254 2514
188 1585 1680 2240
460 2136
907 1311 1324 1488
469 749
185 534 686 1153 2159 2456 2550
559 1018 2134
5 913
91 935 1126 1321 1396 2090
432 2031
282 681 859 1637 1797 1862 2278
83 1502 1936
380 424 1128 2077 2266
1668 1945
1019 1639 2322
414 1561 2052 2077
49 1055 1384
564 2367
92 650 965 1138 1245 1326
284 480 622 700 1107 1418
1098 1554
789 1914 2471
1030 1584
980 1045 1766
362 1769 1829
405 1232 2321
150 1939
482 789 1737
12 143 1412 1711 2003
127 1243
726 1292
2103 2259 2323
104 347 888 1128 1415
454 1306
59 1050 1478
73 2038
94 589
101 1104 2432
563 691 2262 2325
473 560 1696
1624 1761 2143 2408
523 1104
243 267 1266 1590 1799
266 581
124 249 2425
740 2533
871 1277
404 1361 1792 2028 2294
105 2460
2199 2353
309 1456
1145 2406
90 697
1716 2087
326 413 812 855 1251 2597
2 509 811
239 1803
1372 1729
459 634 1289 1680
372 463 733 2268
887 1602
1930 2399
474 813 1334 2472
666 1212
421 1373 1419 2000
709 2286
554 1388 1592 2308 2358
767 2347
1073 1891
190 599 1533 1851 2174 2494
974 1244 2024 2134
393 2338
1154 1670
155 476 2575
436 1117
407 1473
62 149 289 1660 1719
218 1201 1617 2188
972 2286
50 2178
57 233 1189
18 234 2013
1132 1657 2055
843 2625
946 1641 2055 2083 2285
335 788 2007
59 445 742 1269 1786
272 1871 2608 2625
184 752 1000 1275
841 1412
1582 2086
1884 2004 2404
135 268 414 2419 2482
473 2093
613 1459
122 243 1144 1224 1437 1565
449 1313
572 1287 2348
304 1301 1937
688 1519
1308 1701 2117 2210
1580 1701 2001
234 599 1541 2471 2551
827 1507 1592 1909 2596
50 584 1590
193 214
46 67
890 1761
513 578
748 787 1705 2095
151 1191
68 1283
167 746 2243
345 1557 2271 2597
1693 2101 2373
795 1309 1595 2373
368 1664
406 434 450 1578 1905 1925
255 1191 1282 1615 2472
1509 1842 2619
420 793 1099
608 1523
446 1482 1925 1996 2406
230 1112
1107 2442
59 844 1085
84 1405
1195 1242
717 1898
290 2411
106 442 480
729 997 2121 2524
402 913 1126 1678 2381 2448
2136 2211
641 2517
1480 1499
1033 2065 2237
391 2139 2222
317 830 2107 2621
227 2609
402 2196 2299
420 1064 1102
417 1122 1754
1601 1681
1007 1490 1796 2304
596 912 1226 1939 2383
680 939 1781
428 1327 2597
955 1184 1527 2498
903 1924 2034
902 1771 2102
1025 1433
259 1377 1527
535 645 1118 1440
1308 2120 2463 2607
13 130 653 880
408 1004 1313
998 1524
1142 1356
430 1832 2364
40 274 317 341 882 2340
729 1208 1296
158 817 1555
1507 2619
1854 2071
151 2296
361 611 2032 2429
456 1786 2381 2565
103 2539
461 495 1134 1217 1517
414 2406
96 2057 2166
1175 2162 2182
478 1806
16 27 2472
1359 1585 2001 2256
1045 1207
73 406 1142 2487
680 1772
125 575
1579 2164
1818 1834
430 1254 1505
53 198 2011 2348
554 2397
1197 1407
368 491 1501 2109 2565
167 443
1050 1325 2008 2401
437 626 976 1070 1219 2321
1637 2490
294 405
902 984
991 1272 2528
517 1511 1748 1996
129 477 2059 2377
1692 2571
908 1326 1935 1975
1554 2239
308 682 2332
1333 1467 2575
738 1610 2550
1203 2442
556 623 928 2397
1982 2022
1455 2335
428 2061 2576
277 450 598 1781 2085
194 333 523 917 2645
472 1981 2221
575 1686 2506
1842 1879
64 538 557 1351 2024
1698 1708 1802 2056
200 2548
994 1140 1915 2155
369 929
50 1401 1490 1907
1286 1571
82 286
1507 2126
1456 1508
73 1070
617 1389
160 376 1671
1225 1482 1737 1992 2110
990 1885
356 545 1810 2253 2332
923 1044 1991 2040
598 1102 1970 2468
2404 2433 2544
234 2147
105 637 685 960 1130 1433
644 1288 1458
123 2013
1522 1728
625 1729
146 939 2049
284 2561
91 2181 2434
1429 1947
424 1476 1635 1959
1868 1883
564 1049 2140
1664 2504
432 491 649
2204 2418
1006 2608
1509 1717 2503
571 1013 1050 1720 2065 2491
663 885 1820 2233
19 1143 1871
85 755 947 1460
1901 2262 2524
134 559 1572
372 381 1810 2093
317 464 779 2586
886 1636 2328
512 2558
99 1258 1279 1698
447 744 2213
116 1382 2574
1856 2273
370 402 1413 2358
453 594 1157 2650
88 341
805 1069 1287 1487 1664
748 2046 2491
1324 1819 2058 2612
893 1409
339 1665 2296
1499 1690
2018 2287
144 1098 1956
405 477
1052 1751
552 1384 1914
1194 1456 2130 2206 2624
774 1520 2048
312 630 806
889 1052
403 438
1544 2337
82 2234
1495 2455
58 433 509
540 641 1039 2148 2204 2250 2317
859 1571 1953
443 2196
151 260 600 1610 1613
84 638 1746
652 851 1430
299 2269 2560
153 780 1746
171 232
782 1194 1614
702 798 1337 1394 2211 2530
705 969 1440 1539
569 838
531 2085 2177
126 480 1499 1532
542 2448
424 482
1660 2095
774 2213 2493
100 165 1011 2334
482 1790
1937 2622
670 2019
811 1591
396 1930 2169
1630 2557
636 1215 2618
106 1379 1383 1580 1706 1871
379 1551 1802 2283
821 1998 2038 2178
1459 2447
371 411
1738 1742
1458 2238
990 1031 1082 1660
92 1204 1220 1365 1511 2210 2625
376 2158
40 259 2062
980 1364
41 450 756 1913 2552
40 167 972 1825 2207
680 1188
230 1889 2641
725 1748
1962 2174 2372 2526
325 492 510 684 1113 1371 1780
771 1589 1802
1147 1423
263 713 1342
209 371 1038 1114 2109
1168 1335 2187
59 1708 2228
584 943
301 667
140 772 1479 1543
1148 1360 2132 2136 2265
135 150 442 659 939 1313 1681
267 1115
562 1701 2151
27 597 1752 1919
253 2099 2382
281 1005 1135 1761 2381 2458
436 1941
217 976 1249 1502 2586
451 1199
