879 1294
502 535
245 362 470 537
308 717
497 710
59 88
55 666 679
360 552 623 767
58 521
359 433
599 735
580 775
36 49 254 402
230 513
416 776
265 519
815 853
236 681 723
158 373 457 847
5 519 701
443 532 782
223 315 367 498
179 311
57 293
605 760
80 272
75 362 435 488 753
249 398 754 773
34 287
42 92 353
203 622 732
130 524 774
132 452
49 198
82 190 318
132 306 695
385 791
338 720
313 719 877
324 403 647
133 155 200 540
188 834
182 237 268
140 271 487 717
165 194 785 835 870
189 433 570
56 171
322 641 699
607 803
336 414 551 850
533 801
364 512
561 597 605
588 802 831
42 318
135 395 672 687 731
5 105 131 396
398 416 754
79 169 212 364 508 578 753
227 392 403 470 591 609
97 611
189 205 250 400 662 777
15 287 588
223 409 471 623 708
37 446
293 521
167 197 378
649 655 722 856
3 86 324
117 375 614
288 324 341 726 757
77 643
492 612
373 664
271 624
45 145 148 179 341 387 625 838
92 159 700
678 844
367 831 856
732 762 815
495 612
189 443 498 748 814 820 833
453 611
352 452
131 754
293 632
255 366 792
314 333 783
54 605 706
111 237 267 829
17 225 575
629 866
21 323 646 877
268 449 518 755
525 583 677
441 561
61 165
179 314
251 326 636
72 724
549 635
134 305
318 625 705
46 226 429 534 580
56 409 481 671
32 589
92 651
131 596 805
386 536 678 709
411 737
30 51 217 271
108 541 654
484 812
115 768
747 804
215 816
350 351 410 640 687
18 154 337
87 177 704
130 197 521
5 320
686 690
565 786
483 689
221 316 541 562
667 823
71 217 685
106 365 784
423 497
55 115 321
64 522
612 766
142 213
376 420 667
324 413 519 528
198 786
214 379 409
76 236
42 438 594
27 170 173 565
100 158 197 380 420 423 728
436 741
296 304
228 679
29 75 120 465 575 855
125 465 511
217 413 612
3 91
372 432
126 493 742 856
462 817 825
583 769
505 775
30 599 603
235 571
3 822
195 403 619 694
56 226 318
230 301 530 774
532 661
268 339 354
189 400 672 774
575 717
8 145 670 775 815
128 134 442 714
87 350 622
3 290 383 523
356 562 662
200 497
384 848 869
434 753
106 145 297 347 432 554 608 837 871
143 213 398
490 701
454 650 784
132 573 778
271 613
135 414
245 397
54 406
79 824 848
205 272 536 821
348 871
181 223 497 667
309 507 577 719 791
253 286 600
691 710 850
2 646 660
200 729 847
623 722 860
231 690 722
220 582
64 661 810
540 603 768
473 738 785
416 778
200 267 610
650 737
179 815
52 360
211 227
50 113 581 690 809
69 689
397 775
359 434 630 743
572 650
830 839
212 737 797
179 354
311 577
12 136 730
115 580 584 641
94 305 582 775
12 181
353 502 661 706 738
362 411 760
133 406 575 673
180 190 371 878
21 46 121 630 694
388 549 768
132 200 223 245
21 194 699 726 876
253 448 856
300 488 866
190 402 632
627 812 842
84 200
400 473
52 238 485 589
722 808 819
326 336 599 771
6 490 597
2 71 230 339 700
74 721
342 613 826
633 677 757 762
467 629
486 680
113 350
162 506 544 833
174 233 585
438 735 780
64 265 518 530
6 253 452
698 793
147 274 290
190 740
370 809
29 42
117 692
88 641
128 673
65 352 685 812
399 805
608 795
43 772
285 388
134 341 398 692
430 776
173 607 719
350 610 804
299 566 680
78 220 577
52 587
50 649 878
59 176 301
109 335
127 220 441
555 612 689 869
68 192 289 321 418 804
144 628
93 214 316 753 868
427 732 780
496 571
202 230
8 370 561 718
602 840
2 559 800 829 841 877
169 472 518
30 46 142 353 873
321 473 687 861
32 128 419
352 678
77 744
185 599 726
167 239 392 626 710
79 487 546 562 844 853
187 554
335 472
220 526 675
80 222 242 854
270 489
227 356
441 665 710 819
130 150 706
87 138 251 448 875
303 823
48 69 344 654
191 366 716
289 774
543 569 633
9 316 835
312 565 706
35 382 672
616 685
99 736 763
308 660 750
31 532
121 828
409 565 738
78 136
553 562
202 529 866
505 528
35 91 271 408 434
196 278 660 671 840
79 354 635 646
137 216 826
133 222 294 496 746
534 539
193 615
130 248 402 688 765
228 347 686 700
333 860
82 145 237
208 227
232 596 832 879
42 272 303 876
155 435 495 811
257 620
149 285 404
68 300 378
6 161 440 526
623 689
195 531 539
124 458 482
99 282
136 183 702
16 24 57 79 111 314 358
146 794
281 321 765
11 505 596
37 107 123 484 722 728
377 681
188 693
179 417 427 456 561 852
34 322
155 184 249 316 335 578
117 295 787
68 478
172 294 813
517 558
428 705 764
286 370 873
162 588 611
99 198 212 318 534 758
250 388 617
290 492 671 853
553 564
448 488 595
296 510 638 808
162 196
541 871
63 468 680
148 210 290
413 612 652 772
93 201 659
132 261 342 783
184 426
570 832
128 330 442 481 621 650 671
26 276 288 771
834 856
261 274
29 233 348 611
101 298 434 683 700
184 185 207 743
266 811 818
86 364
728 736
135 718
276 365 711 793
303 451 482 641 683
251 601 625
35 203 693
238 870 872
618 687
35 574 843
254 455
197 301
214 516 631 680
401 556 604
129 210
403 871
500 646
197 353
198 216 248 692
104 337 427 436
3 190 447 697
125 236 377 549 786
487 626
385 551
355 494
262 638
380 832
32 749 877
218 334 453
43 798
430 490 495 713 769
288 488
224 312 773 774
579 730
97 480 505
144 159 459 519
41 223 235 794
169 299
587 739
180 579 591
232 350
117 237 338 630
473 499 767
44 217 441
493 583
92 538 699
153 246
9 241 476
288 674
427 503
153 811 819
207 285 293 502
166 776
600 731
489 651
360 447
386 397 525 647
555 863
353 387 477
438 483 517 579
100 268
123 311 543
758 813
96 496
133 329 524 528 766
16 336 701
287 645
7 213 222 512 816
343 501 737
77 476
95 826
97 599 748 867
351 426 500
55 229 571
136 460
159 189 230 495
409 506 635
165 363
222 699
230 431 769
355 514
239 313 656 695
311 549
60 521 584 862
5 449 717
597 627
80 171 294 331
268 658
714 800 816
510 753
170 668 721
294 714 842 857
607 847
175 323
377 446 572
2 60 83 751 800
413 524 566
100 196 265
172 548 659
346 744 763
271 698 721
430 532 695 706
507 533 784
608 625
155 197 477 761
560 616 829 850
387 488 617
569 711
272 473
253 316 670 673
398 572 819
11 168
124 415 582
775 831
14 154 216 539
709 779
598 705
196 589 721 736
200 676
93 616 749
88 406 480 607
526 605 710 777 854
69 606
634 762
26 210
2 449
294 393
43 404 646 701
378 593 869
119 210 277 317 574 602 687
333 431 745
216 401 709 840
560 599
335 535 543 663
492 723
402 454
324 567 820 869
232 332 386
70 121 800
29 208 733
137 377
146 262
299 807
26 517 578 772
20 732 770
379 498 725
540 580 612
446 613
577 848
329 557
150 211 520
65 130 150 288 578
529 569 628
153 319 522
196 354 460
153 159 295 834
508 536 737 799
123 167 225
298 695
20 89 150 388 625
243 273 598
386 816
442 857
110 156
43 490
364 505 759
69 559 651 668 807
643 745
565 753
342 431 459
84 185 310 676
446 692
19 608
51 81 523 686
256 807
53 644
370 422 817
256 389 441
483 835 870
221 348 743 853
246 418 864
320 566 631 861
303 604
62 678
702 813
79 224 278 498
136 358 691
641 645
336 488
30 113 254 315 627
241 701
486 615
49 765
327 767
30 677 703 748
170 325 382 812
35 182 364 866
203 293
277 398 713
167 464 780
205 325 717
359 492 834
152 581 715 745 759
517 524 680
66 452 557
359 361 756
207 357 409 736 809
332 705 787
342 500 679
11 581
18 329
174 586
24 64 98 638
540 704
55 235 468
193 251 485 519 876
441 647
101 835
539 583 664 807
8 854
620 845
354 501
185 256 305 792
98 150
91 490 579
679 763
456 679
106 663
141 532 629
139 231 288 633 834
360 743
33 44 68 381 497 676
138 188 233 245
18 325 447 492 508 520 566 570 668
229 335 754
228 550
242 342
221 433 475 500 804
243 267 589
480 828
303 540
196 292
121 337 374
57 495 551
96 418 499 624 848
215 299 596
628 825
205 207 362
115 219 553 568 705 835
169 807
89 222 237 616
531 535 564 742
128 189 482 597
368 841
63 117 547 633
526 670
589 692 760
47 452
539 840
547 564 578 789
423 853
240 348 448 811
58 557 602 817
456 686 754
583 754
66 820
277 674 823
80 218 477
288 878
197 279 296 424
57 96 136 521
72 690
70 536
55 363 534
84 119 500
349 359 805
17 64 348 372 377
141 299 411 521 717 835
42 677
520 722 852
31 241 462 580 676
97 120 309 485 667 699
23 781
160 415 513 668 789
317 337 672
365 749 864
81 228
116 146 221 668
209 318 354 528 678
68 130 148 366 381
351 616
56 92 632 672
344 416
6 324
68 367 518
90 145 369 371 473 591 593
137 413 461 626 727
320 841
144 276
145 460 572
435 556
155 218
170 478
53 208 242 441 483 524
115 120 501
212 236 501 530
85 419 838
80 244 283 427 765 782 848
496 512 793
211 826
433 751
31 131
249 551 714
203 301 320 534 672
381 555 795 841
158 313 587
233 326 416 740
148 165
271 452
144 809 815 850
63 326
236 637
573 738
42 320 542
560 783
645 766
277 721
205 272 461 783
38 81 115
311 423
651 686
304 637
290 453 604
361 486
449 833
52 173 635
134 194 414 475
301 476 625
536 652 805
421 862
505 876
471 511
142 241 382
112 239 601
135 206
165 208
312 315 519 697 700
305 475 606 623 637 768
42 146
155 265 276 839
295 362 492 600
55 498
98 124 236
718 765
328 390 862
318 464
362 364 457 709
707 742
337 416 471
86 396 439 795
304 378 386 734
313 744
13 179 339 411 438 685
328 343 476 484 499
222 579
256 285 291
261 751
112 336 784
137 196 475
174 451 871
32 739
70 304 452
261 578
86 650
57 141
14 436 629
371 452
9 808
95 191 288 777
115 698
77 211
73 113 753
105 300 403
167 549 788
209 699
60 215 422
86 515 553 815
142 517 660 696 833
256 397
97 185 337 413 481
3 335 398
44 286 328 460 669
335 477 857
608 702 779
313 396 433 543 862
164 196 438 858
186 507 724
131 593
408 570 652
166 808 857
341 670
100 295
63 260 325 563
232 485
137 189 214 510 692
618 767
434 632
261 391 493
148 263 564
88 567
333 615 749
442 767 785 846
695 728
226 228 725
231 254 355 405 448
317 442 798
162 671 867
597 667 760
486 535
764 815
299 539
32 415 486 525
80 609
150 694 723
234 322 481 785
287 387 395 777 807 811
766 875
11 32 755
771 795
134 197 205 224 363 398 525
585 599
19 285
22 166 233 412 431
277 592 674
133 772
159 261 836 870
114 234 612 654 793
63 697 817
761 795
21 469 746
2 62 92 453
252 261 490 590 633
233 783 854
254 303 390 423 550 593
147 468
139 386
283 295
377 585 638
99 562 574
32 543
263 748 838
249 305 529 856
150 603 650
453 535
24 264 580 689 839
420 464 596
363 709
267 635 738 751 827
132 366 568 624 637
30 364 368 846
385 650
389 610 718
211 329 397 411 470 547 562
464 668 860
320 578
117 184 222
2 427 544
128 188 318 377 570 677
732 848 856
449 547
232 825
198 411
278 660 774 878
43 366 518 817
44 457
169 241 800
32 163
87 667 815
562 653
582 867
10 160 378
358 816
115 458
30 200 291 374 391 724
230 239 879
33 124
71 173
202 647
58 192 197 302
142 230 593
416 694
89 213 249 253 607
74 726 763 809
686 808
562 641 723
21 397
23 119 523 773
161 326
71 231 687 745 835
76 108 629
352 605 704 762 783
298 651
132 248 339
350 879
137 174 366 552
267 633
9 261 600
158 499
58 144 457
63 116 468 624
240 812
111 211
52 789 871
120 593
123 174 244 366 370 666 873
141 450 613 689
1 321 848
636 823
12 34 545 622
179 446
374 519
34 40 707 869
323 625 695
63 136 159
277 559
86 290 304 701 736
99 244 797
256 549 657
242 567 738
174 388 583 690
198 820
221 259 305 646 719 735
236 371
91 264
330 616 786
27 296 457 670 761 838
184 619 781
138 232 313 557
314 590
33 187
35 735
216 471 871
589 673
453 621
363 531
432 510
184 323 622
650 667
5 740
111 268 313 432
320 485
168 241 452
210 243 689
370 607 877
198 324 330 798
113 142 461 705
241 609
58 170 224 787
233 268 601 689 723
60 280 574
71 395
50 465 851
194 677 870
171 200 614 623 806
540 603 704
231 435 590 791
334 781
186 268
69 158
291 480
270 445
304 685
315 322 384
24 423 859
45 90 827
104 161 422 771
339 533 755 773
124 126 338 418 582
19 90 120 272
422 781
250 727
236 501
393 456 742 796
134 524
185 441
77 367
97 459 701 786 847
202 735
203 233 313 328 408
434 722
243 253
167 368
32 301 465 488 714 823
239 401
365 500
624 710 774
196 604
33 644
162 716
19 168 631
99 289 706 752 779
213 259 276 303 714 814
272 293 736
214 564 849
99 408 854
37 558
429 831
468 577
304 653 832
130 413 477 775
428 458 549 737
25 263
413 504
140 582
332 631
637 767
151 535 733
3 68 127 839
281 564
224 595 746 873
10 365 631
265 348 632 795
207 755
190 385 495 501
382 666 723
27 89 559 703
131 528
90 235 297 396 605
76 135 220 866
399 815
300 776
35 108 142
238 474
415 866
29 686 865
262 359 418
108 464 582 713
578 597 660
307 340
3 97 661 772
169 483 524 548
404 561 670 695
402 697 793 847
105 554
104 715
370 375 480
67 375
482 812
296 517 846
416 560
12 523
129 576
190 414
262 756
210 332
91 180 508
705 748 791
207 213 711
216 313 459 473 786 856
415 640 805
215 243 260 859
171 798
153 489
687 743
311 353 378 762 780 781
569 784
42 157 438
706 807
315 520 812
264 515 656
262 463
13 14 495 549 668
20 471
155 515 660
155 690 836
8 116 358 366
598 651
164 544
31 55 470 729 844
496 669 718 805 807
293 520
307 321 604 721
64 242 510 700
66 143 606
154 339 523 809
278 290 571 869
345 521 783
133 330 490 581 631 781
567 725
638 718
81 146 265 373 548 637
180 229 484
210 370
242 840
131 180 770
251 632
113 184 500
81 412 431 840
506 570
243 571 574
529 808
54 134 584 709 823
35 665
164 277 555
8 46 509 536
204 314 751
44 108 150 863 874
114 527 551
611 779
107 806
603 702 755
628 655
49 235 299 471
1 51 341 404
377 437
96 396 522 638
387 606
508 712
533 708 713
119 157 323 333 456
305 679
49 838
31 321 368 507 539 616 628
162 269
2 170 176 374
103 136 492 639
135 683
246 368 553
187 470 498
91 464 723
65 101 211 321 454
39 67
277 493 567 632 735
80 415
246 262 718 789 813
31 139 506 611
387 607
104 231 350
50 244 324 718
704 876
430 642
118 222
124 823
185 641 696
74 87 733 767
139 714 821
204 595 776 826
254 317 371
34 95 233 427
685 728
192 582
401 575 657
162 304
269 473 477 534
220 267 456 659 724
138 336
227 704
235 365
9 525 656
43 453 792
169 808
139 470 508 654
483 828
478 501 565
147 784
38 423 777
45 823
754 835
521 690
287 591
90 783
364 493
25 692 863
121 275 659 848
89 98 153 525 645
795 807
227 546 644
258 404 704 867
104 141
33 195 265 661 798
215 446 621
97 387
161 212
354 625
360 422 492
221 271 470
290 542
217 491 498
100 354 678
82 418 795
158 671 684
68 441
351 465 611 691
135 330 656
348 523 857
244 670 816
102 565 571
370 430 620
406 444 718
1 456 723
526 677
104 131
311 404 546 585
69 176 264 495 739
84 710
623 774 836 861
206 438 540 561
404 428 570
101 241 758
17 222 805
574 648 713
207 466
138 237 749
34 170 287
462 483 580 762
141 602 705
227 235 620 692 866
723 732
210 367 629
172 247 451
504 816
138 241
10 134 239
203 749 875
183 734 758
245 379 537
140 329 699 877
75 122 127 382
342 719 832
486 728
272 368
249 797
326 663
552 725
88 365 396 849
15 592 694
369 638
389 431
77 423 543 574 666
600 700 786 866
501 726
185 425
78 378 593 857
211 276 285
184 294
555 741
117 871
108 257 281
505 604
574 605
28 190 479 612
77 328
11 361
296 548
368 423 624
322 702
247 331 636
284 409 698 784
248 751
215 616 687 867
4 76 141 527
148 451
407 490 560 878
61 142 357 670
52 790
52 216 550 661
232 267 446
137 511 799
170 187
300 532
177 231 261
108 273 394 526 652 768
406 446
678 841
266 730 732 826
99 119 122
161 238 630
225 510 838
178 852
33 652
38 51 132 387 434
20 297
632 680 749
401 493 607 699
698 878
496 650
281 519
512 857
56 696 811 870
117 265
138 329 649
107 609 704
81 256
24 55 80
44 67 499
227 253 383 694
603 629
68 479 517
86 325 685
438 663
682 771
221 787
449 644
101 224 339 603
10 100 611
285 418 487
199 307 347 575 761
24 180
494 817
478 603 681 745 875
161 671
55 378
551 789
456 779
158 533 813
147 267 430
218 402
