1760 2611
13 1220
824 1141 1261
515 1463
11 148
567 1180
1059 1313
364 389 903 1532
262 840 1071
82 740 750 1293 1740
279 339 625 1729
898 1579
250 457 856
278 294
16 610 873
298 1710
14 513 1088
304 997 1377 1485
666 1398 1751
200 252 725 946 1430 1649
204 355 1099
183 774 1191
58 349 675 777
44 803 1135
373 451 615 1225
674 863 1100
423 426
1304 1689
1050 1266 1756
342 578
301 649
591 1108 1248
233 743
258 873
148 720 973
8 892
1194 1745
149 442 539 865 1264 1547
1078 1579
22 340 1197 1476
680 698 1042 1662
591 916
339 785
135 1752
332 707 1314 1317 1658 1684
92 923
573 1309 1666
679 727 1173
92 371 595 1375 1618
373 759 1138
191 1269
79 425 1285
10 1015
169 287 1669
672 1411
489 790
379 1467
465 1461
636 1181
236 718 793
819 1592
217 234 317
217 880 1616
1679 1684
34 737 932
166 576 1088
1454 1581 1616
244 1531
80 663 1382 1582
600 655 941 1185 1506
1159 1460
147 591
864 1017
249 507 517 931
301 624 1161 1637 1645
167 763
13 1754
3 414
209 1489
633 786
566 761
577 902 1214
319 587 767 805 1103 1115
370 1559
190 1690
988 1089
897 1018 1211
256 1405 1417 1749
135 267
28 96 388 1221 1235
1000 1151 1561
973 1409
269 563
1249 1251 1680
464 1239
102 143 201
398 1183 1245
92 389
173 278 403 733 1610
32 36 136 539
102 712 1605
437 611 1071
1467 1507
400 581 1220
586 1125 1626
864 1273 1278 1717
123 739 1264
549 1569
133 666 1724
319 1517
206 1177 1590
56 395 772 1153 1758
153 346 489 600 737 971 1013 1249 1621
351 720
71 494
1063 1432
1163 1552
815 1068
1113 1297
803 1369
9 353 1437
742 1350 1654
417 439 1228 1306
1279 1341
133 253 320 514 828
664 990 1403
777 1718
4 96 428 766 791 818
978 1042
170 307 398 864 1274 1643
9 520 908 1016
101 712 1077 1736
773 909
550 805 888
988 1550
206 350 358 828 1691
72 470
63 118 676 1373
784 814 1354 1704
67 651
120 1487 1640
136 683 1052
201 855 886 996
589 1288
439 1197 1720
644 1126 1283
1030 1258
455 1011 1746
122 880
327 663 802 856 1066
580 1623
107 142 770 795
580 1020 1562
159 810 1333 1694
984 1185
665 1104
130 479 618
318 995 1516 1542
10 684
186 209 390 678
139 437 1654
146 298 806 911 939
705 1256 1672 1710
176 347 545 1204 1468 1717
360 480 1050
687 716 909 1179
334 1667 1753
1204 1387
29 439
72 692 805
718 849
24 1203
299 1255
536 609 667
386 494 755 997 1029 1559 1727
340 734
207 226 1575
492 519 742 1169 1604
798 1481
233 421 427 500 541
20 102 1230
154 942
433 590 647
475 1721
22 568 1224 1564
598 609 845 860 896 1581
892 1163 1307 1369 1721
340 771
633 1410
124 722 1215
295 1261
17 840 1471
1147 1507
484 800 1676
60 125 1152 1704
572 1698
31 172 387 693 1609
173 746
228 1559 1685
202 413 820
742 1639
145 743
546 663 969 1640
189 290 294 406 1424
994 1089 1391
241 1596
307 557 1644 1690
138 583
666 849
278 687 1476
303 475 804
296 402 801 1411
373 608 790 1391
474 1546 1602
200 1042 1069 1292 1608
276 625 914 978 1219
63 1754
112 902
44 570
68 509
129 499 507 582 968
1118 1376
303 1118
521 743 1482
1382 1707
555 1481
347 710 1019 1118 1314 1406
581 1101 1192
1232 1324 1725
193 459 1395
309 807
380 421 606 1067 1739
196 609 979 987 1390 1676
1599 1624
657 1074 1140 1321
1065 1579 1615
166 1322
482 1201
26 390 584 701 1449
97 458 1014
201 694 986 1285
558 1396 1744
759 1088 1284
430 726 920 1091 1329 1689
576 805 1209
316 1533
394 675 757 854
88 497
355 575 1282 1470
391 970 1715
147 870 1046 1291
35 82 109
201 418
1000 1324
1424 1493 1648
783 1232
33 1030 1435
312 986
98 448 1125
507 642
172 396 822
108 1236 1746
787 1709
24 1246
1215 1642
796 1650
723 928
320 1402
482 693 1023 1138
270 1466
1271 1608 1711
1304 1749
205 930 1223 1268 1609
162 406 505 920 969 1335 1426
160 875 946 1089 1759
632 1580
631 1462 1592
535 851 1637
369 547 1729
1275 1363
731 907 1193 1267
777 975
787 1231 1376
1090 1410 1690
949 1270 1632
303 755
512 638 648
18 614 776
497 806 1586
448 1464 1722
1199 1310 1539
93 159 1054 1755
899 986 1207
337 1396
447 552 768
1380 1391 1691
594 844
278 1456 1514 1703
703 1166 1493
255 893
742 1534
544 1114
105 1699
439 710 1586
587 1087 1337
838 1472
28 406 1438
1479 1506
821 948 1111 1210
68 1649
616 926 1187
566 1685
269 1461
1324 1449
220 1644
49 1326 1570 1742
102 175 399 704 1451
1205 1644
1056 1518
1007 1011 1314 1683 1759
446 561 1486
809 1414 1579
439 623 1691
58 638 958
1033 1637
334 977 998
376 670 937
486 659
367 437
555 753 1075 1180 1472
271 389 968
146 475
52 159 239 421 1092 1446 1539
365 389 1179 1224 1265
141 1562
44 1021 1541
123 1212 1403 1419 1601
249 1363 1457 1704
575 1184 1340
176 370 402
917 1098 1124 1168
542 909 1249 1334
32 1579
486 1525
403 424 583 900 1555
596 768
278 349 990 1021 1250
1428 1546
1036 1469
758 791 809 1044 1176 1539 1684
271 357 1522
455 726 919 1688
1160 1643
1033 1641
682 1152 1731
108 321 415 1051 1281
332 1104 1502 1548
451 611 739
1217 1302 1540
328 677
15 1463
351 1095
1171 1243 1654
754 816 1474 1705
1345 1567
446 864
1127 1435
36 1739
109 1381 1423
153 603
137 722 1450
489 812 901
186 841 1115
473 1330 1660
234 1275
1160 1367 1380 1481
1475 1669
32 365 1278 1457
198 1239 1536
46 942 1527
1262 1334 1690
803 1510
1256 1464
828 1253
90 1428 1673
140 306
1203 1311
157 356 533 695 1098 1131 1304
83 212 1138
311 433 977 1255 1689
3 235 1131 1186
536 1605
109 591 1372
48 1755
501 672 1205 1603
992 1720
747 1673
349 1408
351 504
1276 1441
668 960 1000 1045 1071
33 526 1451
228 352
587 1354
372 770
65 668 958 1137
901 1665
105 674 841 1042
359 630
136 250 971 986 1281
335 810 1057
155 1494 1606
481 1053
462 1402
347 545 1059 1655 1722
643 735 1269
933 1377
159 310
150 387 1159
37 121 173 1388
12 157
8 436 1577 1647
1289 1425 1459
63 585
383 498 790
872 1737
304 739 1372
7 636 710 759 1477
347 730 1342
216 1516
1079 1455
298 644 743 1155
97 207 1519 1528 1547
719 1311
1405 1408 1671
20 1540 1559
144 250
68 96 1415
59 439 1175
233 933 1390
693 934 1038
1405 1702
476 1000
374 1420
1152 1583
786 1279
284 795 999
528 617 1139 1726
454 516
578 1465
17 721 1315 1357 1384 1552 1613 1646
138 1202
1049 1373
1108 1150
16 614 1265 1640
369 1500
82 965 1636 1751
245 434 1209 1457
1128 1274
499 596 746 1215
334 1603
712 866
63 250 1095 1532 1707
271 993 1631
505 1111 1128
180 303 612 1181 1713
865 1707
476 1699
250 903
855 1285 1731
338 1035 1627
942 1143
305 1191
685 938
794 1064 1408
51 512 1524
218 944 1300
1075 1492
934 1515
210 1341
183 930 1515
537 787 880 1493
613 885 1201 1374
53 709
517 895 1378
843 1418
394 815 1684
62 791 944 1464 1560
873 902 1375 1593
963 1129
1224 1520 1541 1710
631 880 955
107 1263
305 460
47 1332
157 483
405 626
577 1388
120 438 978
607 655 1538
172 421
408 834 1071 1660
266 304
60 752
1477 1585
112 370 665 1328 1610
1004 1403 1586
437 469 488 1440
27 693 1324
226 463 1625
839 840 1416
176 557
277 403 525 1255 1470 1479 1496 1603
862 1676
457 827 1055 1159
663 1468
1269 1564
31 140
44 231 616 1511
641 710 1172 1605
501 622 897
325 392 607 742 1275 1502
171 561 973 1321 1432
1030 1172 1407 1451
1290 1355 1529
715 1494
547 1096 1177 1456
151 1158 1403 1750
286 366 688
18 1745
730 1076
255 1688
273 344 617 690 773 1244
547 1523
911 1059
699 1610
791 1660 1707
988 997
109 1067
221 584 1275 1323 1456 1662
109 1545
773 1443
146 791 1122 1470
445 1433 1490 1614
364 380
406 1249
366 1122
392 1415
397 1182
732 1207 1431
77 347 1164 1421
588 1022
1249 1599
124 232
256 692 704 888
1157 1578
1139 1491
483 985
860 1393 1452
624 938 1008 1082 1185 1480 1538
560 1313
339 562 1192 1588
560 683 1335
4 697 992
1200 1400
118 365 718 1655
578 1562
402 1049 1381 1661
391 1208
703 880 958
124 171 656 889 1169
758 1616
77 282
107 408
300 345 1119 1289
896 1292 1489
773 1175 1404
803 909 1183 1484
295 327 770 948 951
199 1154 1476
122 1052
419 445 1279
710 1705
1064 1683
311 412 952
197 441
312 1647
68 304
707 1584
655 1738
149 1258
291 418 1139 1712
934 955 1300
1100 1264
194 825
1442 1471
1617 1726
202 652 1108 1323
942 1209 1260
383 993 1180
353 1413
282 1454
750 896
848 1696
361 715 1131
699 1380 1746
509 726 1343 1516 1610
26 745 959 1082
703 1746
503 1673
82 920
333 933
260 433 1465
36 685 1225 1335
568 1258
464 643
917 1115 1173
1279 1360
97 1193 1206
6 1194 1264
89 1402 1426 1695
280 300
65 361 485 540
455 1551
1026 1152
106 277 1013 1731
243 293 332 430 655 1285
482 1349
576 857 1000 1619
293 518
73 78 977 1235 1679
954 1477
43 130 1567
108 1574
625 645 675 1347
142 970 1145
1057 1144 1196
919 1247 1757
59 162 281 952
451 904 1446 1547
258 806 874 1241 1713
683 933 947 1064 1470 1572
262 514 534 1011
419 791 1700
268 1022 1097
48 85 206
105 520 889
160 389 920 1175 1359
175 265 1217 1433
469 843 873 874
240 641 690
43 535 578 1182
735 1213
279 804 1057 1587
485 501
443 1002
542 612 1248 1667 1759
724 1722
445 1003
948 1606 1692 1758
843 1176 1256
54 543 689 777 860 1410
46 214
223 830 1016 1648
1168 1463
87 870
995 1298 1467
1027 1086 1602
375 1430 1694
135 726 1227
581 973 1562 1729
421 913 1626
22 1083 1202
693 1017 1203 1224
575 1093 1484
10 556
83 1042 1297
321 513
1473 1558
613 1082
1598 1612
20 1092
31 175 1122
519 1447 1577
101 786 1116
209 855 1182
447 1581
626 682 1726
419 1317
539 1041
324 819 1155 1633
882 1185 1381
660 1477 1611 1744
586 1213 1309 1583
642 1024 1418
51 406 434 794
706 1597
403 457 1050 1181 1347 1581
520 592 709 773
101 813 1466 1732
1164 1395 1422 1705 1740
277 911 1285
446 447 651 1309
39 268 412 485
415 918 964 1260 1450
319 599 603
609 781 1731
738 1244
883 1047 1435 1570 1717
31 412
583 1326
54 408 767 1485 1577
298 930 1159
26 619 1201
628 1122 1731
350 717 824
888 1489
82 1223
1369 1524
83 183 514
442 572 688 824 1115
219 1373 1670 1685
99 1576
70 368
488 670
498 519 647 707
161 383 796 1428
396 1011 1230
383 913 1360 1559
522 1335
350 1045
102 1092 1195 1333
119 1326
34 86 964 1497 1613
582 1153
141 1210
887 1106 1596
513 670 1232
798 1712
613 1390
1075 1299
24 497
919 1524
1000 1477
157 1434
29 226 1356
16 176 459 677 772 932
665 868 1560
233 273 884 1035 1608
551 695 931
26 225 865
760 952 1171 1670
18 375 939 1095 1550
412 1617
884 1544
1269 1638
407 1468
15 1493
137 259 859 1319
237 900
990 1485 1733
249 297 376 1366 1514
205 836 1155 1729
173 186 271 955
420 804
69 703 913 1380 1684
146 1382
889 1521
69 329 1088
133 188 762 1210 1493 1705
423 538 840
31 640
663 764 1521 1609 1612
188 480 547 1079 1300 1400
224 874
31 52 174
65 1242 1471
1484 1504
383 698 1338
709 950
249 562
221 234 675 1545
626 1578
174 400
165 499
213 1421
19 594 608 746 1016
259 1189 1572
786 1063 1481
1438 1757
1021 1327
502 1048 1641
288 652 923
21 254 446 598 730 1716
192 196 1446
283 1161 1593
329 1148 1246 1469 1702
719 1229
757 1412
559 1396
554 979 1197
828 1678 1754
606 1170
587 1235
158 386 489 613 638 829 1324 1741
93 791 1056 1139 1163 1532
308 514 616
850 910
1297 1692
619 1271
490 582 1235 1320 1413
213 245 936 1497
72 1272 1667
199 969 1282 1720
544 612
36 1239
413 578 1473
5 906
14 452 1254 1274 1551
1013 1538
453 642 1216 1720 1742
266 418 658 780 897
271 394 406
346 349 641 972 1216 1510 1615
1244 1393
424 596 1476
75 1558
146 435
691 828 1026 1120 1516
204 946
520 1605
234 394 928
1668 1736
211 344 849 953
4 283 1178 1310
1141 1579
170 677 704 1711
380 403 1459
185 566 1057
67 118 1653
137 1316
102 563
212 384 616
911 1262 1322
1373 1692 1753
1340 1625
435 489 977
249 786 1276 1517
218 267 1093 1520 1677
72 631 810
892 919
191 545 1463 1600
595 1530
273 325 517
332 572 901 1079
522 1054 1396
581 599 885
89 970
927 983 1343 1370
591 942 1603
1112 1645
79 145 495
668 968
140 1087
104 1048 1720
218 934
483 1293 1540
168 1199
105 320 1049 1740
1357 1438
995 1116 1702
588 641 673 785
795 1187 1429
88 89 1478
1016 1085 1250 1463
110 372 1071
108 1394 1576 1582
1039 1388 1402
105 713 728 864 1251 1438
522 1116
181 840 1138 1533
943 1484
152 691 1119 1174 1501
465 493 658 880 1329
171 333
591 1447
58 353
1278 1655
408 1100 1326
120 742 1262
855 1029 1130 1719
1239 1500
245 437 603
380 704 965
51 308 403
338 1715
117 1032
1185 1627
105 618 880 1526
129 1619
762 1499
110 385
1081 1655
226 1403
413 897 919 1691
194 964 1098 1623
258 770 1649
339 683 767 1624
887 1573 1678
816 902 1064 1257
637 1405 1731
293 342 477 1369
907 1673
72 607 836 1409 1642 1750
36 352 1471 1734
28 233 454 529
2 619 727 1150 1492
344 797 1533
477 949 1200
180 345 695 1636
337 542 1571
712 763
753 1222 1290
572 672
5 589 1759
650 1322 1355 1516
935 1522
65 650
629 1122
188 235 803
739 907 1710 1743
430 615 913
73 220 1612
720 818 898
12 849
133 976
54 1594
121 443 682
792 1329 1342
107 467 876 1449 1576
469 621 1122 1207 1478
135 732
193 401 1357
115 698
719 1118 1140 1740
48 1034
73 173 262
255 658 787 1594 1726
794 1285 1334 1643
906 1441 1644
924 1174 1219
1559 1729
569 703 1736
672 710
301 378 1093 1335
1415 1564 1757
16 825
54 233
709 944
1502 1700
197 583
76 217 455 764 1011 1326 1709
205 217 478 579
354 472 582 603 1016 1076 1209 1500
153 218 902 1481
361 705 810 910
174 961 1275
399 896 1725
211 1461 1573
772 1303 1495 1720
528 1593
371 475
126 419 1360
638 1029 1108 1375
1388 1568
1136 1396
197 1618 1756
108 703 725 1098 1361
1290 1423
677 1502
75 93 864 897 1129 1378 1656 1750
64 808 831 1421 1548
560 1011 1096
474 690 805
1588 1722
554 803 973 1484 1514
267 659 670 724
592 1224
75 94 332 1550
95 370 397 416 892 1018 1382
446 619 1635
584 1604
111 1266 1552
118 327
306 1492
14 93 373 525 677 1422 1523
1366 1376 1556
14 465 537 933
150 739 1249
1616 1665
639 1282 1304
83 1587
859 1058
646 1511
640 1118 1711
205 1099 1390 1420
588 780 1175 1263
395 1151
996 1503
1182 1246 1485 1702
751 806 1015
147 505
143 585 653 1176 1287
579 872 903 967
92 350 1031 1037
357 1622
41 227 535 537
59 149 1245
391 1123 1449
43 766 971
708 874
27 157 1035 1245
268 1711
577 595 770 1699
285 288 1145
123 233 280 1376 1711
75 808
379 490 886 940
859 868
116 516 605 1300
1212 1404
312 1569
583 763
180 1114 1268 1634
515 1079 1483
860 926 1679
147 257 280 1683
87 405
53 286 645 859 1427
286 895
368 561 1227 1385 1467
541 589
300 1427
570 572 685
143 1035
507 1377 1433
32 1093 1298 1428
96 104 348 788 1246
190 1523 1540 1662
89 356
310 626 916
66 712 959 1064 1706
113 651 805 982 1374 1435
97 279
579 1199
70 411 1490
352 470 507
427 1313
828 1051 1721
574 1617
564 807 1044
80 1274 1568
179 753 755
398 1366 1478
342 397 1154 1185
695 916 1096 1463
1075 1754
74 615 731 1106 1213
493 1496
331 360 1190
1258 1667
552 1618
225 452 651 1114 1124 1146
4 538
884 1520 1645
449 618 675
469 566 1212 1369
193 571 1667
1161 1330 1486
123 131 695 1413
281 1047
577 1589
413 1194 1229
687 1312
207 555 606 731 799 813 1191 1435
773 1397
572 1152 1664 1666
1120 1343
17 932 1727
792 1015
527 665 885 1085 1138
213 590
245 369 1181 1494 1642
6 98 513
120 388 485 666
131 543 562 1143 1269
1092 1187
47 375 856 1183
313 923 928 1099 1505
524 839
599 736 792 1447
885 1075 1375
87 1354 1557
214 633 1485
560 580 701
816 1036
463 723
393 1461
1312 1577
141 757
1451 1490
244 321 732 749 834 1065
690 1236 1670
856 1080 1539
312 1143 1344
93 1302
850 1275 1735
794 1045
470 560 1189
448 462 1631
839 988 1071 1344
406 476 834 1057
26 1751
259 308 1356
593 753 1292
73 400 1607
8 539
1666 1702
947 1445
1096 1401 1446 1449
211 258 1045 1241 1446
413 1730
391 1241
639 885 1594
429 1323
784 1480
446 1191
769 1389 1619
429 467 636 1047 1582 1608
220 298 370
1037 1404
155 637 1155 1472
1098 1592 1638
588 1388
88 659 963 1201 1510
1378 1736
515 850
415 1474
284 417
354 816 952 1061 1170 1381
371 429 973 1252
169 579 1695
491 618
636 1001
46 269 1070 1418 1737
563 1228
928 934 1416 1745
172 442 1659
171 1026
380 641 794 898
25 1652 1700
55 197 281 599 1192
513 740
72 1476
759 795
987 1113 1328
425 619 859
314 547 799 926 1265 1285
27 720 872 1751
355 885 1586
197 1275
154 216 1030 1438
21 92 1514
477 801
848 909 1001 1518
114 457 551
97 1043
229 769 1283
72 155
526 804 1116 1692
228 266
333 562 1488 1517 1639
40 1072 1419
803 1231 1403 1734
312 825 1336
540 576
17 76
240 1310
87 1445 1524
489 1441 1467 1503
347 644 1687
58 60 746 1140
108 338 1296
998 1176
306 354 937 1144 1168
96 966
358 590 788 958 1068 1224
387 583
136 434 948 1123 1234 1361
714 1267
302 361 450 687 983 985 1480
83 89 615 1191 1373
1154 1479
37 351 827
284 1210
531 718 1192
38 45 1033
757 783
877 950 1498
1704 1752
437 439 1103 1216 1592
1070 1645 1670
60 671
95 97 268 389 944 1258
54 392
1338 1604 1710
212 1391 1464
1014 1729
79 300 724 733 1185
546 574 747 1064 1699
563 940
841 1289 1331
141 627 715
212 335 1385
579 1746
58 526 1440
1547 1668
513 1023 1314 1458
417 889 1175
692 1106
79 654 1711
324 1098
70 594 769 933 992 1266 1344
33 129 342 691 1414 1570
495 968 1181 1425 1750
104 237 947 1321
123 489
101 1025
243 1127
957 1169 1749
713 733 741 859
275 280 578 761
414 599 1500
224 1063
107 469 1264 1745
357 462 622
19 1093 1470
197 1143
22 1005
395 1027
986 1092 1290
269 336 666 1036
537 1087 1305 1340 1593
314 414 507
224 1409
389 1444
617 979 1056 1440 1616
969 1037
1228 1231
90 425 1104 1289
732 855
90 1759
74 1349
167 1177 1215 1428
849 993
340 350 917 972
609 1673
578 867 1328
1030 1321 1437 1736
725 1536
491 662
161 1544
1035 1419
358 527 1427
927 1122 1408
769 1183
302 433 882
506 928 1198 1444
818 1735
67 1110 1557
749 1401
622 1069
997 1207
1022 1207 1244
93 131 208 1100 1691
46 1470
259 787
159 359 682 1067 1215
1405 1450 1597
92 1250
1412 1479
715 1027
124 1328
346 826 1591 1593
163 373 614 977 1423
387 970
1456 1715
275 1124 1586
723 1001 1718
20 1543
722 1281 1690
14 225 265 478 521 812 1095 1318
5 1040 1495
6 463 589 1507
39 59 570 1496
420 846 896 1259
478 700 763 1551 1737
329 1090 1416 1550
911 1183
987 1628
305 320 1262 1499 1604
37 48
148 213 804
806 1142
514 966
1123 1191
1155 1528
627 1698
1477 1479
935 1237
169 306 753 1263
777 1289
1317 1413 1536
340 794
166 635 1210 1374
186 799 1190
25 1050 1280
554 575 857 1397
302 569 828 1399
236 1317 1470
343 517 950
626 959 1056
55 248 874 919 942 1337
73 399
70 212 970
594 645 837 1542
466 1739
153 894 1037
138 199 504
699 1010 1562
666 1099
119 216
624 1518
209 360 1545
685 1116
1282 1437
50 515 1396
641 1654
66 921 1486 1661
927 988
490 772
442 526
523 1585
352 906
117 760
364 539 1393 1512
415 541 1464 1580
42 251 491 639
507 1494
326 555 616 648 1556
340 1622
379 417 989 1368
451 515 859 1332 1541
60 848 932 1276
19 64 770 792 1064 1323
429 599 1017 1091
6 1041 1093 1140 1504
425 639 1234 1402
542 1307
14 281 1048
208 901 1077 1132
557 566 1486
33 298 750 836
169 656 861 1070
378 611 1120
781 1100
492 693 854 1135
399 746 1376 1543
318 842 1153 1424 1473
24 1085
1325 1331 1405
14 122 305 797 851 1194 1418 1463
313 357
422 938 1375
145 781 918 1363 1555
807 1005 1419 1493
98 658 1133 1579
84 310 1095
1041 1273
503 1374
596 672 726
452 1441 1688
235 280 1629
542 613 821 1677
196 1069 1173
1156 1515
29 486 740 970 1213 1643
566 735 1021
249 391 408 1001
1419 1458
1273 1653
687 1171
920 1367
339 491 1086 1261
117 543 604
424 1612
672 1756
459 993 1357 1543 1660 1738
42 598 1314
314 581 1185 1345 1407
153 525 732 990 1163 1489
902 1479 1742
92 854 898 1300
1695 1758
58 1261 1471
726 876
490 548
150 335 681 1013
344 739 1069
714 735
761 855 1292 1375 1606
137 360
1400 1582
534 781
271 528 1636
789 1628
51 491 1225 1402
129 659 850 930 1248 1268
835 1268 1691
245 934 1154
640 1178 1362 1383 1572
806 1190 1234
175 629
314 1276 1322
1055 1368
856 946
483 607 1204 1319 1476
233 519
17 1034
595 1008
69 769 1122
470 622
935 1078 1382 1546
636 1099 1149 1440
566 691 1248
206 488 763
54 642 837 1607
346 524
53 1417 1630
166 1105 1487 1663 1667
564 840 1317
392 943 1528 1632
555 1445
526 689 735
365 1005 1228 1439
369 388 579 1123 1535
368 408 904 1024 1606 1613
1043 1485 1617 1725
1050 1069 1148 1752
1 623 1646
364 718 1291 1543
202 1172
359 1114 1223
558 710 1547
340 733 862 1564
918 1184
41 603 685 1156 1449 1669
1226 1502 1638
215 776 979
161 483 523 670 1423
36 646 979
395 829 926 1351
15 1660
102 297 996 1001 1030 1428 1543
1070 1278
637 1241
508 666 1555
1039 1250
48 276
1233 1628
784 1300
827 892
61 325 520 1010 1335
1145 1201 1502
382 454
181 1078
452 1250 1372
285 338 560 826
508 639 657 852
294 547 1188
140 714
829 1641
297 471
588 1555
906 1194
291 872 1105 1162 1392
712 906
585 849
2 1677
142 316 1594
98 204
30 826 1265
217 730 1279
137 150
321 1255 1292 1684
1159 1744
1231 1439
1043 1749
32 410 969 1414 1686
101 135 575 1745
181 1718
433 487 1313 1401
173 1491
32 986 1396 1471
347 646 1150 1493
620 774 932
59 1145 1738
374 1463 1727
32 1052 1192
240 1010
24 654 994 1601
271 1147
455 1537 1654
670 1160 1684
707 897 1137
327 615
1370 1576
188 226 275 1153 1334 1657
25 361 624
121 508
687 1104 1399 1422
306 594 783 843 1153
365 948 1667
445 567 1034 1232
517 1308 1527
684 1691
415 594 1082
248 992
352 436 888
125 202 450 475 1099
779 1685
291 651 990 1171 1617 1636
372 790
196 1029
1147 1437
301 1732
510 605 1368 1385 1617
760 1253
500 649 743
258 1729
280 512
125 333
301 599 1684
274 1433
226 397 895 1327
6 353 755 1199
131 457 1273 1339
300 402 508 1195 1476
345 936 1740
281 727
125 159 412 519
329 1163 1245 1525
491 522 608 685
214 1527
96 1440
973 1256
369 1305 1358 1642 1748
249 1642
252 774 1433 1550
68 529
398 696
131 250 375 476 483 938
236 1441 1720
181 318 965
725 1134
955 1276
675 875
454 1086 1268
300 439 1192 1625
444 765 794 1120 1602
857 1604
576 1497
641 923
578 1383 1546 1662
776 1007 1056 1589 1706
412 493 1321
117 275 508 910 990
252 401
718 769 1224
468 1532 1595
1059 1120 1229
259 378
123 483 867 1643
10 594 1344 1368
171 1404
264 1392 1489
841 1146
402 1383
801 1282
409 775 1310 1589
214 1278 1646
399 1139
251 296
71 1013 1277 1481
552 597 689 1248 1380
310 524 892 1683
271 704
89 790 1383
150 880 1599
916 988 1548
397 1044
652 1751
1176 1190
454 517 682 1495
1183 1425
687 1170 1703
451 927 1100 1749
849 1196
95 212 1062 1691
394 464 850 915
599 1559
36 296 668 1370 1662
753 1091 1444
222 1127 1156 1176
238 261 1079
154 1118 1747
962 994
584 818 1603
98 1262
308 714 962 1115 1678
48 474 693 1177 1372 1400
127 1346
190 645
217 748 1169 1388
256 578 987 1726
694 1401
201 1366 1471
1017 1332 1429
1192 1242 1281 1497
57 671 938 1750
30 804 1132
305 908 1212 1459
166 461
290 1212
608 883 1373
1301 1352
133 195 648
840 1019 1661
539 1595 1759
688 1085 1089 1505
387 496 497 829 1273 1370
112 543 796
38 795 1060
314 462 724
917 1329 1340
364 919 1310
64 265 1660
94 1124 1678
79 523 1700
40 88 911
1070 1604
207 659
105 1446
1027 1229
103 312 1180 1569
53 303 1360
37 118 959 967 1146
1365 1697
869 1286
215 534 620 1012 1029 1604 1623 1715
85 1038 1147 1562
148 266 603 740 1506
1133 1242
581 1332 1744
629 1388
360 657 776 1683
252 1695
922 1425 1627 1628
747 1739 1749
122 235 731 999 1738
290 709
201 768 937
1295 1745
298 917
1000 1033
795 1747
67 192
807 1554
1169 1624
650 1451
139 1369
795 934
125 616 1747
137 574
262 1674
240 520 586 1164
738 868 1675 1682
88 1111
328 723
714 1367
61 646 825
216 260 620
336 593
684 1753
1044 1564 1614 1648 1759
385 465 491 641
374 428 834 1432 1751
319 975
543 783 1387
155 424 977
10 324 1407
392 1615
353 360 395 1205 1486
367 932 1313
477 550 1021 1088 1285
423 661
949 1202 1344
366 508 1101
13 730 1503
750 1601
3 374 1374
379 1458
905 1246 1604
147 378 1105
136 869 945 1525
602 670 828 1232
40 679 713
573 799
23 887
15 105
634 685
83 757 773 849 1119
762 948 996 1160 1207 1473 1726
196 229 888 1424
203 1160 1583 1730
47 352 1050
465 705 1437 1507 1605
1585 1725
620 1597
17 1489 1625
485 695 1417
286 802
471 585 802 1412 1616 1676
720 925 1124 1197
424 697 1002 1375
119 496 497
28 342
63 1008 1152
98 619 819 980
252 689
17 375
98 397 740
121 301 934 1001 1645
106 300 420 615 975
359 1068
176 881
383 1335
1094 1155
1207 1517
277 423 641 773
132 639 640 1065
1599 1618
1462 1536
936 1250 1297
463 508 1750
340 709 1236 1429 1495
701 1537 1755
183 992 1050 1355
692 1042 1131 1212
1075 1245 1247 1700
143 342 1609
447 638
106 648
318 488 724
192 1391 1452
138 305 734 1338
1044 1074 1437
1027 1148
507 715
37 1188 1441 1460
116 1116
53 361 1072 1197
209 873
646 1327 1719
118 224 885
1099 1646
1411 1724
741 1505
618 725 1590
1454 1569
810 976 1235 1593
429 1270 1607 1653
616 1340
178 969 1690
601 725 1098 1138
143 458 877
698 1269
979 1245 1520
713 841 1328
679 1616
877 1509
430 547 1023 1116 1185 1349
1601 1649
500 1113 1403
256 396 1214
4 471 1042 1182
78 429 553 934
345 402 846
71 203 209 938 1180 1181
11 244 489 1147
512 1109 1597
663 727
593 898 1175 1450
454 1668 1678
290 321 905 1002 1498
470 1316 1523
486 772
555 967
740 1305 1499
350 1721
148 268
218 455 906 1255 1299 1597 1624
498 1366
234 698
311 854 1071 1121
1196 1551
284 855 884 1092 1693
381 926 1603
68 150 182 384 709
359 698
1002 1045 1643
6 180 292 318 495 624 629 1538
1096 1438
537 1440
437 1035
168 382
390 671 785 1480 1604
267 365
62 333 1497
755 1082 1598
698 1354 1670
176 1334
2 802 1073 1552
787 1386 1440 1594
82 869
553 642
79 454 909
836 1305
856 959 1326
281 471 1005 1133 1177 1322
337 357 613 1670
388 559 898 1099 1115 1129 1361
180 503 1010 1523 1564 1601 1666
167 315 668 937
132 351 675 1171
606 700
741 1617
1164 1209
558 867 1688
63 450 528 1291
719 1380
946 1372
496 533 614 732 806 1065 1546
446 592 610 718 1676
490 1190 1277
645 1360
358 1468
1438 1717
854 938 1547
910 1685
501 1316 1647
720 1130 1154 1730
516 798 1591 1645 1674
1053 1393 1698
188 807 1082 1467
34 802 1466
132 711
256 288 290 1222 1749
643 936 1092
199 860 1290
456 875 982 1262 1619
111 1410
169 342 391 795 1093 1504
236 991 1607
492 1591 1692
112 1174
95 762
274 1011 1452
93 253 531 772 776 1281
146 197 318 982 1363 1397
153 644
92 392 705 968 1050 1187
620 1392
1397 1628
337 443
1252 1611
1247 1578
629 1668 1759
99 323
215 356
3 802 1167
600 761
260 1213 1718
274 871 982
276 534 1248 1334
1188 1371
171 890 1508
440 532 634 946
193 1215
444 1259
1 120 175 624 1108 1601
427 847 904 927
863 942 965
226 1382
939 1087
497 729 1310 1327 1510
173 732 1101
133 1390
87 392 1599
232 482 1096 1105 1735
291 1647
354 683 1533 1736
9 955 1057 1079
633 814 1115
135 450 625 932 1489
150 1065 1272
704 1576
655 1583
572 1018 1028 1194
162 370 413 1377 1499
427 437 1251
218 429 1273 1725
1175 1331 1451 1681
5 1517
347 1062 1381
1358 1553 1650
297 1695
712 1151
104 1002 1677
62 1607
15 453
177 259 1541
579 1190 1688
465 640 1507 1662
525 644 781
482 1141 1422
8 356 482 1420
925 956
680 1573
168 762 805 1351 1467 1609
1416 1569
5 735
162 628 1159
916 1343 1532
967 1437
226 910 1259
1181 1649
153 351 675 1273
28 733 1678
276 1527
75 552 751 1148 1686
66 1670
464 752 1508
450 554 1160
36 1745
926 985 1484
11 571 978
258 1444 1686
117 557 704 772 1187
612 835 970 1453
157 360
1175 1187
569 1603
131 218 435 985 1103 1565 1566
155 515 640 695 1651
498 1232 1302 1593
1245 1280 1641
787 1653
60 792 1180 1578
147 1201
362 1156 1451
761 1155
100 719 1199
891 1183
556 1279
147 353 563
75 231 263 265 1405
60 1538
199 530
153 606 859 920 1727
254 1278 1377 1500
261 1757
399 750
680 786 1507
209 657 998 1635
644 807 1485
121 333 1097 1198
27 784 1070 1294
64 361 1247
64 316 627 1556
1580 1706
2 157 644 1452 1477 1479
21 51 878 1484
565 1217 1569
537 580 1342
1047 1701 1751
451 744
326 1030 1503 1575 1715
68 219 670 927
930 1415
101 890 1704
584 715 1277 1437
215 723 1221
524 994
874 1365 1440
335 926
482 721 1472 1560
39 455 1297 1594 1703 1707
453 827 1393
143 1205 1624
378 1170 1223
969 1580
162 1275 1333
564 598 861 1291 1311 1458
182 813 922 1313
67 320 688 1576
316 359 839 1118 1144 1614 1675
188 846 996 1125
172 1381 1570
116 241 1197 1705
139 916 1104
52 1151
4 176 226 1195
338 1202
710 981 1268
911 1628
171 1018 1328 1366
31 620 892
173 846 1370 1376 1619 1620
423 1207 1458
335 1524
1450 1502
618 840 1536
188 902 1370 1635
297 614 1609
228 461 695 859
36 369 1158
950 1642
1464 1623 1724
313 611 894
252 915
587 724 1750
707 769
37 416 776 1407
122 474 1259
58 239 624 1435
152 842 906 1297
258 830
402 494 686
532 1333
344 761 1101
160 367 541 906
160 1600
852 1107 1171 1183 1324
385 1256
268 589 1365
428 588
262 783 1678 1680
302 1130
307 1062
747 1718
294 363 504
645 1572
487 1295 1694
394 804 1382
211 692 702 1049 1085
1402 1520
777 1108 1250
114 503 965 1561
211 309 1141
490 1003
345 938
222 651
1204 1397
932 970 1079
148 239 443
520 656
277 640 1366
249 889 1008
1043 1174
52 1420 1685
121 334 1224 1399
1039 1633
296 501
504 1641
319 465 1612
46 70 94 408 1662 1716
664 896
569 1003
75 281 1228 1267
457 772 992
1114 1190 1608
277 398 460 686 1703
394 729 987 1071
193 784 1247 1381
1385 1685
221 418 583 854
332 482 896 1090 1388 1710
287 473 672 1660
341 542 828 1133
513 1082
69 284 1188 1249 1387
155 773 1653
505 1646
28 1074
762 1557
1394 1405 1461
694 1661
1110 1527 1615
500 610 660 795 869
279 946 1228
83 205 1247 1332
927 1338 1372
158 1669
1176 1543 1671
316 563
1121 1143 1152
390 1122 1734
1171 1731 1738
119 843 920
524 631 907
1114 1181 1272
330 1363
406 1370
216 611 941 1388
154 1156
492 1010
44 916 1022 1030
1005 1381
146 276 425 840 1636
370 1474
181 1220
522 1355 1402 1486
701 874 965 1723
167 1157 1714
328 986
458 1051
445 776 1639
688 1055 1559
21 277 501 1537 1617
659 1222
540 712
766 786 986 1194
724 1740
239 435 1224 1754
485 644 1006
2 220 544 1287
684 1529 1591
31 823 880 1529
180 1131 1583
17 1420
583 910 1048
152 270 378 390 672 1553
1579 1581
1475 1705
1000 1421 1495 1572
250 1309
1502 1504 1735
276 460
167 470
259 681
715 1089 1111 1261
720 815 904 1076 1288 1321
279 352 1523
87 336 503 647 1757
137 931
865 876 885
1113 1456 1569
750 1150
764 1216
137 1037
236 874 946 1607
177 1106 1150 1321
732 1255 1496
766 1266
1147 1273 1378
826 1057 1060 1155 1447
938 1202
343 369 1730
311 569
1441 1537 1541
1598 1672
475 802 1126
162 900 974 1125
2 268 678 1108 1700
288 585 873
85 726 1226
615 997
1165 1363
1238 1420 1519
91 1383
651 1209 1382
128 158 477 1330
474 623
1127 1513
156 559 764 1087 1372 1654
301 1183 1191 1710 1760
427 1176 1228
625 1651
535 1420 1520 1581 1655
65 111 617 963 1254
30 752 1014
781 1539
320 675 1123 1565
166 1756
522 723 733 1072
511 683 831 1125
1130 1258 1488
626 1240
1105 1145 1587
201 604
309 709 757 1113 1255 1517
242 1548 1724
1497 1601
477 1118
1087 1190 1413
665 1327 1450
1272 1504
849 997
79 1685
69 146 807 1454 1619
92 424 444
225 249 1255
104 729 1009 1387
134 148 858 1056 1647
136 1153
97 172 1410
280 988 1406
120 430 812 1536
311 879 969 993
497 1243
157 750
949 1330 1589
730 1347 1441 1543
470 1074 1155 1360
803 1727
167 345
1241 1247 1542
738 1195 1305 1523 1673
204 1661 1682
450 1037
300 598 643 740
514 1019
374 728 1048 1681
1029 1213 1311
357 615 1100 1581
395 1037 1430 1738
1174 1405 1421 1752
542 1287
544 920
366 1466
559 1056 1327
18 1436
335 764 920
83 218 1248
1002 1251
279 794 992 1196 1407 1491 1530
289 709 1408
128 510 1411
355 1625
1407 1614
196 1635 1708
939 1081
812 974 1178
330 375 819 1267 1582
67 377
1305 1328 1546
805 1007
224 487 1055
275 329 855 1661
200 427 616 1553
131 145
869 1007 1515
269 378 442 1313
2 628 1390 1414
1327 1474
116 936 1439
584 926 1422 1680
969 1549
719 1642
509 523 935
379 1470 1700 1726
293 1580 1740
253 427 783
220 271 816
571 1029 1275
70 628
69 577 677 959
39 235
1418 1541
276 575 860
419 746 810
546 1013 1108 1196 1235 1449 1728
357 542 1104
339 944
1011 1047
582 1362
948 1226
897 1262 1413 1417 1753
1525 1700
231 371 940 1383
165 696 1589
399 903
894 959
455 707 1331
101 649 908 1105
44 138 1552
261 316
472 787
143 273 850 1537 1636
309 373 1153
68 379 993
734 1720
181 410 961 1033
81 668 1109 1583
183 266 541 1116
164 871
168 1486
296 1180 1406
380 586 1298
70 799 930
196 333 510 624 1380
419 614 968 1200
120 1478
705 1070 1263 1430
979 1180
8 62 826 1089
98 1168 1426 1433
621 811 1432
1176 1362 1511 1638
1417 1477 1494
230 605 898 1273
33 100 890
816 1177
46 357 677
493 1277 1508 1706
400 531 544
46 64 377 1086 1677
397 581
3 1315
286 370 570 1358
505 1673
1322 1379
267 1348
365 890
815 1217 1560
735 1568
609 756
912 1517
132 1504
380 900 923 936 1101
272 407 435 1271
151 770
537 817 1638
206 1391
337 652 834
885 967 1039 1446
358 756 806 1293
1484 1510
566 760 1668
431 1531
607 616 1102
545 1356
683 897
14 707 799 1025 1373 1544
1221 1669 1685
638 1600
911 1410
58 1743
544 602 1473
97 937 1284
67 843 1438
19 922 1130 1289
457 463 1322
1698 1737
325 1070
673 761 1021 1566
345 1080 1755
503 910
304 739
152 399
825 1149 1197
180 1151
147 160 587
833 1332 1603 1625 1724
3 582 846
572 1569
374 1728
392 1120 1147 1624 1755
280 1181
169 488 815 930
5 389 1254 1466
54 184 1500
537 743 1009 1031
876 1143
583 1159 1406
172 1238
636 1276
825 946 1247 1496
143 884 1419 1452
584 1207 1286 1500
342 500 1218 1294 1623
756 1752
526 1364 1515
521 967 1354
1044 1582
247 1520
1010 1533
532 950
829 1568 1757
285 577 898 1605 1741
662 806 1002
132 361 807 1684
196 798 1711
476 1079 1125
687 848 1408 1679
928 1119
425 575
1188 1420
863 1727
261 383 1317 1335 1498
741 930 994 1395
743 1202
895 1041 1727 1738
198 404 694 927 1393 1737
183 1316
173 1737
94 187 448 701 708 1721
10 495 545 1084
978 1257 1540
136 149 368 977 1631
541 561 605 1237 1435
45 663 1109 1418 1638
119 181 525
129 450 522 670 783 984 1198
195 1449
344 870 1077 1668
314 415
983 1619
1196 1352
10 1705
206 1274
182 628 758
444 512
101 760 1583 1723
669 929 1516
97 1093 1648
1316 1350
175 739 1282
56 1261
61 753 995 1305 1449
166 1742
180 464 1147 1199 1324
724 949
532 850 1444
529 1186 1196 1407
66 458 1383
884 1704
200 526 546
596 1144
488 737 1179
214 1582
158 625 737 1291
239 892
68 1033
141 1049 1579 1665
246 485 1353 1653
988 1011 1700
230 683 1466
1095 1231 1262
557 845 1397
137 196 259 1713
215 371 793
202 464 535 747 1572
926 1497 1542 1618
293 596 696 848 1177
551 712
1195 1196
314 408 1031
663 1148
1245 1248 1276
648 1377
186 395 576 1231 1326
497 499
63 845
120 1691
72 253 474 576 622 1077 1419
106 442 1650
436 867 1479
388 1232
1039 1343
15 292 320 1360 1614
646 1056 1271 1725 1755
586 630 1018
529 1399 1507 1593
208 1705
1105 1702
448 1597
663 1160 1692
694 1374
691 858 1107 1140 1507
478 1644
432 866 912
986 1407 1450
720 1324
522 1241
846 1373
241 1160 1212 1329
1209 1317
1247 1645 1704
86 1412
532 825
1265 1448 1597
398 651
35 472 1115 1163 1489
818 1389
854 1151 1281 1673
417 1497
953 1117
625 1710
262 1175 1707
128 1608 1751
540 866
1105 1332 1653
101 507 1089
551 701
504 671 944
782 936 1090
397 429 818
810 1744
1314 1576
463 1637
625 1328 1419 1514 1608
464 1757
58 558 1192
1380 1619
193 345
230 1019
760 1064
1466 1467
1139 1217
260 1356 1411
1362 1605
210 1279 1523 1615 1629
18 462
94 1152
28 1369
65 387 588 1425 1590
921 1151
312 797 1551
136 169 1109 1113 1377
1354 1394
205 486 1563
359 715 1437
1177 1228
902 950 1330 1389
373 1173
720 1425
947 1014 1289
829 853
323 1022 1348
614 810 1229
819 1362 1402
99 1039 1191
113 1435
1089 1675 1734
228 240 1648
640 1461
643 1018 1118
120 144 212
688 1278 1519
450 458 838
201 310 455
838 935 1475
461 1151 1259 1435
767 832
199 569 1418 1476 1627
344 387 563 749 953 1193
332 802
310 607 790
454 763 1395
293 459 693 769
245 1202
737 1573
618 1280 1415
923 944 1272
18 799 1544
186 1708
184 585 1704
25 258 341
469 818 948 1635
678 764 1606
932 1159
576 857 1117
839 936 1063 1159 1180 1202 1210 1300 1391
406 534 1043
290 1130 1495
778 965
488 771 1209
65 1738
322 636 982
604 928
