2661 3897
1089 1570 2018 2133
255 1950 2422
731 836 1431
1059 1550
1128 2509
1341 2022
1229 1723
235 272 462 1011
1032 1071 1275
309 1742
133 1159 2257 2532
692 1606
912 1755
969 1622
108 464 553 1929
432 1210 2495
646 773 2507
936 1169 1557 1594 1631 2346
844 2308
1456 1691
1050 1251 1413 2061 2152
788 1814
427 1736
44 2163 2549
794 2352
113 1342
391 536 905 1199
178 990 1111 2114 2449
1666 1751
500 575
2090 2509
1209 1826 1909 2507
230 335 408 1114
1527 1543 1626 2159 2368
140 903 1380
1725 2140
2068 2398
101 1026 1205 1324 1349 1653
1580 2192 2288
1432 2557
514 2195 2273
1273 1779
904 1157
299 398 482
389 596 708 737 1940
298 734 838 1848
835 2152
524 1628 2625
829 1224 2361
798 2018
421 976 2207
768 1651
531 601
1007 1720
1140 2558
279 835
353 1468
947 1362 2506 2639
395 960 1408
17 1158 1879
206 1404 1842
305 575 672
986 1388 2560 2588
874 2536
76 288 555 566
332 978 1413
342 505 1263 1381
2073 2400
634 804 1849
393 774 1537 2349
313 1477
1468 1855
926 1469 1796 2000 2303
608 2194 2366
83 694 2423
162 344 949 2600
2013 2523
1665 1701 2262 2444
343 563 585 761 1072 1860
409 693 926 1761
989 1608 1613 1999
167 702 1058 1494
715 810 1225
660 1206
854 1242 1849
981 1227 1497 2149
354 523 1979 2375
161 587 967 1440 2195
1411 1558 1682
307 775 1242 1253 1333
277 555
424 694
795 883 2501
892 1374 1706
627 1144 2582
405 694 1036 1925 2296
991 2052
1084 1850 2114
981 1301 2282
33 1234 1672 1940
120 421 950 1073 2043
1842 2029 2510
223 1131
421 2102 2132
403 1100 1143 1337 1397 1626 2421
729 2450
1585 2653
906 1794
420 1888 2002
1276 2236 2477
304 755 1674 2142
1881 2420
142 922 1422 2170 2296
1084 1147
2474 2644
207 2218
167 536 1217 1925
735 1138 1620
1808 2086
675 1081 2366 2487 2591
415 2551
844 1758 2317
290 2253 2420 2496 2584
659 2186 2459
25 1682
368 448 837 848 2188
1085 2055 2328
934 1379
231 1012 1644 1768 2181 2218
795 933
1088 1626
1535 2389
1283 1671
372 2369
1308 2220
555 1118 1343 1776
1949 2197 2442
324 411 2078 2421
1485 2404
197 926 1143 1664
487 1171 1210 1286
236 1534
1004 2643 2660
197 2310
57 1165 2224
104 391 470 1703
837 1345 1904
1142 1744 2175
939 1058 1169
1055 1866 1925 2080
36 98 580 1525
640 2365
1113 2190 2355
1011 2106 2559
78 750
30 809 1398
313 649 1009
777 1502 2252
794 2256
155 406 836 1067 1613 2607 2628
2 252 1301 1337
73 1100 1263 2233
614 1952
495 978 2478
2041 2516
497 618
550 666
634 961 2573 2642
1628 2040 2625
945 989
478 1111 1213 1580 1850
1087 2085
1369 1475 2252
35 858 2554
1034 1308
44 437 2510
1929 2530
533 1038 2310
1250 1589 2560
678 876 2434
111 1152
478 1159
526 1282 1471 2009
38 2145
137 215
144 1967 2656
1528 1793
108 228
1534 2576
536 1825
8 990 2251
50 254 1261 1734
2374 2508
1515 1786 1989
576 2526
1012 1654 1762
8 211 1703 1773 2009 2313
605 1967 2649
2007 2495
431 937 1109
1509 1994 2608
355 1350
257 417 952 1735
703 879 2102 2103 2386
1420 1883
964 1103 2409
314 2224
2124 2508
800 905 1230 1427 1574 2000
652 667 808 2561
1543 2000
232 884 1144
1909 1923 2248
753 1162 1729
524 2629
451 1036
435 2286
225 1140
287 811 1883 2053
87 1020 1427 1840
1300 2099 2652
1081 2191
626 777
1040 1995
629 1165 2576
61 281 1873
239 428 1205
1573 2370
83 2005
413 517 1071 1639
385 644 1814
561 952 1032 2650
241 749
263 2050
981 1080 2181
608 1779
164 317
29 595 642
1915 2531
2201 2473
2042 2641
1701 1859
2524 2558
429 1296 2271
491 1128
1236 1834 2010 2224
19 140 343
197 821 971
1408 1630 1772 2623 2643
156 862 923 2061 2557
1146 1279 1672 2177
456 1766 1948 2052 2479
1801 2417
357 1728 2092 2659
331 403
18 2572 2641
615 1855
420 2594
1379 2060
1464 1973
2043 2369
1118 2348
293 2254
567 904 1004 1256 2527
256 2439
20 1719
250 496 585
401 532 2604
1306 1784 2546 2599
1168 2393
280 1311 2637
368 990 1093 1326 1329
857 1756 2377
1202 1597 2059
51 1209 1827
121 442 491 945 1341 1576
519 666 958 2178
597 2291 2401
284 386
866 2496
2003 2231 2504
1234 1404 1441 2421 2591
482 911 1325 1687
648 2121 2534
28 2042
240 2004
972 1029 1312
766 1616
235 1143
1028 1646 2590
545 2108
539 1888
1884 2518
1193 1284 1523 1560 1774
970 1387 1454 1690 2577
1143 2431
263 652 1911 2288
279 2633
225 1066 1538 1643 2012
668 892 926
829 2262
404 1155 1462
1199 2374
1888 2230
809 2464
107 552 2558
1230 2512
438 646 1055 1180
292 2231
512 1205 2240
837 858 2178
28 2086 2524
469 731 1288
418 1298 1816
620 2230
5 56
851 1624
680 1891
708 2035 2047
1501 2155 2260 2378 2502
235 1324
1170 2651
62 1186 1574
768 957 2202
406 1002 1034 1066 1905 2421 2505
623 1138
527 1363
417 2043 2561
331 1274
623 1239 1795 2338
1308 1330
2118 2355 2650
578 1402 2230
1711 2505
691 2133
196 1850
359 399 598 679 841 1128
611 1591 1699 1924 2024
576 1295
624 1810
1566 1668 2079
1052 1390
1567 2642 2658
1174 2310
991 2360
982 2634
460 1761
21 1274 1463 2223 2284 2412
1270 2436
556 757 873 1573 1884 1914
28 515 562
568 669 844 1022
580 2293
633 1149 1321 2475
759 1294 1862
222 274 1172 1354 1907 2340
828 2208
1418 1732 1736 2444
1000 2082 2124 2539
1271 2642
217 993 1049
1241 2149 2182
1673 1746 2100 2553
1861 2452
66 268 845 2543
337 830 1403 2450
283 2594
1166 1426
1744 2068 2614
1654 2275
316 2633
569 1855
254 493 1135 2211 2380
379 1690 1786 1909
347 2243
947 1129 1206 2079 2655
712 923 2641
213 745 1502
1359 1734 2407
1063 1479 1931 2253
429 1808 2432
475 628
740 1150
799 2413
274 1109
1090 1298 1916 1963
1980 2580
1040 1122 1295
58 1350 1502 1557 2296
910 2326
103 616 1040 1764
368 512 1589 2015
350 719 2086
2182 2440
149 1082 2341
866 1011
596 2119
1205 1806
15 1574 2004
490 1917 1983
644 694 2147
1346 1501 1511 1794 2253 2309
454 940 2551
62 237
202 534 1058 1141 1507
593 2607
985 1987
1415 1529 1922 2101
43 1014 1223
1020 1179 1417 1433 1626 1758 2060 2518
749 2270
927 1567
577 1675
1764 2148 2337
42 835 1457
44 430 1126 1936
257 605 1070 1772 2520
917 1539
1771 2002 2145
2231 2491
561 2565
1672 1896
181 591 1570
803 1678 1697
644 754 1389 2105 2478
151 1977
248 995 1422 2406
1618 1664
1923 2405
1567 1708 2195
411 1911
199 2138
27 186 948 2328
87 765 1278 1732
459 2380
723 1456
828 1016 1169 1282
366 799 1389 1975
1030 1699 2292
736 802 1152
732 798 2196
707 989 1742
196 1188 1647 1667 2140
1190 1744
533 548
147 249 1761 2011
441 962 2400 2518
70 220
283 1153 2022
177 1108 1237
245 462 2222
116 862
272 312 322
244 245 2454
114 834 1393
623 1399
64 1036 2506
290 698 1164
31 1460 1793 1954 2146
1118 2027
290 364 2426
261 1534
887 2661
40 1237
515 670 2205 2617
599 643 695
1369 1566 1643
225 616 847 910 1104 1121 1413
1180 1196
292 1942
1579 2179
502 2450 2631
1195 2384
442 1699
1217 2609
1088 1159 1445 2172 2656
1168 2479
902 1355
1203 2633
137 170 531 987 1394 1965
781 2576
786 2547
540 1410 1744 1904 1912
239 515 930 1348 1640 1983 2574
636 2161
1601 1958
867 1136 2554
200 890 897
2314 2551
1832 2222 2406
2232 2456
314 916 1194 1476 1597 1598 1996 2109 2230
48 157 571 2482
487 1815
495 749 2239
56 740 2596
1739 1767 1785
112 1003 1757 2525
1542 2295 2517 2581
918 1577
1417 1834
415 1350 1388
1029 1538 2623
89 1675 1769
570 1881 2286 2476
368 488
1541 1835
1010 2042
801 1470 1708
2146 2483
3 665 809 1899 2308
1210 1863 2120 2146
820 1655
1120 1868 2227 2650
1150 2397
767 1021 1052 1281 1469 1566
1374 1719 2553
1140 2496
1002 1952
95 116 598 1223 1298
278 373 1173 1739
1173 2629
1083 1469 2571
503 2045 2143
347 660 1079 1596 2043
478 595 1401 1608 2478
1612 2540 2552
64 1779 1966
225 546 1427 2532
2209 2326 2365
1 194 268 671 1028
428 1344 1873
1231 2467
650 979
527 566 1124
22 1468 2350
709 1822
7 12 2146
603 2077 2209
1652 2295
489 2049
501 912 948
351 1428 1497 1953 2643
1068 1829
767 879 2133 2429
976 2230
26 230
482 1450
348 750 1255
379 2575 2640
958 2503
557 2631
872 1279 1950 1961
203 1161 1860
164 985
854 1935
861 1528 2210 2412 2619
306 393
70 469 1784 2059
5 1421
1084 1267 2312 2607
153 687 857 2332
1577 2265
249 492 1267 2374
1245 1633 1831
19 415 1176
849 1647
198 866
828 872 1289 1499 1674
421 1166 1296 1905 2564
659 1230 1506 1632 1670
215 1661
70 1536 2649
934 1353 2101
925 1568 1643 2253
1070 1154 2177
662 1380 1556 2130 2377
186 1409 2068
65 806 1911
1915 2456
609 690 1065
307 2481
9 417 438
631 961 974
259 710 1179 1184
1297 1863
646 1996
1050 1217 1291
237 2336
212 710 805
425 1512
501 653 1075 1679
1050 1753 2548
511 695 1825
354 446 817 1262 1541 1970 2537
760 774 1479
284 2623
1261 1364 2409
1400 1883
166 1953 2428
829 1604 1609 2001
1191 1802 1937
175 883 2001
1064 1503
151 195 363 2090 2112
568 1243
1196 1799
942 1224 1486 1519
1004 1069 1496 2038 2331
97 368 557 960 2444
274 538 1622
2018 2484
1025 1146 1214 1457
837 2063 2264
1399 2005
1166 1558 1685 2447
60 587 2107 2423
967 1071 1406
1210 1711
267 986 1820
162 236 1657 1952 2351
1287 1416
411 1404 2583
181 2388 2435
82 1713
711 1000 1922
873 2054
2453 2557
452 700 2189
27 726 728 1908 2018
37 576 823 1013 1942 2087
876 1426
1319 1450
559 603 2424
607 1386
219 2184
1149 1488 2338
328 2072
696 985
85 2025
289 756
819 863 1635
1421 1726
38 536 1510
578 1344 1505 2424 2548
898 1450
1187 1309 2565
310 1694
902 955 1612 2322
1391 1472
1270 1304 1453 2430
251 1284
85 679 858 1669
800 1298
1667 2052 2262 2596
1125 1706
1941 2323
361 510 2471
250 429 1736 1797
1905 2470
1815 2481
168 832 1259 1875
203 1298
1591 1822
46 548 988 1046
821 1843
196 1330 1466
430 530
455 1415 2422
1029 1604
223 304 644 1678 1760 1813
81 989 2141
280 362 909 1057 1325 1624 2373
1547 1578
1237 2481
333 443 614 1564 2100
189 935 1147
477 538 1828 1942
322 1325 1572 2157
2110 2612
1053 1652
36 425 1109
326 1252 1511 1711
257 2250
579 1467 1514
419 870 1060 1113 2120
53 507 555 606 2218
1767 2321
237 510 1682 2066
1717 1824 1826
1043 1883 2227
1913 2598
236 1521
265 1187 1262 1787 2109
689 1472 2383
567 605 798 1240 2214
13 656 1580
417 1725 1750 1881
459 684 694 1640 1744 2266
906 1223 2347
17 165 1851
103 1308 1734
229 591 1260
221 475 1207 2014 2185 2235
423 1365 2596
1394 2538 2605
880 1533 2071
1 627 636 1141 1970
1385 1539 1646 2082
1501 1733 2561
1801 1910
2341 2658
607 1275 2411
544 1839
2148 2389
424 1171
2402 2525
723 932 1409 1859
1654 1942 2177 2361 2523
129 156 218
123 196
515 783 1327 1541
1142 1846
95 744 1375 1499
1241 1337
224 1606 1956
107 1624
2106 2363 2617
553 2259
619 772 1854 2296
190 1840 2526
437 1535 2202
1122 1297
499 1436 1750
2377 2454
380 891 2627
430 493
2021 2208 2645
1531 2088 2561 2659
1008 1031 1046 1702 1741
78 469 623 1266 2160 2643
863 1572
1297 1795 2590
911 1380 1572
303 2122
303 2375
550 618
793 1672 1875
174 1457 2559
106 1233 2486 2545
80 434 449 1075 2068 2090 2650
289 850 2580
49 620 636 804 1242 1274 2027
993 1147 1448 1665 2326 2516
592 1121
652 1008 2018 2123
642 652 731 1199 2337
1116 1831
1398 1715 1825 2019 2239 2531
692 694
773 1549 1638
825 867 966 1717 2519
1598 2464
218 1157 1753
1717 2453
1345 1564
606 1776
388 438 962 1607 1744 1847 2193 2336 2505 2557
75 700
1514 2060 2066
354 455
883 1873
280 314 459 2453
956 2195 2383
1685 2534
690 1051 2382
1355 1943 2535
149 216 2108 2353 2610
723 1612
623 1408 1889
637 1138
1172 1919 1940
1577 1611 1651 1827 2344
2115 2176 2226
662 793 1075
1209 2625
636 2635
147 1523
409 2264
211 303 837 982 1517 1753
2022 2263 2337
893 2489 2639
39 447 1292 1938
38 685
439 1931 2180
203 1359 2210 2623
1008 2230
146 539 1066 1119 1640 1970 2497
1524 1801 2594
792 2286
365 598 1883 2167 2424
7 1614 2034
366 611 1658 1680
2636 2659
84 758 1340
1252 1402 1689
249 811 1145 2507
1022 1510 2272
374 1831
1511 2266 2584
2516 2560
1377 1538 1695 2260
1110 1175
348 1477 1577 1595 1949
463 867
187 221 449
830 1888
1555 1735 2073 2169 2656
415 1406 1946 1998 2392
523 711 1081
168 840 1897
53 1541
577 1005 1486
1966 2400
2008 2119
310 678 1290 1952 2350
31 1604
730 1773
708 945 2461
557 1295
1513 2041
831 941 1326
1158 1342 2554
588 980 1537 2202
217 1024 1704 2371
375 660 1340 1554
84 715 1224 2564
611 1446 2067
382 1968
374 422 1938
320 1306 1651 2331
1572 2192
1562 1812 2218 2497 2583
592 1746
212 1687
217 799 964 1025
202 249 755 2457 2552
106 214 1350
1060 1285
1017 1735 2036
1370 1483
71 113
752 2435
631 1555 1928 1959
1457 2505
469 801
358 463 2064
923 2089
1907 2224 2482
708 807
25 665 735 1248 1376 2342 2404
692 1380 2299
369 846 2490
1958 2596
1010 1442 2004
918 1552
78 2187
944 2108
138 874 1303 1614
796 1283 1632 1890 2240
177 355 1292 2199 2521
114 351 422
43 435 450 2011 2057
18 990 1683 1711
471 1020
347 375 1858 2557
489 1150 1811 2554
1155 1161 1582
1060 1306 2145
791 982 1274 2456
969 1013 1649
1647 1741
1169 1721
839 1538
1796 2010 2248 2268
401 2317
1457 1575 1890
2069 2304 2625
405 615 922
1823 2550
734 1170
2 283 539 1407 1769 1963
40 870 1228
521 592 2049
1352 1997 2182
1502 2008
1661 2318
793 1328 2291
1227 2265
396 953
861 1639 1931
1368 1574 2619
1307 1691 2406
1092 1953
2025 2190
69 723 1193 1529 2428
381 1496
2 1236 1365 1642
666 878
658 2035
337 795 1211
897 1488 2127
371 453 719 1430 1467 2436
841 979 2055 2489 2509
1346 2431
1960 2035 2624
711 1052 1123
804 1121 1676
874 1526 1588 1765
970 2227
50 1755
969 2010
865 1166 1716 2116
1771 2258
363 719 865 1654
1117 1445 2359
416 750
1136 1471 1855
190 340 490 1996
44 731 2105
477 535
306 1126
934 1034 1521
1645 1941
599 1711 1843 1940
223 862 1947 2240
47 188 450
1428 1835
671 1377 1589 1735 1919
746 1815
821 1563 2159
1088 1226 2022
1281 1634
905 1692 1860 2421
1237 2477
3 1675 2139 2596
559 1067 1204 2514
504 862
938 1935
301 1493 1973
711 1003 1392
702 1126 1636
576 966 1335
58 1144
152 1565
932 1866 2176
208 649 963 1256 1764 2521
948 2302
417 1401 1450 1646
1369 1488
106 1929 2456
335 1688 2562
350 1878
272 2660
743 941
804 1731
1100 1712
397 1170 2630
984 2127
760 1401 1816
1771 1966 2064 2138
788 2570
640 916 1016 1734
1395 1884
656 1391 2650
470 1133 2490
454 2115 2220
333 784 1316 2481
91 1906
674 2176
855 2037
613 2520
63 1798
364 1863
881 2463
113 753 1694 2397
1038 1288 1553
233 1821 2149
257 687 1084
120 338 1766 2516
388 763 2436
431 1223
1345 1532
710 1611
1568 1996
336 401 1757
5 1265 1559 2297
224 1118 2592
241 449
40 397 1766 2528 2646
229 1584 1634
1052 1816 2061 2140 2372
1799 2054
273 530 972 2431
13 317 915 1203 2004
1561 1954 2159
167 1955
359 414 737 1511 1540
2137 2510
294 2644
172 559 972
1694 2556
508 776
859 1018
492 2087
620 1344 1474 2559
378 600 1943 2083
144 514 663 1652
1300 1970 2549
1 945 1850
542 1348
466 901 1534
1831 2265
1067 1608 1711 1755 2060 2273 2545
118 2314
1109 1292 1914 1990 2095
435 2493
1079 1573 2256
146 490 1234 1553
1148 1567 1581
424 1673 1869
25 707 2163
2100 2297 2515
1846 2218
955 1762 1887
103 217 1138 1847 1928
807 1126
272 1134
2155 2479
1199 1366
455 2412
103 348
447 557
1140 2601 2605 2631
1289 2031
472 1858 2377
695 723 830
1249 1456 1858 2447
1014 1016 1171 1327 1547 2189
1206 1414 1983
1398 1723 1815
194 279 777 1420 2367
388 1509 2012 2651
153 614
1610 1739 2563
1263 1860 2444
2436 2533
1249 1515 1741 2405 2528
2341 2565
1991 2017
986 2181 2212
517 744 1324 1706 1749
46 303 314 877 1555 1711
396 595 801 1215 1960
927 1141 2133
243 547 1218
489 2551
734 1631 2509
972 1471 1930
940 987 1558 2627
398 1482
1567 1896 2055 2424
1247 2406 2611
1186 1262 2113
660 2001
715 1460 1840 2406
460 545 616 1227 1418 2030 2242 2497
176 274 857 937 1626 1731 2223 2330
2109 2458 2476 2532
550 2228 2380
1565 2198
754 1254 1825
391 1013 1140 2490
62 711 1874 1955 2200
715 1540
367 818 1130
693 1820 2237
369 2546
49 2207 2294
217 1382
706 1430 2539
662 2507
146 926 1267
473 1250 1738 1935 2012
437 1308 2420
373 1024 1169 1445
496 744 1578
121 1017 1032 1839
216 1699 1787
1414 1658 2489
784 1561 2055
339 418 827 1340 1445 1648
1102 1523 1958
1168 1316 1467 2078 2108
1248 2247 2412
553 1675
32 662 1195
1258 1510 2578
763 1067 1574 2286 2453
411 987 1227 2359
1627 1972
940 1835 2329
841 1241 2316
1129 1887 2358
675 1943 1964
315 747 892 1499
1550 2082
43 90
14 2052
1579 1652 2653
250 796 1401 2251 2624
571 2086
103 1101 1377
1140 1166
978 1952 2228 2624
34 2134 2418
208 431
365 1007 1244 2123 2282
404 435 2561
52 986 1467 2588
11 1053 2263
1317 1600
1123 1536 1728 2443
384 1800
388 1139
151 198 221 1734
594 631 644 2045
25 106
1070 2429
232 2337
641 1741
1335 1414 1881 2615
871 2077
905 1769 1864
761 1765 1882 2088
133 472 685
1276 1626 2555
612 1214 1824 1894
1337 2160
904 2039 2499
530 940 2056
525 1786
1442 1474 1782
853 1422 1472 2218
529 837 1980 2008
256 359 631 1542
226 427 1075 1733 2531
721 842 2021 2609
2458 2477
517 957 1138
1510 2490
667 935 2285 2611
501 623 1630 2420
94 612 1630
479 823 1953
551 1931
647 1668
223 308 1008 2438
412 757
1701 2352
85 1967
1342 2244
272 451
790 2303
1980 2207 2253
1166 1646 1969 2082
123 1044
55 905
700 763 1161 1830 1959
428 1306
958 1803
222 774 1702 1789
1439 1920
1085 1401
948 2488
692 1186 1634
1035 1611 1860 2341
1242 1331 1871 2527
1537 2204
644 709 1218 2465
1281 2445
161 1505 2122
216 1479
430 1057 1756 2518
1341 2405 2497
152 570 1513
321 1613 2043
254 654 2296
1342 1414 1814 2116
1140 2382
17 2478 2487
93 839 1433
412 627 1539
94 300 2378
383 1330 1832 1878
905 1595
1092 1327 1687
1737 2142 2441
314 566 628
293 677 1579
348 510 1954
1740 2590
283 2659
290 1413
384 426 485 2085
1080 2241
431 593 1105 1365 2417
156 889 1080
771 1529 1743 2048
840 903 2359
656 1258 1929
147 755 893 1960
47 1773 2519
1661 2223
833 1670 1931
1320 1870
348 657 1444 1903
1266 1518
1193 1341
274 337 749 1843
1193 1904 2013
1833 2109
638 1045 1748 2157
64 1754
268 1891 2018
35 65 804 1850
186 205
1169 1709 2348
553 2258
132 1492
392 637 2143
539 1199 2407
171 1019 2184
942 1545 1974 2543
650 1086
444 760 831 1281
1537 2088 2370
274 1733 2443
302 1645
155 1918 2248
114 221 1279
1430 2020 2258
138 846 2316
599 806
921 1318
320 1445 1750
38 86 935 1935 2484
1173 1813 1954 2156
797 1108 1351
660 741 1405 2388
92 204 910 1134 1279
1613 1975 2118 2590
1503 1909 2239 2275
322 1000
999 1520 1973 1996
1591 2023 2506
620 1180 1557 2206
116 134 436
1821 2255
1260 1492
1128 1528 1601 1735
1591 2347
503 776 1226
1127 2072 2123
31 263 1277 1581 1814 2095 2504 2586 2611
1506 2303
501 1178 2411
17 2072
444 455 1769
212 2527
257 741 847 1022 1043 1650 2427
1932 2173 2537
489 1631 1745 1872 2033 2651
46 1448 2364 2414
336 457 1198 1309 2153 2612
346 1033 1431
890 2293
1254 1517 1772 1923 1950 1997
258 2439
415 527
327 2014
711 2439
4 71 1238 1634
1011 1758
1757 2196
76 746 1859
20 170 773 1638 2277
8 1742
536 1084 1194
544 1151 1670 2447
1447 1565 2121 2439
1218 1271 1443 1478
310 1234 2157
901 1438 1871 2606
1312 1444
1212 2089
1020 1126 1734 2002
104 1193 1523
133 421 782
598 920 2100
50 1326
1549 1929 2399
77 1277 1899 2086
1235 2281
1041 2404
706 1211 1531
599 2405 2631
434 550 589
565 731 1303 2236
404 1906 2142 2419
241 1969
835 2274
264 296 771 1812 2215 2511
376 865
2532 2643
1783 2266
62 463 1558
1934 2120
69 742 788 922
335 1823
108 136 1066
196 365 564
1141 1544 1972
622 1027 2508
728 1297 1737
1149 1196 1634
285 379 1746 2233
527 2494 2547
732 965 1192 1784 2368 2434
125 252 956
1508 2518
753 1520
1176 1772 1946
1885 2189 2561
247 1688 2400
974 1187 1399
1019 2122
939 2628
170 1593
730 2066
374 1671 1931 2269
1537 2193 2426
287 1066 1884
291 2396
228 1013 1376 1670
130 1168 1589
2076 2606
28 177 1682
1337 1658
1712 1789
579 2103
1063 2071
326 1705
753 1346 1476 1720
58 1069 2423
1176 1786
809 1382 1584 1779 1862
1515 1577
1111 1364 1638
222 1629
280 1421
1624 1751 2208 2240 2598
188 808 1456 2391
150 1800 2019
735 2140
1403 2305
1671 2404
1890 2005 2036 2182 2200
356 373
720 721 857 1888 2320
1488 2187
357 2247 2471 2579
1374 2110
1224 1915
271 2334 2652
61 340 976 2325
1315 2513
57 495 807 2073
449 708 1543 2185 2507
759 2527
273 523 1712 2562
736 757
151 641
156 589 943 1562
108 513 1430
562 1130
337 651 2550
473 812 1056 2150
1351 1666
458 1555
1636 2170
2231 2308 2383
879 2068
638 1203
774 2390
239 2564
1769 2083 2188
1446 2203
271 640
253 1455 2178 2328
203 432 1400 1638 1819 2323
88 449 1367 2557
568 1534
920 1081 1510 2064 2474
179 549 700 1777 1957 2002
547 744
621 1207 2538
1179 1588 1850
438 1523
467 982
1971 2448
1235 1593 1696
211 892
478 1475 2627
610 2160
738 1753 2600
1609 1682 2193
928 1531
718 2485
162 1311 1449
587 2115
42 1849
254 1469
112 820 1169 2167
1186 2138 2625
731 1460
23 1507
334 1172 2387
1187 1191 1240
115 1990
215 638 1785 2536
140 1018 1385 1744
27 666
1055 1589 2395
919 945 1328 1354
2147 2494
546 608 619 647
1193 1245 2317
326 1611
647 887 912
158 1979
398 616
699 1525 2096
57 837 2466
1105 1527 2078
73 344
400 1788 2348
615 974 2145
22 1428 1950 2150
1402 1665 1716
1069 2052 2484
1121 1370
93 658 1966
499 991
197 328 1031 2147 2157
9 2323
1201 1559 2037
243 1254 1387 2167 2353
691 1329 1858
46 2399 2499
507 2414
239 764 2328
534 1153 2140
17 937
84 732 2355
79 615 1387
620 823 2255
644 1776 2124
1869 1911
752 2440
2031 2123 2289
543 1797
1535 1815
1370 1583
454 693 925 1190 2353
34 2406
833 1274
266 610 1279 2237
1058 2110
50 1698
32 519 1355 1686
723 1063 1250 2537
708 2019 2151
2204 2277
610 652 1391 1580
493 1808
502 2478
533 1345 2536
379 1513 1702 2629 2650
1254 2337
117 421 1147
244 586 2192 2218 2355
656 1996
893 981 1060 2366
999 2177
1182 2027
965 2297
544 1692 1767
267 1232 1660 1866
1871 1934 2196 2634
30 1005
1000 1887
65 972 1033 2284
196 2080
327 1053 1509
470 1109
606 735 1421 2117
334 2378
1200 1252 2019
1276 2088 2460
2112 2462
220 239
57 1342 1490 2518
204 424 937 1628 2579
1407 1612 1923 2331 2397
473 562 1803
273 2072 2352
2107 2262
918 1175 2491
657 1554
32 263
939 1631 2538
33 294 1960
208 1940 2147
138 536
1130 1144 1342 1642
854 1411 1491 2534
939 1430 2386
717 2526
326 1985
319 2389
558 2409
738 1214 2552
188 1339 2616
101 827 902
152 823
619 1154 2345
344 642 1488 2241
481 1337 2040 2224
358 1461 2516
2019 2642
487 908
1983 2211 2237
2284 2598
1230 2364
944 1501 1570
632 803 2112
381 826 889 2068
704 788 1611
643 1741
87 1373 1976
684 1975
50 569
373 1388 2557
1052 1974 2553
199 1935 2428
1596 2267 2577
1715 1723 2603
2178 2204 2243
1377 2427
1044 2578
556 1237 1878 2447
89 132 807 993 1157 1930 2426
1044 1857
1398 2142
659 740 2241 2549
94 1548 1883 1945 2240
254 1154 1403
317 448 1515
1547 1972 2617
1030 1480
453 2292
1718 2042
662 1506
22 473 1270 2227
672 711 976
1109 1170
2450 2591
2 513 643
407 1993
1143 1699
486 945 1299 2264
2282 2627
353 423
1250 1664 2412
1392 2386 2496 2550
1115 1794
854 933
495 1057 1285 1335 2471
356 2503
16 271 644 2141
440 1099
1805 2114
1988 2029 2522 2601
62 289 2117
981 1425
713 1388 2549
82 317 536 583 637 1001 1217 2535
955 2274
122 1978
351 865 1986
431 1418 1869 2363
266 1383
1422 2324
593 1751
684 958 1041
1054 1131 1748
647 1618
821 2195
582 688 955 1917 2646
325 552
25 2580
582 1846 2442
309 1092 1158 1183 2364
414 471 850 2391
133 418 770 793 1803 1891
217 1462 1819 2014 2126 2639
310 327 457 889
47 436 1217 2009 2347
153 2137 2156 2357
2045 2169 2207
59 1757 1764
485 1486
1472 2500 2530
420 2553
1351 1674 1914 2346
285 511 2256
861 2343 2389 2643
383 1151
740 1112
848 1814
803 1478
778 1195 1222 1671 2096
160 710
450 701 1607
724 748 1804
705 1648 2549
1938 2116 2192 2304
486 559 1136 2161 2627
759 1728 1734 1849 2636
876 2010 2265
1400 1545 1780 1905
22 162 762 1979 2086
189 1336
646 2047
796 2569
2094 2206 2252
2117 2562
1042 1302
625 1066 1316
452 2184
34 267
674 1976 2527
748 1725
13 2140
150 1609
1033 1174 1849 2010 2271
719 1651
1303 1634
619 729
1877 2025 2373 2464
935 985 1099 1992 2584
1951 2300
174 621
653 1072 1635
247 1102 1697
888 2274
313 1057 1088 1310 1957 2206
483 1720 2001 2248
541 1777 2101 2612
1956 2291
1449 1468 1832
995 1437 2085
635 900 1860
1214 1270
859 1291 1790
295 608 614
1300 2423
359 1691 1813
584 1344 2045 2429
220 2227
183 1243 1977
42 2023 2214
19 2165
519 1049 1113
1070 1081 2576 2647
895 1780 1939
751 817
188 254 1785
643 812 868 2439
1925 2154 2510
994 1154 1341 1450 1509 2005 2638
709 765 1889 2373
895 1231 2024 2522
190 263 1242
871 874
1107 1525 1940
87 725 1779 2064
387 931 1320 1519
991 1459
1287 2244 2492
1111 1151
349 2010 2479
930 1462 2649
201 664 1568 1625
642 1880 2249 2573
41 330 1260
613 1057 1501 2362 2510
140 147 1031 1537 1994 2414
487 612 1423 1865
374 879
381 590 826
1020 1539
1309 2317 2607
417 2035
131 857 875 1236
649 942
280 526 1113 1221 1468 1807
404 777 1544 1684 2390
427 994 1517 1881
785 1046 1688 2477
1684 1861
191 2263 2634
521 1629 2535
469 1116 1136 1679 2542
492 1284 1989
348 2011 2238
658 2252
141 352 1319 1812 1849 2023
460 1067
1017 2006 2115
1477 2487
1213 2373
578 1746 2157
754 1536
495 622 977
531 1571 2290 2617
792 2403 2535
436 1603 2539
767 1209
604 674
1787 2066 2499 2639
31 444
1648 1672 1868 1927
686 1993 2115
201 1956 2544
341 2535
805 2603 2648
97 539 607 901 2637
266 1822 2378
241 333 1706
182 2548
712 1127 1855
1348 1405 2648
1338 2001
588 1109 1861
830 2372
57 576 633 843 1073 2642
672 2414
589 2564
902 1871 1889 2015
643 920 1747 2236 2472
255 428 816
1511 2280
650 890 1575
61 289 1175 1575 1661
317 951 992
1348 2132
1399 2040 2194
213 2133
425 677 1655
1110 1822
261 1362 2354
218 539 1741 1866 1891 1896
311 453 911
1344 2022
914 2594
933 2454
1816 1959 2019 2128
1404 2484
61 2263
1486 1583
542 1162 1676
31 1654 2112 2164 2233 2605
117 1982
2195 2614
49 86 1051 1536
1206 1367
197 1444
642 742 969 1982 1991 2641
1417 2395
546 1620
327 1937 2163 2521
1114 2177 2186
826 1452 2168
58 108 1407 2582
827 1103 1148 1271 1691
219 471 669 816 1039 1357 1685 1776 2084
1672 1848 1879 2376
723 2162
897 994 1670
419 1863 2110
826 1202 1551 2204 2537
237 1591 1720
160 822 2463 2464
1418 1684 2048
588 2251 2267 2513
222 658 1376 1890
1118 1380 1438 1805
102 203 1297 1849 2311 2323
666 947 1069 2019 2496
1159 1546 2157 2534
1452 2116 2641
317 491 1788 2250
310 1790
1004 1697 1740
230 2372
222 1643
125 341 1143 1871
1492 1593
692 1015 2609 2618
1062 1513 1684 2299
1729 2043 2302
178 1558 2655
763 2485
1404 2569
335 1919 2251
1225 1647
316 2054
12 89 1288
839 998 1258 1312 2523
613 614
1210 1909
1662 1968 2520 2599
868 2315
1818 1946
135 242 646
1826 2014 2182
306 1372
1073 1824 1873
825 1156 2517 2546
1014 1593
167 2405
266 973 1692
551 2108
1046 1742 2550
935 1329
1211 1816 2239 2344
212 262 2657
674 1587
359 375 982 1577
216 1203 1256 1456 2611
581 1581
268 1014 2196
1111 1589 1687
101 463 1250
487 585 860 2555
124 634
1060 1719 2031
154 1110 1173
44 303 962 1741
244 2233
589 1428 1797
685 1360 1449
1875 1937 2611
1709 2411
281 1378
793 907 2233 2323 2415
1292 1544
944 1100 2648
116 780 1110 1970 2009 2391
226 973 1699 1880
140 629 1220
111 178 1526 1624
1587 2658
42 1601 1950
1610 1662
908 1328
219 533 638 1456 1896 1951 2457 2655
703 952 1311 2132 2412
543 903 1092 1195 2526
1343 1569
428 571 1098
2140 2390
202 534 2564
95 710 2555
542 2535
541 1393 1914
3 2427
734 1579 1777
297 947 2131
75 198
435 962
383 1655 1728 2067 2370
346 2157
310 870 1952 2330
62 418 534
592 1271
2450 2507
172 1258 1419
752 1450
54 1676 2624
528 1866
1573 2471
88 280 912
280 1633 1937 2207
968 2194
638 2593
872 1377 2346 2635
205 619 1104
60 1800 1872
1559 1673 2133 2384
342 438 2087 2142 2341
576 621 1578 2644
449 835
1064 2089
929 1802
145 239 2337
1121 1225 1390 1539 1976
306 1197 1591
320 1050 2000 2365
349 2109
7 1116
929 987 1523 2230
224 366 1206 1382 1620
990 1763
370 1959 2187
628 1761 1931
528 1033 1131
226 1365 1629 1962
821 1459 1755
167 1064 2069
1413 1889 1952 2386
199 1623 1677 1871
492 561 898 1873
845 1687 1739 2002 2098
153 1573
536 2289
794 2447
1873 2206
362 1638
908 2349 2649
401 636 824 1024
890 1134 1304 1332 1949
1246 2600
896 2330
539 1734
1539 1889
57 271 1902 2179 2389
267 1526
636 1414 2569
236 1688 1823
607 832 2437
1254 1970
1035 1918
459 1428 2400
64 859
1012 1445
775 1831 1980
230 2236
611 1202 1328 1661 1799
690 798
607 1930
46 135 1756 2249
400 645
493 2656
335 538 2661
217 1777
12 1546 2208
1420 1716
1060 1245 1459 1611 2303
22 313 820 1126 1800
1330 1794
618 655 939 1615 2149 2166
758 931 1427 2291
1194 1237
1105 2188 2368 2516
36 78 471 2159 2640
1033 1157
1118 1450 1697 2177
88 183 1054
904 2162
757 1756 1879 1890 2492 2510
1318 1755 1968 2113 2253
872 1502
619 1506 2182
3 216 2223 2272
67 836 990 1111
1029 1799 2137
1485 2595
430 845 2345
1516 1767 1772
528 838 1665
159 1179
321 349 397 1134 1281 1349 1735
220 2388
1914 1977
568 967
1203 2543
1406 1561 2409
1590 1876 2618
2536 2636
411 474 667 2163
173 2075 2493
823 2126
1033 2178
598 626 2367
49 643 2502
76 648 1034
797 1164 2359
126 792 843 1297 1868
1288 1738 2011 2183 2342
77 1479
9 742 964 1433
510 2072 2453
1395 2167
894 2651
1458 1904 2530
1552 2037
1024 1346 1583 1596 1854 2249
218 400 1542
1658 2286
1639 2574 2606
161 1517 1915 2657
1150 1990
500 520 1014 1441 1609
355 684 1787
105 331 1138 2052 2201 2569
115 1475
706 1262 1771 2389
641 1534
1438 1851
9 577 946 1772 1965 2295
600 956 1600
567 1889 2211
254 1318
540 649 824 1035 1636 1930 2118
633 652 1285 1398
140 1143
596 1880 2534
1299 1302
1676 2355
1441 1686 2412
64 999
1243 2362
1212 1658 2537
223 1504 2471
989 1339 1758
294 610 1973
347 1173 1933
366 2194
131 376 533 1745 1827
1640 1898
13 738
43 2036 2364
43 228 1904
1420 2336
1290 1347 2016
348 1214 1813 2143 2569
1620 1665
952 1055
234 278 514 604 1971
983 2300
433 1720
127 802 1256 1427 1824
197 1518 1557
639 757 1080 1312 1699
108 612 2564
386 535 552 1266
1600 2574
202 728 1129
31 607 1145 1314 2213
1541 2411
36 1404 2365
505 2257 2450 2476
173 481
292 1205
115 952 2249
1005 2000
1530 2454
212 2323 2482
1070 2419 2424
363 1311
486 1075 1581
1070 1289
468 2233
1316 1432 1982
83 510 633 1311
514 1780 2424 2551
363 658 2046 2585
862 2351
271 299 1580
106 636
115 575 1496 1867
517 1272 1454 1844
1098 1641
408 576 934 982 1079 1392 1533 1939
843 2098
1533 2018 2124 2400
163 828 1637
187 336 666 692 1508 2242
1323 2025
133 974 1508 1555
576 1723
921 2542
1768 2591
509 2381 2509
76 1201 1207 1546
476 2302
495 2141
32 1769 1826 2209
733 1330 1416
850 2644
799 2367 2612
11 1260
138 612 1917
1368 2341
784 814 2230
484 2512
1569 1685
1725 2661
27 733 859 1209 2286
1108 1973
1827 2629
1722 1765
241 806 2138
1224 1261 2491
11 883 2318
815 1528 2275 2539
364 408 1075 1275 1477 2500
162 2182 2200 2312 2405
590 677 2238
1762 2600
322 575 1372 2508
732 771 1122 1519 2111 2268 2613 2660
1395 2543
1840 1930
273 320 1713 1987
516 1828 2643
1607 1820 2114 2312
155 158 288 2137
474 1444 2141
642 1141 2546
485 1837
973 2374
131 223 1312
538 1275 1848 2036
105 463 519 787
261 587
986 1886 2198
95 690 1023 1060
593 1774 1954 2090
582 873
1129 2625
417 1249
686 1210 1217 1340 1830 2460
497 2390 2602 2654
117 263 2486
34 1306
151 629 653 808 1245 2624
78 947
272 794 1178 1589 2102
162 871 2170
21 174 317
528 866 986 1261 2232 2415 2490
136 347 1553 1673
773 2143
693 847
1220 1274 1506
483 1917 2372 2474
1170 1363 2117 2194
2114 2415
3 312 1330 2068
274 1179 1890
232 553 1489
588 1870
60 255 1612
1389 2176
876 2554
225 308 447 2077
132 968
1469 2226 2434
711 2644
792 2120 2229
258 2015 2284 2583
1376 1641
1403 1578
315 2603
949 1225
1672 1754 2057
34 662 741 2117 2401
281 631 690 1591 1614 1843 2553
213 1528 2579
996 1676 2119 2273 2383
184 343 1249
212 734 1605
616 2542
1180 1481
1072 1312
403 1646 1942
2079 2591 2647
1686 2003 2483
1000 1285 1546
921 2041 2229 2655
99 1994 2060
943 1064
331 334
685 730 1566 1972 2243
188 1630
444 649 1220
25 100 1296
250 376 959 1704 1853 2287
27 142 1169
564 1740 2195
2503 2559
878 1582
174 696 1358 1505
204 1175 1920
34 426
108 252
683 1501 1523 1643
358 1220 2588
843 1289
762 2234 2543
377 638
96 559 892
844 1175 1677
830 1341 2086
1487 1960 2075
577 904 1118 2051
1364 1789
306 1031 2495
1177 1869
147 1080 1728 1840
684 1618 2232
1840 2296 2618
2308 2611
515 2053
57 82 1694
357 667 1143 1938
138 235 1002 1163 2450
581 834 1781
1480 2428
258 294 381 2234
150 634
1292 1462 1824 1950
1549 1809 1885
534 2034
978 1046 1477 2350
587 1709 2594
1721 2460
258 894 1862
601 1861
769 1427 1799 1864
778 1141 2067
155 931 1943
897 948 2042
1049 1829
952 1081 1897
523 1548
522 724
1603 2008
110 2088
729 1684
1348 1505 2460
1045 1908
177 1364
763 2127
1309 1793
63 308 316 326 2327
1769 1799 2053 2277 2534
247 1356 1655 2252
932 1252 2273
255 993 1545 2071
1969 2306 2407
268 720 769
2022 2419
593 1399
114 733 988 1422 2349 2652
108 1805
2044 2409
1039 1312 1457 2464
983 1041
899 1032
433 1011
331 604
883 2311
413 458 716 1571 2349 2607
679 2180
1069 2261
485 1859 2036 2584
30 1794
566 620 2620
382 404 1868
724 837 1821 2615
1578 2511
1030 1859
660 1671 2645
419 503 1173 1199 1815
25 2023
532 632
93 657 1293 1367
2431 2556
385 1195 2214 2245 2284
1788 2168
32 56 1111
1993 2660
233 315 425 606 1004 1069 1744 2278
363 578 1001
929 1241
475 681 1050
488 1629 2254
33 925 1675 1686 2357
177 1521 1906
522 2446
25 461 961
444 2207 2644
523 904
11 342 1805 2530
1381 2176
1558 2642
147 1456 2354 2382
205 2653
795 1901 1970
655 2367
1211 1404 1796
283 952 972 1624 1643
1235 2184
452 1768
198 1650 2382 2467 2650
676 954 1300 1388 1510
383 589 925 1289 1460 1654
859 1543
473 2296
1099 2460
2333 2495
219 1202 1554
28 2620
943 1033 1653
728 1128 1402 2653
887 1453
124 861 997
1026 1656 2061
789 1155 2246
1906 1943 2124
12 74 1323
23 1354 2035
278 940 969 2248
238 2376
1108 1143
860 884 1449
560 1682 1985 2150
891 2594
633 957 1676
111 1440 1673
1524 1528 2425 2536
363 1329
385 926 1299 1973 2417
1521 1848
1703 1999
407 517 1424 1441 1778
1998 2053 2589
613 1812
68 1582
774 989
70 2209
269 2431
571 2283 2502
704 1453
766 795
567 2637
30 1595
161 2340
49 266 390
282 806
258 413 1985
910 1781
106 426 2179 2652
1572 1617 2570
435 1721
582 1193
376 561 569 1236 2000 2313 2409
1618 2243
1258 1393 2490
223 1264
176 398 1288 2562
471 516 1683
1204 1578
605 642 2468
1074 2416 2587
549 1306
548 789 1694
560 1016 2524
893 1325 2543
226 1535
332 578 2163 2356
828 2530
178 359 1262
1351 2555
1572 2311
161 271 867 1510 1619 1631
243 751 1317
76 449 617 1162 2411 2454
391 400 685 944 1250 2120 2350
964 1786
926 2406
798 1957 2623
555 2512
355 827 1691 1804 2027
1069 1554
540 987 1034 1814
331 660
243 465 551 1741 2330
545 1814 2496
1898 1998 2431
1531 1668 1919
1296 1473 1757
859 1531
99 377 808
324 498 2068
1022 1934
26 255 1263 2229
35 120 706
113 1491 1620 1952
369 1544 2443 2510 2598
1017 1201
1552 2061 2226
2292 2530 2591
569 628 1008 2640
1297 1817
567 800 2208
728 988 2228 2276
393 893 1401
237 1131 1923 2196
1835 2545 2601
526 2196
874 2429
252 410 1005 1533
957 2596
1371 1634
699 1061 1260 1558 1579 2123
164 1278 1336 1389
387 936 1167
315 826 954 2209
322 720
913 1025 1992
964 981
95 1235 1409 1869 2132 2368
774 1654 1794
735 1607 2166
169 775 1604 1764
61 216 400 407 485 1104 1430 2094
155 220
817 1350 2628
36 1058
665 1243
300 782 1117 2271
704 896 1566 1666 1884 2130
248 287 539 862 1538
608 2364
1806 1861
963 2008
97 120
1401 2248
666 1323
285 818
1273 1725 1812 1897 2521
873 1639 2004 2106 2295
912 1641
649 1637
426 831 1778 2265
459 1846
1676 2631
291 807
301 628 760 1157 2120 2491
82 1576
1576 2039
1787 2448 2527
753 1028
2350 2538
222 1862
97 679 1679
1011 2392
902 1861 2156
468 1740 2646
152 455 705 2228 2600
580 1553
59 2036 2221
239 365 1872 2185 2354
247 465 802 990 1110 1832 1898 1934
590 851 1086 1480 1740
941 1671
1818 2474
359 1858 2178
459 2297 2439
253 1217 2224
1216 1286 2001
870 1808 2411
701 1655
136 427 756
1036 1214 2052
437 1441
1252 1752
159 1855
286 522 1374 2064
433 874 989
1499 2311
1799 2381
1860 2612
1365 1870 2040 2202
854 1309 2614 2655
630 2054
760 1099 1872 2042 2401
313 360 463 719 832 1283
101 1111 1912 2042 2367
665 1334 1478 2282
594 629 1864
93 2620
1176 1509 1735
143 469 899 1003 2295
129 380 883 1026 1147 1997
1327 1527 1544 2543
1119 1863
769 1780
923 1380 2243 2341
44 801 1249 1677
343 438 1257 2073
550 978
1327 2295
1593 2251 2566
349 967 1163 1678 2371
1719 2551
401 2367 2599
516 671 761 824 1398 2222 2412
1630 1785
28 1238
876 1714 2107
1347 2599
395 931
383 755 886
808 829
1227 2163
249 2279
1745 2087
941 2107
821 1299 1971 2403
1695 1856 2587
557 1049 2284 2415
22 164 292 1846 2002 2186
710 1013 1658
1306 2493 2521
147 702 1308
1142 1741 2358
131 847 1557 2486
1018 1189 2330
278 2573
340 515
948 1406 1441
2065 2600
1174 1611
933 1496 2153
501 1562 1876 2120 2422 2570
731 1991
1 114 131 1837
969 2345 2415
93 225 1862
107 1764
695 972 1815
1219 1494 2217
1024 1492 2053 2638
160 543 1573
534 1226
847 1002 2302 2649
1028 1327 1782 1922
770 1790
425 1235 1368
209 2270
391 1739 2006 2282
1041 2606
28 367 631 1241 1369 1477
1951 2201 2590
785 1869
113 924 2419
354 857 1117 1130 1911
107 720 2399
637 1804 1841
590 1179 2350
31 850
700 1843
884 1286
493 541 725 742 1645
19 1405 2536
78 325 534 787 2502
274 874 1159 1399 1848
1863 2557
743 1357
665 1592 2171
592 1327 2375 2520
217 464 1277 1330
364 685
1113 1176
31 1705
298 2196
964 1463 2285
1387 2337 2434
228 1247
784 961 1465 2377
1453 1777 2176
77 1991 2197
408 721 1595
52 430 657 1318 2120
7 27 159 2218 2264
405 570 1850
1101 1597 1904 1984 2385
1507 2229 2349
768 2077
676 2229
660 1155 1267 1923 2003 2167 2588
2270 2469
414 775 1162 1399 2169 2382 2545
714 1051 2245
232 236 846 1393 2440
486 1026 1239 1452 2045
315 744 888 958 1563
595 1347 2183
799 1818
2129 2563
1362 1434
1562 1786 2183 2318
1882 2289
2002 2275
873 1709 2628
1123 1810
569 2464
292 1343
470 1526 1598 1678
369 614 1195 1362 1466
1220 1256 1909
88 1333 1923
156 434 1041
1331 1425
634 2607
587 800
1771 1937
1244 1348
516 600 785 835 1050 1209 2170
411 1041
166 495 660 1177 1316 2508
1183 1346
957 1435 2491
78 1436 1623
688 865 1859 2520
236 241 685 1598 1904 2655
1579 1937
1871 2018
1596 1717
465 1093 2138
364 1675 1803
27 356 710 944 2133
453 2061 2599
579 1651
1275 2245 2287
85 331
261 334 415 2465 2573
32 447 531 870
302 1349
499 841 1406
559 2363
493 744 1725
189 1837
1703 2424
205 495 1001 1576
425 1170 1279
452 561 1148
539 1177 1237 2414
337 978 2174
1040 1788 2140 2543
553 557 966
632 761 814 1353 1905
1564 1980
258 801 1645
567 1389 1723 2241
1179 2234
895 2181 2521
676 1122
1024 1536 2264 2424
1052 2564
208 1415
179 234 1697 1929 1966
7 1909
1016 1236 1555 1755
244 1579 2612
94 278 388 733 845 1201
504 658 815 1607 1774 2309 2397
1577 1665
516 708 1732 2103
374 1193 1241
435 594 1328 2240
284 1268 2187 2362 2653
1223 2296
1150 1736
226 228 485 637 2300
514 1380
63 809 1339 2028 2444
23 365 405 1276 2286 2544
65 560 934
362 398 2302
132 850
784 1632
212 595
313 362
67 884 1431 2239 2400
2 17 361 1754 1772
1955 2526
137 1172 1515
762 1907
298 1765 2373
192 345 2043
1146 2074
627 1987
919 1969
1031 1668
845 1177 1449 1521 1643 1853 2210
530 1011 2260 2520
190 2006
1010 1287 1596
18 172 1011 1164 1393 1724
1076 1697 2486
97 984 1665
2190 2307 2556
360 1251 1364 1864
151 1557
2177 2632
1973 2070 2073 2497
648 1377 1559 1771
2497 2570
369 1935
243 544 1279 1588 1854
86 241
198 982 1171 1282 2324
861 2559
831 2087
1001 1636 2015
704 964 1453 1795
345 468
894 916
260 951 1425 1900 2155
411 1076 1110 1645
579 612 1440 1791
1501 2209
856 985 1392 1827
1244 2170
58 2509
1655 1979
817 1730 2347 2363 2384
1026 2332 2625
424 624 1415 1944 2307
41 143 2350 2637
175 889 1217
329 893
358 1240 1549 2174 2298
210 1027 1897
1245 1365 1612 2626
266 770 970 2335
403 1282 1285 1571 1951
354 1096 1597 1795
632 1183
945 1586 2449
93 1968
1429 1719 1891 2535
1388 2297 2316
199 1459 2349 2585
902 1130 2154 2194
341 1536 1861
324 1668 2649
1706 2497
519 608 1232
885 1235 2447
614 1291
546 1146 1369
84 2200
379 1227 1823
1987 2206
71 2110 2401
750 1023 1719 2051
97 296 480
1406 1554 1646
252 2079
1992 2414
672 2373
787 1653
961 1987
55 1265 2109
465 2012
2154 2335
902 2420 2426 2498
219 418
267 1166 2253
1340 1517 1734
500 521 913 2462
327 1029 2615
832 1091
1980 2371 2579
1223 2013 2454
492 1615
656 919 2600
147 1701 1755 2516
393 2059 2277 2531
1699 2192 2196
644 978 2659
351 420 1780 2518
270 2037
429 986
362 858 1045
197 352 1492 2160 2336
1546 2453
144 715 1069 1146
227 1356 1569
776 2005 2532
444 1700 1802 2489
90 322 1853 1898
67 185
1220 1296
631 1023 1178 1890 2456 2477 2509
52 661
87 1068
600 1246 1328 2112
282 376 578 967 1536 1685
180 904 948 1142 2494
1258 1389 1526
1525 2089 2590
1212 1641
566 2547
1883 1891
780 918
217 394 909
1098 1858 2409
528 1670 2185
534 1904
555 1380 2270 2599
201 1542
2137 2442
933 2085
1224 1500
1967 2008 2410
1826 2389
830 1760 2210
355 496 718 733 1000 1292 2241
649 1770
246 337 1938 2330
617 984 1020 2505
199 1403 2306 2408
1747 1998
315 625 1445 2145 2457
1209 1950
2360 2526
1105 2534
1625 2514
844 2096
1116 1186 1735
1935 2045
370 2544
475 1793
342 2404
1215 1736 2510
602 1325 1697 2472
537 857 1040 1824 1862 2161
911 1951 2202
893 2423
621 770 1515 1690 1748 1779 2243
622 961 1215 1624 1779
1450 1835 2354
1132 2079
1 298 2116
1303 2118
95 275 908 1370 1751 1847
345 2408
407 923 1972
1524 1554 2176
993 1459
324 1226 2142 2264
1118 2531
225 889 955 2124
237 1719 2027 2308
1672 1817 1880
450 581 931 976 1790 2378
833 851 1088 2361 2508
276 662 2307
1245 2522 2635
859 2259
510 2293
616 755 1008 2328
692 1837
744 905
160 689
551 1433 1878
2204 2591
994 1145 1184 2593
974 1531
1457 1488 1514 1880 2646
1376 2425
1714 1960
316 1469
618 1624 2161 2625
85 353 515 1834
791 1668 1894 1896
1283 1966 2084 2159
977 1805 1873
109 2147
410 925 2297 2408
1299 1909
86 1119
188 481 657 1288 2232
499 2542
1841 1870 2058
176 571 1298 2366
127 757
164 515 571 1817
606 700
249 1151 1242
1041 2049 2292
1797 2431
270 1031
1505 2152
35 1173 2275 2352
613 1041 1621 1838 2123 2478
900 2096
59 2422
333 1362 1569
76 326 862 1364 1835 1885
142 705 1313
311 1116 1744
766 1494
808 1694 2516
910 977 1290 1887 2118
1225 1677 1759 2545
897 1845
65 1271
1486 1916
1707 1902
733 1015
1287 2011 2133
309 1274 2365
1727 2561
1088 1589 2259
149 1439 1750
2434 2544
720 780 2653
968 976 1191
1098 1802
190 606
1593 2240 2425
543 1836
1195 2095 2295
2185 2490 2661
223 759 1673
62 1089
1492 1883 2333
210 1071 1151
1915 2368 2477
855 2242
63 1215 1684
1617 2364
1424 1595
118 2035 2185
563 1051
451 650 2530
1422 1561
887 2648
169 1794 2061
161 246 1005 1574 2359
1186 1636
1305 1384 1497 1533 1633 2205
417 550 1241
1 55 199 814 2615
424 556 1309
1082 1438 2042
759 2261
511 1930 2130 2343 2368
1359 2524
713 1100
588 1128 1475
111 1538 2558
577 1917 2283
346 2103 2214 2273
452 2302
588 891 993 2159 2342
183 628
1394 2296
34 208
385 737 1288
285 920 1121 2160
604 2047
1145 2460
404 1322 2574
617 2145
617 767
460 912 1796 1905
636 832 875 1707 1966 2542
960 1203 2054
336 942 1145 1575 1615 1642 2078
203 1167 1358
2606 2638
328 1667 2242
643 2234
193 1620
1169 2385
706 1276
876 1582 2323
823 1232
189 629 1486
248 1653 2539 2549
842 895 942 969 1845 1862 2551
1285 1319 2118
1706 1858
263 535
432 1856
282 1476 2644
659 1578
132 946 1366 1609 1885 1918
71 1483
298 617 2282
547 1177
491 892 1947 2067
1423 1922
775 2479 2528
351 571 1205 1254 2407
871 1417
715 1694 2325
1756 1870 2496 2564
6 72 885
218 1142 1509 2087
453 947 1403 2088
2345 2619
202 313 540 985
358 997 1098 1447 1796 2090 2269
374 1580 1810
597 1320 1950 2077
221 452 1064 1861 2322
12 1270 1793
155 963 2363
47 596 1285
882 1869
586 1302
336 800 2405
24 50 556 684 915 1223 2068
36 2643
87 285 723 1344
313 1557 1722 2064 2523
359 1146 2326
586 714 855 2032
267 375 684 1251 1940
1210 1492
898 1179 1871 2328
2034 2178
1051 2059 2122 2487
445 975 1890
580 1743 1830 1906
429 1666
397 1479
114 946 1735 2221
1960 1993 2077
1335 2147 2284
1316 1886 2328
8 317 418 2066
2164 2657
271 643 2124 2332
270 1590
125 658 1358 2536
585 1146 1469
116 2442
1282 1839
1666 1915
683 1789 1992
387 654
506 1147 1899
613 1503 1706 1717 2413
101 105 978 1075 1331
2180 2419 2553
160 453 1281 1739 2214
144 510 961 2330 2337 2443
869 1032 1128 1470 1767 1951 2004 2186
1341 1421 1762
352 656 1341
87 625
607 1637
1470 1586 2091
1664 1852 2346
531 1319 1910 2500
101 618 1414 1886 2183
419 1817 1910 1998
1632 2418
1313 1837 1929
572 886
559 804 1453 1578 1858
33 196 702 1816 2554
1072 1866
895 1106 1183 2515
85 284 830 1790 2518
1244 1938 2484
1328 1499 1592 2287
1937 2144
380 453 2506
1702 2597
293 548 1364 1923 2312
526 1867 2360
397 610 715
1602 2053 2442 2570
1330 1654 2420
437 651 1181 2365 2466
488 2113 2323
753 849 2026
322 2195
586 668
346 1691
1375 1406 1557 1671 1796
681 796 985
256 826 2230
30 227 2510
1702 1996
388 633
169 1299
901 1142 1161 1801 1919 2045
762 1864 2010
684 2634
189 361 1518 2094
783 1739 2306
3 1542
57 1538 2594
1774 2135
284 433 1973
113 679 724 2341
1506 1979
322 1851
177 1666
270 2241
190 1079 1413 1994
922 2213
573 1097
309 2534
779 1117 1228
750 1162 1509
655 1548 2007 2049
763 857
1975 2169
357 1416 2360
1134 1323 1834
1641 1669 2109
990 1796
294 1404 1568 1754 1880 1967
420 1066
690 1998
961 1594
302 1583 1925
628 1230 1579 1819
1249 1555
803 1242 2261 2521
84 1014 2146
1453 1737 2422
232 1506
10 1335 1776 1905
247 347 872 1291 1559 2273 2312
131 242 1345
488 2134 2479
939 963 1260 1660
752 2228 2294
985 2164
60 87 366
15 221 944 1977 2315
488 1181 1215 2631
333 718 1452 2436
50 77 398 1421 1500 1713
81 171 2080 2447
498 690 1029 2381
335 901
331 1614 2600 2605
648 887 1480
1582 2113
72 586 1092 1476 2367
1477 2592
1027 1130 1376 1647
1675 2537
235 980 2396
848 1476 1512
566 1526
1203 1382
913 941 1403 1719
46 199 1048 1551
814 1472
807 847 2251
2 798 2040
2082 2114
1212 1225
1353 1355 2216
56 740
1676 2386
730 1291 2269
235 292
1175 1255
511 869 1959
266 692 1174 1454 2080
1012 1879
1407 1898 2251
693 887
1667 1864 2039
2125 2166
648 1195 1998 2006
273 1242 1248
18 455
115 1129 1289
599 886
1108 1229
2168 2499
939 2049 2377
830 838 1763 2219
520 590
465 1007 2464
185 1381 1985
84 2500
831 1077 2097 2362 2639
2033 2192 2242
1063 1940 2401
84 337 719 1645 1707 1938
273 584 2170 2404
75 1664
116 1261 2524
2394 2421
603 694 892 2190
110 826 1569 1764 2262
844 1577
84 1423 1975
848 1536 1742
140 526 2301
1496 1679 2126 2294
1320 1383
614 2530
144 168 249 1022
854 2652
185 2245
1437 1468 1966
2027 2209 2603
1921 2143 2574 2646
337 1516 2274 2366 2370
569 952 1882 2318
724 1266
188 652
129 473 719 770
1810 2138
1671 2546
47 419
434 1710 2035 2085
106 1095
640 1779 2523
131 1063 2073 2083
302 915
28 2533
64 867 1232 1526
1189 1786 1953
1183 2646
112 941
1974 2404
2499 2588 2614
727 795
11 933 1130
709 1672 2282
548 2067
797 1070 1401
212 1408 2243
301 752 1879
97 253 575 1151
604 843 920 1554 2605
1535 1822
72 1362 1905 2208
45 306
1552 1593 2145 2234 2502
2489 2555
576 2288
589 2037
1021 2089
800 847
1765 1769 2411
656 1154 1959
18 521 1830
151 2055
1290 1595
1769 2082
863 1719 1824
387 1809
45 418 626
682 1335
226 873 2222
1180 1524 1595 2535
150 214 548 685
31 2332 2378
1423 1515 1588 1926 2629
3 602
431 635 749 1017
1535 2606
451 736
885 1266 1410
1517 1748 1930 2268
731 1281 1563 2011
100 963 1251 2394
693 2632
363 1431 1670
1327 2014
498 2621
473 1513 1517 1675
212 327 819 912 2144
357 605 789 871 947
283 746 854
449 1115 2231
732 1144 1452 1618 1885 2623
2377 2627
148 409 605 1011 1522 1886
584 1213
805 1728
295 434 839
595 737 1163
111 1017 2449
1604 1842
370 1249 2506
485 2371
577 2402
817 1117 1522 2588 2594
327 366 736 2629
94 920
150 327 2262 2375
947 2041
331 2157
1383 2107
2419 2530
58 2122 2507
1839 2057
478 571 740 1869
1599 1645 2185 2389
551 1209 1302 2596
101 2171 2523
590 1507 2072
661 1218 1750
790 915 1585 1785
757 1237 1826 2174
1798 2229
1460 2136 2237
322 1605
344 345 1035 1257
572 633 2243 2359 2527
963 2367
499 1523 2188 2435
46 1272 2483
1333 1675
842 1673
1040 2368 2646
104 689
625 798 1981
2162 2592
101 799 1150 1308 2306
542 1339
1047 2207
2457 2482
1152 1420 2104
1270 1619
1925 2013 2549
54 184 2147
187 357 1697 1966
1463 1708 2205
76 646 1396 2257
94 2455
752 832 1319
344 2579
228 1037
38 371 1319 2194
1607 1879
487 508
1053 1666
102 406 2134
530 1622 1892
55 471 669 1350 1750
926 1016 1631
198 1274 1528 1654 1698
1750 2029 2561
795 2364
521 1317 2055
253 762 1301 2528
732 827 1040 1162 1644
793 943 2010 2209
25 1271
521 959
477 617 2188
399 1387 2231
345 1475
740 834 1178
700 1118 1309 1348
176 1757 2227 2546
1517 2300 2595
1007 1941 2437
412 807 923 1398 1897
833 986 1533 2405
913 2639
1031 1053
328 2143
679 700 1387
879 938 1667 1831
681 1891
255 1100
1461 1495 1838 2271 2430 2609
325 535 617 1960 2422
793 2659
728 809 905 2119
919 1050 1284 1634 2229
646 697 910 1583 1762
116 198 1451 2521 2588
989 1088 2402
726 1094
169 1165 1993
997 1236
1093 1732
393 903 1618 1778
364 736 951 1113 2074
94 1030 1774 2326
1677 1861 2106 2222
1323 1554
603 1262 2645
1377 2089 2524
2003 2158
935 1610
323 2190
398 843 1717
2173 2443
771 2275 2549
95 1002
226 1105 1154
224 1050
100 1376
1364 1383
302 589 862 2419
381 1316
202 627 1367 1954 1963 2545
42 342 1617
1587 2109
278 634 778 961 2096 2618
97 437 496
104 163 231 1323 1335
738 960 1029 1183 2167
213 1092 2574
878 1892
991 1895 1902 2110
1162 2121
1211 1271 2543
60 222 260 1187 2619
605 876 1208
21 499 933 1007 2568
1870 1919
1110 1150
513 640
257 1108 1333 1937 2164
1908 2231 2238 2625
220 1887
74 153 536 570 1195 1767
1030 1241 1775
895 1283
1657 2117 2243
244 2433 2642
247 733 2327
321 845 1092 1633 2365
860 1168 1388 1887 2190
742 794 2523
317 366 750 1217 1740
65 2294
21 2378
167 1438 2123 2363
65 632 2517
255 1256 1891
8 269 465 1002
111 249 1006 1183 1316 1519 1753 2636
481 1997
527 1746
629 1318 2142
802 2211
196 220 2361
391 911 1186
384 1800
343 811 1519 1845
1816 2103
592 1080 1615 1723 2005
390 2224 2500
647 689
112 788 976 1235 2026
680 1786 2645
1351 1407 1757
742 835 1762
602 2018
519 864 1357
1311 2577
18 1078 1982
602 726
36 1208 1835
2005 2642
1281 2624
280 1643 1998
509 592 1259 2495
1818 1956 2500
367 392
145 236 619
347 1880 2426
41 686 1509
1876 2153 2312
1239 2253
241 908 1837 1890
1107 1671 2078
514 2579
363 1533 2355
182 545 787 2132 2551
204 577 2013
1076 1232
472 1239 1623 1831 2002
441 462 1765
21 1317 1625
139 1459
788 1644
702 2518
459 1144
1131 1832
6 577 959 1162
679 818
415 820
147 1563 2241
1316 1751 2252 2391 2606 2633
711 1160 1963
269 534 2086
896 2050
1139 1929
220 2412
1454 2141 2653
1129 1831
1588 2145
131 757 1464
1256 1703
258 795 2277
1573 2011
1226 1985
473 969 1227 2106 2349
1852 2262
589 945 1325
56 221 255 1795
1146 1491 2011
408 2656
709 799 804 1072 1236 2067
36 1879
365 470 987 1184 1237 1275
168 215 1499
13 299 616
1007 1059
578 587 974 1045 1507
707 1000 2247
1 575 899 1351 2164
841 2571
36 64 1681 2554
609 1491 1540
61 273 1063 2027
364 2360
562 1137
52 1646 2025 2313 2569
1670 1731 1847 1972
1099 1254 1878 2037
2255 2328
982 1004 1736 2182
1093 2233 2409 2618
1299 1652 2024
788 1869 1923 2546
840 2274
207 1404
645 1294
61 1542
189 393 460 487 1677 2019 2523
1002 1910 2439
334 2198
1795 2234
1576 2385
126 567 858
1459 2280
115 546
780 2414
176 967 1504 2052
820 1485
554 1842 2489 2492
160 800
1131 1269
270 598 977 1596
411 2586
167 2205
424 1833
230 364
778 1653 2206
1347 2383
379 1001 1563
271 2272 2327
188 421 855 944 2285
518 1384 2108
992 1362
493 1576 2381
106 162 486 1968
806 1779 2297
622 1811
310 2417
665 1136 1913 2023 2140 2160 2577
137 526 1171 1271 1394
2414 2627
600 705 729 1572 1597
703 940 2612
581 1063 1295 2645
553 1105 1658
2137 2363
72 1017 2147
2008 2596
70 1702
80 232
295 1280 1715 1830 2212
816 967 2338
1194 1756
768 2062
312 1053 1797
326 519 1309 1508
638 2291
611 1587 1588 2037
277 610
566 1618
780 1445 1649 2545
315 1180 2332
72 526 875 1498
1652 2229 2260
498 1185
1026 1743
338 2390
2359 2431
379 508 1245 1341
367 933
1422 1521
397 1221 2336
1747 1812
987 1787 2143
643 2036
1052 1423 1655 1865
381 408 574 1023 1117 1260
1498 1525 1540 1760
308 2291
237 1155 2451
1221 1849
1991 2372 2480
1285 1664 1751 2221 2569
402 1013 1145 1751 2546
313 1119 1510 1915 2126 2393 2658
429 843 1532
68 805 1328 2515
234 1172 1651 1888 2454
203 578 1261
234 362 824 844 2093
934 1165 1906
1145 1595 2137 2576
261 519 1140 1717 1731 2397 2558
1161 1722
763 983 1310 1812 2539
119 1842 1884
1008 1474 2073 2433
790 1581
640 1010
656 922
286 394 1670 2089 2549
89 1292 2204
1020 1796 1841
1206 1828
344 780 1201 2633
111 223 634 868 1318 1361
967 1633 1799
367 1516 1921
519 2583
788 887 1931
189 897 1051
849 2112
164 2264
620 694
669 1021
2003 2010
993 1720
1171 2037 2075
659 788
570 858
120 805 1107 2173 2350 2384
511 958 1267 2262 2567
753 1036 1690 2271
435 498 910 1955
167 658
121 324 1036 1630
104 943 1683
135 272 1009 2439
1648 2461
1368 1693 1806
144 858 2142
21 249 379 1008 1214
370 1604
527 760 1001
254 1679
1212 2652
1527 1858 2464
1275 1897
719 1085 1154
594 1804
845 1423
659 2161
153 1595 2402
56 407
326 415 2105
747 1291 1478
197 705 1462
150 385 416 621 1050
83 2189
471 989 2051 2167
1148 1613
838 1572 1583 1917
1525 1633
301 1060 1249
275 1469
817 1799
561 973 1448
1076 1259
409 807 1212
930 955 1753 2076
763 2435
283 289 2418 2525
773 966 1119
1213 1234 1508
722 1172 1928 2411
813 1231
1269 1462
1323 1909
1845 2541
734 803 2402
1203 1914
580 777 842
354 1005 1383
432 1109
635 1656 1792
637 1413
2567 2587
1201 2425
637 2257
488 1283 1785 2558
950 1593 1655 2330
768 1840
355 2003 2395
1023 1173
255 493
228 766 897 1081
681 1563 2255
1102 1380 1536 2444
199 1701
777 1846 2576
452 494 1694
750 1129 1297 1514
1324 2118 2407
240 1373
937 1002 1551
189 356 1666 2160
222 315 607 1318 2363
1366 1568
1020 2454
342 2181 2542
408 827 1177
541 1486 1982 2524
447 995 2524
1026 1365
318 1762
943 1008 1403 2522
544 1975
54 552 749 794 1804
520 566 2019
806 1263
137 1597 2086 2311
740 1681 2008
1537 1919 2633
912 939 1241 1242 2074
1329 1381
1682 1690 2659
923 943 2102 2622
298 600 1161 2142
1477 1484 2539 2597
18 501
263 1312
320 1645 1673
57 128 1500 2622
134 2203 2312
471 1109 1538 1604
1144 1510 1633 2637
332 1045 2344
159 1232
111 511 2127
1485 1492 1548 1893
356 1200 1888 2312
239 1342
974 1126 1275 2245 2576
340 1843 2397 2612
908 1615 1816 1896
232 1609 2081
1581 1841 2630
1428 1864
144 2271
1147 1318 1904
913 1539 2177
1370 1936 2272 2617
471 2220 2339 2517
85 488 1412 1489 1557 2268
492 1225 1639 1803
228 294 623
1007 1292 1793
1239 2152
373 409
555 2085 2188 2334
51 1354
199 882 1711
302 1260 1707 2509
791 1205 1739
970 1072 1720 2015 2406
1754 2609
1930 2381
690 1539
647 948 952 1663
611 889 2658
250 444 501
2559 2655
451 1197 1407 2313
320 2116
1201 2061 2122 2567
1285 1705
144 219
125 365 1015 1288 2251
1351 2100
616 2154
358 852 1562 1625 2027 2379
638 806
375 1537 1673
2225 2370 2422
221 782 809 2138
767 1171 1724 2062 2091
899 1830 2479 2596
508 2052
1795 1918
389 465 489 1034 1138 1642
409 416 484
302 2204
354 587 2527
108 910
446 1676 2306 2494
7 261 1141 2087
2531 2621
827 1910
739 1375 1619 1914 1957
1034 1951
470 893 1261 1588 1620 2435 2529 2560
312 498 1620
673 1053 1126 2344
1201 1560 1999 2544
1081 1199 2507
137 349 1659 2272
375 1556 2250 2319
284 568 1101 1394 1494 2159
808 903 2603
136 153
1452 1772
291 958 1155 1496 1544
949 2186 2237 2436 2458
796 1296 1949 1970 2499
247 621 1511 1541
438 1610 2622
1066 1843
1071 1263
837 2170
53 570 870
720 2153
999 2001
87 605 1935
485 618 1934
526 1065
114 1491 1965
618 2053 2273
222 1243
327 790 2419 2462
283 1794
