4443 6570
630 1444 1629 2430 3822
1428 3923
1338 1558 1677
649 3851
1578 2472
536 1237 1492 3994
561 2792
497 1493 4076
2419 2876
329 1534 3800 4443
679 1097 1149 2295
1959 3308
511 711 3508
737 1134
745 867 1521 1846
2427 2987 3335
969 1398
883 1331
1384 2328
2950 4208 4224
1389 2072 3178 3911
1003 3639
40 1021 1355 4064
696 1326 2580 4315
2252 4347
1028 1616 2840
294 1424 2457 4248
1146 1492 4429
422 2818 3108 4188
1779 2577 2912
1030 3070 3857
1981 2417 2467 3537
1658 1678
101 514 1450 2733 2803
1988 3032 4027
720 1039
305 1535 3370
777 2414 3254
3 2376
2061 3355 3874
171 2547
74 861 1606 3777
180 3194
1885 2552
311 1648 1781 2506
1813 3229
1312 3459 4238
2278 2913 3217
1107 3825
421 3596 4104
87 2322 3756
784 3366 4064
2913 4154
803 1542 1844 4041
2312 4190
357 658 1776
1644 2063 2939 3278 4019
3249 3265 3391 3913
1180 4184
1037 1268 2951 3104
1071 2182
540 1486 1934 2366 3315 3868
72 835 884 3131
1157 1454
10 2525
843 2437
2083 2881
2294 4404
2686 3894
2648 3588
201 4026
1209 2632 2956 3185 3581
357 805 2061 2869
1001 1804 1881
595 878 2269
152 1238
250 552 2778 2914 3332
1298 1313
1244 1567 2047 2547 3993 4216
1079 3131
4156 4227
809 2005 3539
238 475 1801 2655
762 1366 1638 1818 2695 3249 3961 4102
1346 1496
81 2849 4333
84 2195 3451
1218 1584 2433 3392
66 2114 4266
3040 3985
1702 2024 2841
364 2841
871 3080 4440
1854 3728
663 1224 3337 3676 4336
812 3437
564 4057
665 1357
3701 4432
226 606 2506
161 390 991 2366 3849 3922
2861 4219
1586 3902
1587 1929 2493 2739
128 1480 4331
782 1916
286 976 3348 3660
480 1595 3694
435 1741 2742 3049
1427 2488
1793 2099 3015 3722
264 3153
1220 3366
217 1693 1945 3307 4184 4201 4403
365 1374 3795
3041 4309
223 1496
317 370 2520 3432
3297 3805 4282
2497 4397
1100 3422 3852
210 1152 3115 3267
77 132
1397 4214
242 1683 3962
887 1221 3531
513 3374 3544
552 2965 3332
2799 4017
59 2010 3167 3527 3574
1913 2691 3960
4308 4401
61 2549 2628 2720
452 1086 4186
2426 4125
3289 3808
268 321 846
1591 3077
768 2412
1 955 1270 3401
814 1417 3841
4324 4346
1910 2636 3143 3586 4172
414 1079 2167
230 327 2085 3979
366 438
1235 1535 3522 3546
1582 2973
1012 1250 1759 3104 4334
188 748 3803
870 2463 3241 3570 3933 4405
60 368 1235 2072 2293 2630
1562 2553
324 2819 3567
1158 4160
3257 4229 4298
2055 2368 4188
329 338 370 588 1221
303 611 1856 2070 3434
2195 2305 3022
1062 4120
2043 2481 3230
2825 2885 4081
1298 3633 4364
2357 3691 4406
238 1025 2175 2562
3250 3816
126 1985 2866 3643
362 3985 4347 4386
867 1808 3072
1293 4107
7 2068
174 2778 3229 3278
1636 2804
221 319
137 4149
1711 1715 3538
283 827 1522 4343 4350
2314 2576 4073
964 4138
1543 4302
852 942 2030 3965
2860 2972 3873
283 999 1124 3135
222 788 1112 2965
2727 4309
2129 2443
852 1534 1772 1995 2144 2374
1914 2780
897 3038
1716 2868
2788 4303
900 2319 2531
1745 2014 4056
753 1337 4315
230 844 1820
917 2086
2532 2894
271 752 1881 4244
984 1478 1871 2779 3183
289 3613
3573 4411
843 1224 1932
1682 2437 3777
501 1125 2097 2577 2820 3660
250 1500
787 2435 2619 4150
3586 3816 4190
575 754 1510
1421 3953 4181
65 376 726 1595 2420 3725 4017
770 1538 3244 4311
559 1627 2316 3220 3664 3700 4253 4363
162 239 1019 1520
364 1494 2179 2307
563 864 3016 4250
402 2979
1622 2126 3283 3943
1749 3234 3435
464 1427 1853 2330 2507
2622 3098
1068 2117 4273
218 1294
1420 2841
57 2595
2324 3601
3866 4031
223 4357
1815 2122
177 3437
999 1696 1829 3271
950 1604 2981
106 1270
816 1251 4080
159 218 262 2238 2728
39 2900 3468 4437
1825 2513
1641 2332 3016 3098 3576 4303
1704 2010 2713 3583
562 2151 2153 2574
37 380 427 3662
4366 4414
181 725 1684 1874 2309 3328 3622
2849 4302
1461 2603 3131 3207 3565
937 2501 3846
524 1799 3414 3683
431 4012 4319
324 2739 3236
386 4115
2874 3722 4386
1015 1697 2231
2262 3311 3574 4249 4372
1577 3448
148 2052 2652
267 3755
1634 2388 3661
3812 4039 4281 4335
183 700 3083 4093 4228
199 2839 3627
1115 2780
225 2163 2457 2818 3216 4119
2991 3471 3522
1334 1544 2644
123 1889 2600 3706
2157 2647
191 1585 1930 2562 3726
408 1835 3060 4442
577 1991 3967
316 1069
83 1687 3976 4216
295 1667 3708
666 865 3523
1573 1851 2635
500 696 1122 1772 3601
251 604 3061 4409
1140 1697
1404 3188
1055 2227
162 1438
2472 2710 3920
734 2346 3235 4084
1209 1460
1158 2300 3520
42 247 4377
847 1019 3540 4343
950 2043 2129
865 1268 1343 3338
1120 1171 2072 2924
367 1529 1863 3524
232 1040 3793
3214 3808 3965 4138
313 2467
466 1056
136 965 3118 3241 3660 4347 4380
264 349
979 1818 2211 2774
2068 2336 2737
86 97 1114 1278 2369 2933
869 1825 3760
439 1284 2570
481 1548 1967
885 3972
1901 3245
760 2273
216 3249
93 953 1800 2222 3347
574 646 2285 2892
3626 3641 4222
3748 3803
303 2511
432 1149 2389 3609
58 4083
1519 2821
1676 3537
2092 3150 4157
703 2076
361 2697 3370 3986
387 412 820 980 1665 2327
608 1087 1257 3141 4186
2558 2694
990 1415 1919
383 738 1889 2051
2200 2708
1027 1137 3125 4206
2124 2845 3063 3396
3224 4332
1780 3361
2223 4254
2211 2719
1972 3537
2244 2315 3560
537 697 997
4093 4139
500 869 1236 1562 2175
2210 2679
1437 2447 2999 3345
403 1706
2237 2857
14 2319 3312
1838 2633 2640
117 3037 3607
2418 3292
750 2685 2852
511 2275 3697
557 767
1713 3212 3715
1160 2859
565 3391
321 3357
637 2582 4385
3510 3646
1426 1622
1913 2409 2779 3030
284 817
1057 1897
2892 3507
2458 2533 2634
1222 1749 2444 2666 2725 2846 2879
1899 3160 4127
89 1385 1415 3512 4175 4293
1424 2144 3461 3774
782 830 3204 3595
35 2178 3407
476 491 2675
1859 2518 4033
2092 2232
932 3433
450 940 1536 2716 2856 2979 4200
2918 4260
2898 3287
284 3425
760 1250 2654 4224
711 1505 2925
537 592 2171
215 1476 2953
1979 3991
301 2346 3188
1334 1644
2815 3946
1178 3097
1859 2059
1404 2291 2734
2292 3221 3610 4039
229 1826 4058 4325
705 1155 1760 1880
545 3485
1421 2288 4312
814 995
736 1507
358 1139 2219 2715 2777 2867 3139
101 590 4096
3274 3704
569 3741 4189
1535 2379
109 538 1390 2615 2703 3207 3669 4173
2126 2408 2948 3531 3803
1309 3279
696 745 819 2551 3154
2035 3832
2567 3895
249 939 1333 2433 2530 2859
532 1793 2866
675 3060
520 923
1800 3455 3855
539 917 2084 2659 3913 4138
658 2560 3107
2723 2976 3114 4158
198 487
79 1688 3556 3964
1920 2918
147 940 3191 3199 4091
466 2323 2535 4437
391 3458
638 892 1067 1075
488 2837 3368 3966
63 289 1851 2648 3357 3968
200 1441 2792 3923
63 2595 3677
2417 3460 3872 4144
1543 1672
1383 2701
1709 2853 3089 3271 4107
678 1070 2146 3862
644 1798
121 671 2575 2805
729 4121
3710 4422
841 936 2346
1151 1787 3435
355 2833 2976 4310
2736 4271
1021 3956
451 2030
2859 2922 3472 3540
10 3928
2988 3041
1 2339 2386
1153 3925
148 2211
1133 1609 1724 1767 4279
2742 4307
991 3126
150 460 1920 2503 3168 4357
3083 4263
2856 3338
1155 2458
327 1543 3074 3655
870 1279 1807 2080 4081
398 1621 1740 3983
1373 1470 1963
1824 2068
2938 2951 3098
1106 3174
233 890 1707 2042 2347 2536 4098
2481 2830 3729 3742 4208
403 632
141 413 2557
315 2300 4047
1989 3029
3523 3573
3477 4239
474 1766 2589 3071 3942 4411
176 1157 3579
54 3567
84 976
17 3575 3609 4211
293 3633 4301
2087 4015
506 3809
557 871
250 794 868 1081 1714
633 1541 1784 3183 3290 3613 4435
236 1825 3002 3284 3951 4245
130 3277
1542 2410 2529 4223
43 2031 3097 3556 3721
295 577
5 1339
361 1578
302 1305
1165 1392
2009 2749 3137 3434
2003 3126 4052
53 597 3466
1443 2038 2080 3489 3910
587 661 1178 3535 3690
626 1706 1789 1791
534 1377
1857 4345
125 316 620 1301 4375
11 198 279 1018 1864 2723 3832
1653 3094 3524 3658
990 1508 2147 3971 4335
1229 1773
418 1657 3945
847 2260 4024
2075 3297 4315
3725 4154
1800 2391
1035 1448 1633
1710 2113 2472
3041 3165 3326
2157 2205
979 2326 2529
868 2655 4172
78 693 905 2287 3975
1253 2129 2382 3999
2848 4373
2013 2582
117 311 4279
1198 1226
886 2327
1236 3598
375 2865
1720 3872
1000 3474
1754 2463 2528 3685
1634 2110 2981 3162
95 466 1040 1780 3048
404 2747 3571
729 3076 3411
2183 3941
28 2180 3364 4110
1902 1912 2403 2595
848 1934 2328
2065 3069 3636
902 4107
2435 3941
1506 2510 3176 3625 3783
629 1092 3387 4020
296 1389 2288 2817 3755
725 2948
1267 2820
257 3139
553 1288 1941 2381 2651 3120 3854
1113 2620
20 444 2671
2617 3454 3835
461 2001 2918 2971
1691 4255
1750 2426 2646 3514 4179
820 3078
502 879 1088 4439
625 1152 2811 3568
1079 2455 3534 4399
1768 3035 3660
2464 3012 3483
246 2099
61 2846
423 1169 2787 2865
1268 2466
89 469 1118 1307 2892
300 3735 4037
303 1318 2813 3450
2334 2760
1556 2950 3828
306 2266
1954 2088
1613 3532 3680
1522 2143 2644
1633 2740 3298 3393 4157
1862 1972 1994 3667 3975 4261
545 2837 3790
2859 3710 4085 4115
631 634 2060 3098
348 973
1515 3754
168 3864
346 1245 3051 3735
394 412 2565
330 2176 2968
1157 3902 4073
1645 2775
528 1640 1900 3525
457 1541 3287
1071 1568 2127
270 348 2845
1113 2820 2848
1091 1525 3131
1030 3349 3655 4355
1917 4239
493 2021 3965
198 1294 2860
663 1047 1254 3028
616 1647 2334
3457 4178 4440
539 1484 2274 2337 3098
3641 4101
53 3794
382 1568 2147 2957 3219
238 2011 2079 2088 3083 3609
1065 4030
1114 2014 3186
731 907
2187 4298
1195 3999
702 998 1728 2300 2961
379 1133 2357 2826 4300
522 1155 1921 2486 3003 3121
866 4102
1271 1765 3084 3479
96 3107 3256
516 4358
450 4245
1337 3773
226 2882
739 1665 3742
896 2057 4401
146 3658
229 1504
3281 4208
3126 3684 4004
2604 4090
1325 2622 4208 4219
255 556 1098 2858 3165 3589
562 910 2870 4324 4407
541 1344
393 876 2438 2908
778 2522 2904 4171
168 397 4135
1580 3281 4335
303 419 3798
1248 3331
1386 2840 4391
2747 3478
1015 1629
356 560 1120
477 2150
926 2172 2367 2545 2859 3518 3639
611 2801 2980 3355
1919 3485
1485 4313
467 2992
2055 2409 2571 2651 3086
1124 1339 1597
2411 3537 3700
3127 3890 4406
1118 2164
563 626 1289 1638
666 1192 2521 2921 3375
199 1675 2736
51 2302 3604
2335 2444 3692 4012
1667 3450
1233 3458
44 932 1467 2356
1262 2374 2803 3096 3109
1112 1680 2980 3923 4087 4111
181 1327 2319
1452 3072
496 1521 3121 3859
71 100 2287 3042 3808
608 1313
246 1240 2420 2815 3624
1712 1853 4267
599 1309 2777 3203
277 2206
2366 2677 3239 3539 4056
194 1451
1476 1854 2086 2684 4323
2276 2515 3115
765 1082 3481 3744
1196 1260 2011 2600 3824
653 1423 3535
831 2738
2287 3446
1836 2440 3093
208 633 1145 2919
486 629 1135 1412 2120 3076 3816
770 4098
2025 2281 4381 4395
2491 3510 3584
748 1905
96 632 3569
3604 3789 4246
339 2281 4279 4369
76 1044 1305 2106 4091
846 1649 3789
2241 3822
264 1088 1561 3373 4149
490 2239 4399
199 3960
1437 2476
919 2124 2189 2985 3821
111 490 803
3846 3921
403 432 3185 3918
192 3472 3562 4035
256 2600
1798 2271
2387 3305
817 984 2916
47 2056
1368 1854 2399
1151 3378 3803 4407
888 1936 3209 3222
755 2071 3064 4043 4080
277 1034 1733 3742 4089
2199 2675
1934 2368 3682 3879
595 940 1303 1305 1445
681 1954 2471
252 900 1035
1849 2387 3201
61 509 1629
514 1074
415 1791
41 1366
592 2376 2702 2767 3804 4016
981 2515
248 2892 4222
1176 2322 2847 3271
1067 3277
2710 2749 3344
1350 1526
909 1097 2612 2766 3280
1409 2660
2958 3354
2098 2849 3019 3708
892 2336 2452 2515 3451 4418
2954 3632
1214 1224 3511 3743
1090 2528
94 4412
472 2435
1859 2010 2397 3684
1010 1281 1527
368 1452 1878 2793 3964
847 2140 2983
1385 3766 4038
929 2085 3308 3519
37 1780 3763
1757 2900 3077
715 2495 3972 4324
3405 4432
146 1107 4093 4372
198 1642
1344 3771 4292
631 3117 3526 4217
2051 2953 4297
104 373
1412 3724
1318 2170 2902
271 3551
968 1481 2425 3150 3296
107 1210
898 2173 2849 4133
2272 3440 3863
1605 3458 3861 3917
649 1726 2422
1010 2482 4159
1268 4012 4161
2025 4094
2154 2821
651 3686
11 504 1874 3103
20 545 1757 1807 2646
558 2320 2693 3147 4183
1326 3895
686 4064 4377
44 3289 4334
1034 1929 2078 4390
808 921 3668
436 655 1864 2344 2989
2139 3586 3682
3043 4379
1896 1978 3191 3198
20 1008 3445
1225 2818 3003 3819
1294 3401 3697
1545 4118
3201 4223
260 3219
1773 1819 3515
874 2308 4317 4389
2448 2955
3221 4349
734 2646
1255 1378 3571
730 4435
1046 1868
2061 2858
322 3528
895 2147
1447 1501 2483
36 2371 3803
2241 3289
2052 2959
2243 2458 3666
536 1728
1685 2917
331 1467 3842 4246
105 585 4432
1062 1979
448 1183 3049 4373
2411 2898
1160 1939 2199 2397
506 576 604 2721 3523
70 1530
444 748 1312
3409 4265
3670 4368
306 1782
564 1018 1344 3712 3840 4030 4196
1063 1832 2874 3800
1341 1352 1357 1847 3345
1996 2324
320 391 659 2572
335 2441 3429
179 988 1069
551 1710 3657 4367
2479 3512
520 3730
2031 2429
2357 2803
2381 4033 4287
2296 2875 3109 4088
392 2584
1024 2982 3263 3497 3638 4026
864 1524 3362 3653
169 780 1644
714 1315 3532 4414
500 2050 2226 4414
55 652 1178 4085
3512 3523 3771
1193 2231
304 922 1189 1826 4068 4274
438 2777 3337 3422
2952 4389
543 3570
2195 3586 4249
1508 2314 4356
1287 1721
1532 1754
223 4039
530 703 2332 2688
1265 1474 2746
1307 4251
1157 3862
1233 3104
384 2654 4080
2394 2863 3072
298 322 2232 2336 2769 2975
1065 1702
2655 4196
2456 2698 2904 3192
2184 2543 3042
1635 2186 2645 2751 3891
1525 1554
1481 2684 4151
2545 3326 4037
2144 2419 3296
1164 1347 1648 2393
238 253 808 1969 2842 3671
668 4434
221 1706 2020 2079 2236 2559 4062
2706 3732
2620 4076 4169
190 279 3121
227 1073 1297 4040
690 3448
781 4291
2399 3765 4175
381 1462
2361 2670
525 1323 1370 1629 1820
510 1637 1913 2242
1758 4001
413 3889
47 2874 3123
339 1611 2041 3156 3774
329 3715
833 1169 2295
3845 4278
493 903 2518 3516
332 1570
61 653 671 2688
2795 3430
908 1171
622 1106
1029 1223 3189
159 511 866
2408 2901
628 3563
1476 3987
1270 2858
114 1561 2748 3982
1178 3147
983 2683 4313
787 1854
1493 1926 2025
1563 3520
1731 2453 3760 4054
85 443 1057 2008 3565
928 1209
1825 3639
1607 3575
617 1026 3331 4118
3668 3891
812 877
947 1623 2333 3864
1697 4199
1955 2279 4086
365 2025 3643 3790 4123
3384 3581 4100
1029 1216 1385 4078 4210
2411 3015
1025 2890
3456 4166
449 991 1037 2854
273 1256 2457 2757 3291 3776
827 2504
1495 2658 3452
3101 4205
843 1739 3764
176 3115
2013 2503 2557 3285
1207 2951 3545 3747 3783
407 2743 3518 3961
565 1890 2324 2376 3590 3684
2806 3948
1753 1899 3383 3724
730 1980
2120 2323
490 1795 2593
838 4005 4301
212 679
246 579 3683
55 1839
1430 2411
414 696 861 1270 2089 2295 3974
1032 1357 2615 4311
540 1000
2062 2210
3481 3945 4301
303 1993
625 2694 3698
1934 2575
603 3433 4020 4372
3547 4120
1921 2658 2980 4281
2753 2860 3574 3955
28 304 1179 1379 2894
678 795 1232
1239 2471 2684
2455 2843
451 4172
1113 2141 3549 3926 4139
162 2222 2701 3426 3469
188 1029 3648
1029 2291 2849 4080
1495 2099 2210
2365 2440 3768
152 170 1496 2176
139 4017
2792 3620 3689
473 988
258 2704 3601
655 1246
1418 2197
2982 3402 4169
774 1108 2219
1946 4271
489 1883
640 877 1982
732 4210
418 1734 2500
1047 2986 3581 4307
2073 2382 2832
1829 4174
20 1720 2627 2825
2657 3349
1543 2554 3192 3533
699 1004 3456 4114
217 1411
3503 3889
1258 1939 4239
1554 2732 3683 3692
2432 3581
1673 2873
337 1031 2397
1846 3963 3996
864 1861 3437 3558
1073 2189
415 1517
160 3485
306 2088 3676
171 2107 2825 3438
884 898 2176 2409 3305 3426
181 1596 2815 3634
2924 3771 4399
1569 1699 2235 3454 3962 4226
3172 3201 3813
645 2757 3225 4198
1470 3230 3413 3825 3997
1527 1823 3417
2167 2964 3889 3905 4101 4423
245 949
335 3199
665 1031 1104 3250
2554 3298 4177
1848 2919 4369
3593 4112
133 866 1454 3409
115 3464 3505
1909 4006
2651 4257
565 3166
582 1718 1800 3809
2725 3033 3479 3533
2110 2719
599 2874
705 2853 3960
736 937 1400
766 3419 4200
1354 1467
717 1130 1539 2902 3351 3640 4144
1010 1872 2372 3970
1879 2318 2610 3197
1488 2760
1364 2792 3126
1550 2605
1233 1563 2784
1065 1996 2437 2695 3150 3615 3778
621 3634 3887
1251 1677 2057
527 1118 2135 2526 2567 2670 3342
1044 1178 2544 2575
890 3676
82 4096
1516 4041
83 2056
2610 3058 3422 3601
613 1290 2107
700 3982
1144 2478
603 939
1040 2092
415 2096 4434 4440
1250 3686
974 3911
1732 3507 3650 4023
1236 3143 4275
1337 2447 3210
1365 2858 2999 3620 4345
1296 1494 2492 3199
1544 1968 3443 3711
1711 3722
1375 4261
37 885 2429 4052
447 3946
1229 1370
1905 4430
271 2253 4174
1214 1544 3741 4254
2776 4306
2118 3934
336 737 2907 3895
381 4329
2901 4080
120 2251
417 1140 1239
178 2203 3144 3351
3597 3623
240 375 1051 1490 4277
1241 3992
177 1072 1901 3516
106 421 2115
209 1456 2248 2406 3221 4404
2423 3592
1493 1495
2830 4008 4440
3582 4373
347 2027 4021 4216
1604 2919 4404
471 1434
852 1097 2734 2874
2330 3585
38 228 917
2550 3221
89 344 722 747 800 2518 3066 4194
3 3225 4033
1394 2107 3989 4278
803 812 2040 3195
244 1201 2020 3230 3489
1587 2145 2455 4176
768 1207 1417 2163 3543
1828 3565 3649
2269 4275
47 2546 3814
293 360 3345 3654
411 1524 2919 3016 4073
307 1222 1326 3732 3908
544 2216 3828
307 1665 1738
948 1306 2193 3715
1169 1726 1783 3040
2180 3326
612 1578
2003 2159 3387 4185
336 446
1665 2216 3709 4167
1532 2731 3422
2909 4007
191 1459 1659 3267 3637
1338 3797
1165 1678 3319 4302 4307
639 2233
172 257 293 497 1239 1708 2277 4367
811 2683
175 2397 4036
685 1948 3659 3734
2735 3195
115 567 3896
846 2067 3719 3993
2818 3099 4371
2206 2762 3019
523 863 4047
2062 2197
3702 3941
338 1562
22 512
2380 3324
760 1193 1261 1916 2191 3775 4437
915 1270 3732
1032 1816 1887
579 2218
2132 3246
682 4361
1517 2072 3152 3426
2545 4307
204 555 3371 4249 4337
914 938 3464 4036
78 1259 3893
685 755 2549
1099 1308 4430
1366 1602 1789 3233
208 1014
1564 2604 2959 3021 3979 4428
222 2744 4390
1159 3503
1765 2331
340 3632
1371 2127
334 3814
1623 3490
1006 1884 2576
11 1400
486 1932 2938 3830 4101
4103 4183
2534 3612 3719
1705 2200 2844 3045 3496 4224
814 3135
316 1004 1124 4155
99 320 2560 3262
951 2403 2539
772 3048
652 2765 3346 4359
13 607 1769 2847 3562
742 1052 1583 2051
2309 2318
4117 4293
3406 3606 3648 4355
324 3594 3673
1808 3135 4362
3804 4117
2242 2844 3060 3440
1610 3755
3246 3788
574 1294 2077
1091 4257
1561 2523
1256 1708 2605
1180 2636 2842 2880 4222
424 1347 1712 3186
2438 3982
379 946 1014 2530 2858 3968
610 1542 2197
1567 3605
1386 2264
3209 3848
606 2205 2863
393 1200 3206
1100 1338 3166
105 4098
1359 2491 4163
900 2916 3219
289 658 1958
997 1695 1871
283 2710 4031 4416
1104 1545 1854 3696
3268 3862
1904 4220
1465 4284
1345 3895
865 2458 2987 3930 4198
686 4440
3523 3917
26 355 462 1604 3047 3435 4207
2430 2942 3303
456 1943
4074 4435
1546 3436
482 1458 3917 3986
2075 2879
1637 2380 2908
554 1676 2199 3801
409 4404
2998 4102
2749 3647
1508 1531 3281
2328 2393 4134
1244 2863 3753 4398
445 891 2671
594 2297 4037 4427
3028 4088 4202
3755 4071
2102 2505 4134
273 1703
1468 2521 4152
2680 3316
314 1762 4306
1286 3660
1046 1845
1668 1895
1427 1764 2025 4202 4344 4368
762 1589
442 2029 3341 3471
899 1781 3519 3548
1084 1169 1832 2390 2397 4278
1401 3488
1483 2559
1209 3539 4374
359 3449 4102
1176 1954 2088 3300 3925
812 3774
671 1194 1324
1595 1731
212 2574 3036 4235
125 1453
709 1553 2894
1164 4353
190 1493 2731 3497 3833
2977 3761 4411
3125 3728 4347
3859 4306
1106 1874 4429
257 3644 4040 4105
380 428 941 1475 1906 3341
601 1658 2904 4395
1171 2072 2572 3238 3589
145 717 1565 2597
1028 2934
103 2444
3662 3964
1620 2402
1775 2849
3707 4007
310 980 1488 2680 3964
2469 3083
2941 2983 3465 3474
2394 4426
576 3024
716 1631
752 2136 3706
547 1216 2447 2608 3108
1656 1660 2697 4063
892 1529 4049
1643 3695
414 702 2956 4153
456 4161
917 2734
1663 1833 2064 2192
1986 2825
1870 2153 2186 3129 3490 3797
771 3494
320 3073 3323
695 851 1678
502 1370 2654 4197
1009 4122
43 426 3284
549 760 2054
2273 3208
2063 2233 2248 3017
699 760 1762 2304 2394 2395 2783
575 2597
557 1864 1984 2897 4325
556 1856 2699
1951 2141 2793
3992 4305
1734 2473 4429
2506 3905 4070 4352
1752 4292
538 2648
367 1517 4135
4038 4335
1701 2105 3567
404 1407
65 2878 3095 3142
794 3643
3373 4152
458 1062
2805 3091
2070 2097
2364 2562 2765 3801
2866 4108
1072 1609
2559 4201
1942 3227 3971 4062
2709 3860
2604 4296
434 1427 3543
440 2675
546 1747
1876 2129
203 2438 3670
3490 4362
895 1745
2399 4363
1521 1647 2355
1029 2342 3293
3971 4441
803 1597 1814 2934 3919 3971
2415 3710 3753 3991
641 2391 4405
1218 3740
4135 4311
1618 3920 4147
3084 3510
1134 1492 1519 3325
291 1525 1989 2166 3478 4366
1364 3541
173 1288 3518 4027
2322 3156 3913
615 1974 2963 3125
1602 3853 4330
1206 2980 3246 3531
1402 2631
114 713 3616
2480 2647
567 1489
1599 2543 3084
103 2484 2523 3021
1675 3377
2349 3567 3778 4355
1728 2750 3997
821 2033 2311 3745
620 1610 2859 4294
1078 2219 3065
1854 2583 2750
2901 3443 3813
20 1960 2299 2765
1308 3203 3718
3288 4381
2333 4257
1462 4354
1803 2239 2295 4169
1296 1926 2524
330 750 1688 1783 2497 3994 4085
120 1661
98 4280
401 3642 3939
133 3189
819 2009 2628 3486 3973
415 891 1052 3791 4305
2351 3297
2150 2197 2608
2860 3201
2833 3026
2790 2814 3541
299 1809
1689 2161 2887 3725 4374
1784 2081
2693 2784
317 880 2741 3335 3837
1225 1652 2497 3123
1556 2503
970 1442 2269 3048 3307
1808 3481
2813 3745
3023 3548 4119
3050 3208 4361
764 1279 2756
657 1713 3867 4368
1640 2893
1739 2465 3929 4184
79 989 2996
2223 2556
629 2824
2190 4215
7 2297 3778
1641 3561
201 1296
1784 3131
1055 3246
1899 1907 3405
608 1627 2042 2356 2397 3197 3741
2388 2904 3695
607 2327
954 1879 4046
603 1971 3767 3979
632 3531 4372
452 779
193 1355 1878
1956 4102
2241 3517 4428
1333 2774 4417
1053 1106 3535 3680
294 3632
465 1820
126 451 2880 4129
1167 2146 2362
3623 3793
1437 3368 3979
127 452 3057 3132 3730 4124
2287 3279 3467 3737 4104
93 1397 1944 4035
1060 2278 2963
656 1195 2774
1780 1830 3197
3591 3766
3843 4100
2855 3256
655 1535 2837
2194 3706
721 1357 1753
1006 1057 2642 4231
548 2635 3698 3870
288 1287 1948 2131 3461
63 861 2005 2296 2906
65 1045 2724 3015
1008 1862
221 2673
2265 3761 3838 3943
75 3633
361 1718 2524 2647
17 2884 3776
31 272 918 963 1779 2189
1175 2999 3456 3570
343 2807 2947 3839
1731 2738 3090 3506 4297
1458 3635
686 1292 1685 2700
1185 2313 2607 3019 3088
4 1777 3191 3820
737 1566 4392
928 1877
356 2643 2770 2971 3109 3566 4194
1265 1545
2712 2976 3721 4124
350 2377 3104 4091
958 4104
22 78 3250
1031 2694 3750
395 1727 4002
698 1016 2170 2610
1034 1039 1253 2654
528 3086
238 3826
2953 3645
2159 4006
1345 3502
1218 4161
1010 3591 3950
1814 3695
1062 2440 3305
2113 2382
2851 3766
1392 2827
2043 3456
1722 2431
1063 3940
278 2482 3397
1287 1495 4261
941 1349 1876 2853 3605
375 1631
2606 3195
3219 3325 3451
2031 2140 4190
1872 3925 4012
347 1394 1404 3360 4334
1453 2096 2859
475 1860 3719
1778 2836 4307
105 141 1060
283 2512
2323 2466 2492
910 978 1861 4240
1959 3697
1378 2750
318 970 1344 3637 4268
1883 3668
399 962
175 3517 4193
2958 3119
1808 3257
3387 3643
431 1816 3539 3687
431 2858 3800
1749 3428 4152
552 3123 3838
1995 3449 4139
1339 1653 2243 2277 4424
575 1267 1979 3317
262 939 2097 3744
2710 3999
174 1854 2482
108 2333 3754
1611 3672
184 2965
2847 3186
280 509 750 1135
2488 2565 3573
68 1668
717 4048
3497 3727
2814 3682 4325
1560 1722 2844
2832 2942 2994
1434 1678 3737
503 2851 3649
263 355 3267 4315
879 3027 3642 4175
2300 3162
976 2087 2303
2097 4301
233 2081 3409 4123 4238 4323
8 520
1594 4322 4432
584 1693 3621
2060 3913
157 448 2255
1628 1743 3932
883 1418 3384
267 970
1783 2864 3745 4091
309 1963
755 1579
1165 1391 3462
1020 1323 1818 3292 4123
838 1034 1475 4051
2075 2294
155 465
3444 3580
441 475 1575 2672
708 1392 4406
658 1747 2773 3430 4057
122 1272 1955
13 111 2537 2557 3142
112 527 2967 4025
2849 3742 3863
678 2619
2512 3906 4292
2908 3842 4165
886 3164 3830
3272 4133
3586 3923 4179
509 2327 3551 3628
1933 2412 4112 4158
2436 3208 3373 3917
2321 4423
2876 4065 4360
107 344 2984 3355 3413
368 1613 4152
1377 3437
1019 1046 3799
407 2308 2531 2539 4154
469 929
657 1075 3316
703 1902
679 685
864 1050 2376 3370 3848 3898
1318 2229 2453 3134 3441
3511 3889
1434 3331
610 1159 1831
286 1064 2127 3004
259 3075 3833
1256 1454 3961
1379 1740 3354 3388
2257 3514
53 553 2337
78 458 1240 2461 2671
1540 3440
449 2848
457 782
470 2279
636 971
1445 2035
569 2856
2471 2962
1398 2739
1998 3001 3152
346 1059 1219 2075
2811 2868 3152 3774
358 656 2650
2441 4269
1611 2672
940 2837
192 2162
3326 3603 4192
750 3917
700 3211 3549
2384 3738
1246 1642 3212
282 1294 2643
830 1588
135 687 4256
870 3296
901 939 1020 2523 4005
466 2872
357 560 1514 1948
1775 4275
892 3076
574 2817 3099 3739 4092
991 1305 1478 4407
71 295 1657
148 1616 2154
2018 4213
92 1033 2094
1893 2331
413 1075 4005 4290
323 2702
1607 2686 2971 4001
185 517
581 919 2002
556 3116
2266 3408 3822
1747 2110 2972
1086 4229
1017 1038 1503 2287
2335 3222
1011 1177 2744 2805 2893 3819
3772 4324
3289 3501
3928 4119
1252 2622 2635
1669 2618 3266
46 419 3033 3732 3843 4347
503 701 4209
1642 1779 2387
497 2382 3076
1391 2953
1098 1334
489 1056 3812
2339 4098
2039 2781
2426 2822 4031 4245
615 3013 3755
508 927
3209 3575
2722 2933
345 1880 4373
267 1680 2341
586 4029
903 1984 3265
148 3009 4184
4021 4050
1657 1782
920 999 1690 3365 3414
149 777 1326 3760
19 67 4371 4379
435 1120 3582 4350
865 2126 2780
1702 2024 4347
1959 2389 4073
2930 3548 4192
143 797
1426 3494
1697 4173
478 1812
1444 3829
3097 4034 4200
259 493
2075 4059 4130
905 4404
962 2421 3070 3234
281 1113 2237 3982
2529 3237 3309
101 1145
3768 3958
2775 3002 3538 3607
126 429 1417 4092
53 159 1399 2940 3077 3106 4124
671 1254 3784
403 971 1880
2576 3150
414 936 1424 3616
1351 1737 1841
1938 2106
1560 2128 3032
2450 4375
1781 3049 3239 4193
913 3402
520 1380 2975 3672 3751
2516 3635
298 1826 2795 3017 3739
800 1497 2290
1373 2160 2171 2565
2966 3008
1833 2976
1941 4169
821 1546
1132 2845 3601 3771 3864
519 1942
476 822 1119 2899 3267 4282
465 515 3985 4143
3814 4068
740 1773 2334 2728
494 1484
192 1066
608 2146 2946 4298
16 2212
1046 2693 4430
242 3406 3610
1270 1279 3073 3719 4248
112 2188
1217 3451 3713
327 1100 2209 2831 4297
154 3930 4045
36 824 1773 2434 2719 3720
317 3115
265 3079 3682
1077 2193 3380
4068 4212
2273 2511 2920
44 301 1426 2154 2268 4063
2698 3228 3257
2140 2163 2575 3434
1489 3049
589 3354
25 2360
1284 1942 3843 4348
905 1197 3051
541 3579 4199
275 3537 4050
1006 2357 2953 4213
3286 4031 4385
347 2244 2386
1217 3024 3096
2407 4173
758 1326 2183 2961
1146 1453 3643
1535 3706 3995
105 920
3613 3826
1550 2570 3748
283 1364
1875 2765
2372 2693
1268 2142
17 1019 2795 3444
288 1391 1859 1955 2315 3366 4036
1563 2651
1703 1766 2560 2565 3578
1166 2914 3694
2916 3668
145 1607 3132 3855
911 1095 2364 2528 2923 3610
950 3352 3583
461 1181 1273 1658 1960
1540 3643
1725 1733
825 4206
1386 2073 2187 2722 2913
1479 3230 3651 4408
1009 1631 3129
2 3267
2114 2496
1051 1089 1321
1687 2816
127 902 1169 1480 2565 3263 3623
800 2405 3516
2718 3932
1207 4403
42 3091 3244
3539 4265
2450 3641 4055
1114 2389 4200
1404 2022 3848
632 2384 2436 2772 3907
124 393 3393 4026
1895 2295 4183
2635 2898
125 2355 4044
493 1630 2935
658 1545 2364
467 1193 1501 2281 3729
1881 3631 3634
417 2469 3508
762 2812 4313
317 4297
2846 4441
1346 1522 2493 2933 3925
835 1986 2170
165 1534 4055
48 113 1809 2744 2897
1044 4092 4102 4216 4318
851 1531 4224
297 1757 1944
404 2468 2812 3373 3686
655 3350 3559
220 2261 4050
2275 2940
809 1815 3898 4050
2517 3522
758 3282
880 1261 1345 1939
493 920 1155
1202 1624 3019
2902 3130 3811 4419
838 1370 2171
2333 4244
1969 3866 4354
1793 2177 3598
3259 4033
808 1407 1522 2963
887 3261
1411 1465 3060
803 1640 1746 3070 3943 4438
2669 3349 3583 3866
290 4239
795 2767 3252 3504
214 1875 3389 3533
2180 3904 4192
3190 4393
1957 2025 3332
1568 3045
657 1305 3162 3909
611 3129
1178 1991
760 1128 3557 3788
2863 3295 4248
2985 3543
1090 4103
2170 3331 3693
2352 3259 3299
880 1155 1317 1494 2468 3662
1250 1343
1575 1870 2201 3047 4070
103 1521 1696 1984 4412
423 3037 3847
1819 3634
806 3468
1210 3345 4294
242 989 3910
93 2354 2383
2999 3492 3545
818 2859
632 3501 3777
1118 1730 3854
456 4064 4141
1141 1578 3301 3615
1641 3820
398 1173 3425
781 842 2963
3049 4439
344 744
108 140 4166
677 924 3473 4371
1265 1776 3654
1730 2126 2262 2374
2316 3630
363 1260 2379
780 806 892 2869
536 3042
1157 1202
1171 2231
564 2710 4263
3903 4303
689 1458 2594 3742
2135 4041
425 3234 3384
41 972 2929 3429
2258 2347 2415 2638 4420
403 1147 1835
246 1138 2362 2523
1228 2927 4395
824 1545 3346
1494 3489
111 1805
2025 2707 3515 3722
288 1932 2893 4115
432 1072 2082
498 2174
105 456 489 3056
845 1256 2897 4036
2780 2787 3389 3773
942 3012 3805
1226 2261 2270 3252 3661
441 735 1971 3669
41 1434 3084 3224
1821 2566 2974
1132 1575 1842 2494
12 494 1928 2296
2861 2951
534 1494
579 974
50 254
995 1376
1278 3426
2586 2743 2852 3054 3256
1675 4101
3920 4376
3009 3403 4247
1651 4218
2595 2614
55 1666 2136 3406
186 3374
36 312 3511 4344
1060 2360
412 3718
4310 4408
722 1016 1400 2423
897 1394 3727
1776 1928 2214 2743
403 798 879 3873
84 1179
178 622 2389 3794 4413
2284 2673 3887
156 1012 2563 2696 3171
300 4181
1634 1680 2059
851 3759 4123
1241 2531 3531
159 510 687 1770 3025
2826 3473
661 1391 1906 3547
347 469 948 2030 2064 2884 3189
1962 3069 3886
1387 2486 3723 4132 4176
440 2335
170 968 1142 1260 2938 2960 4387
1531 2892
1143 4195
1608 2771
653 1529
1665 4311
1096 1190
2036 2673
1379 2756
1145 4402
4031 4047
807 2086 3107
838 3280
650 1470 1634 3524 4242
2470 3288
946 2616
1813 2358 2590 2762
35 646 3561
151 2398
1597 3476 3566
1941 2600 4440
1905 1913 2798 3957
333 3171 3362
1316 2222 3350 4352
1796 2156
2289 2830 3490 3711
789 2570 3430
1706 2710
161 1771
1341 2186 3341 3559 3604 4013
617 1110 2170 2857 4036
773 4431
1710 3023 3246
365 1527
1010 2149 2410 4221
621 2436
1998 4372
143 1572 2407 3676
475 2219 3303
1058 3134
1729 2403 3817 4284
203 2223 2361 4142
291 294 993 2170
147 1847 2787 4068 4319
2329 3184 3811
146 945
17 1921 2423 2656
760 2987 3517 3791
626 1036 2625
315 1286 2353 2659
150 827 2232
950 2395 4418
812 1666 2440 3718
1084 2425 4315
1329 1417
352 2404 3497
883 1469 2542 4224
3958 4311 4410
1647 1679 2061
1631 3231
591 2787 4366
1945 3513 4076
295 2971
81 101 359 379
2948 2980
395 1810 3948 4027 4145
1193 1966 3396 3876
2723 3508
1770 1855
3204 4047
2226 4012
417 485 2082
3254 3813
145 271 3097
106 135 207 290 1543
999 2874 3179
1468 1685 1894 3036
165 3537
90 811 1093 3360 4355
2438 3035
1541 1678 3754
1071 2612 2819
637 1972 2325
674 722 1149 1174 4260
53 3973
263 339 718 1216 2627
384 1062 3518
1945 2576
93 1273 2497 3373
2988 3335
223 1162 3484
805 988 3016 4111
86 1514 1598
1279 2398 3503
2246 3200
266 532 666 1354 2795
2460 3911 3975
1327 3753
1522 3313
1098 3000 4245
188 4011
1383 3404
1578 2248 3267 4145
1686 3173 4186
1156 1237 1353 2726
1521 2515
94 353 423 4279
3326 3353
1331 1826
1491 2156 2391 3863 4302
938 1542
2647 3735
716 2885
2038 2040 3408
525 1490 3377
1236 3990 4009
1575 3083 3380 3717 3869 4363
1338 2102 2709 4283
1655 3545
2083 2719 3177 3712
1875 3019 3310 3794
1478 4041
742 869 2292 2703 3410
863 1284 2019 3405 4117 4410
523 1396 1509 4245
2691 3139 3693
2156 3692
161 449 2538 3217 3676
1656 2028 4021 4250
916 4071
3110 4396
1095 2899 4350
610 3108 3608
4207 4238
1283 3857
3908 4263
734 3605
1053 2367 2853 3464
873 2954 3072 4137
1509 1519 2975 3260 4012
77 3216 3968
2092 2732
226 514 2394 3493
61 1350
2455 3270 3526 3783
952 1752 2807 2896 3071
717 2228
221 3920
77 300 2657 3684 3711
2021 3066
24 861 1421 2639
1585 3196 3995 4189
507 2114 3953
2962 3311
243 2985
1094 1404 2349 3388
3098 3216
20 1295 2205 2206 2806 2813 3276
836 3311
2785 3054 3904
54 1346 1906 2576 4429
109 649 815 2177 3781
1806 2590
2295 4244
332 2499 3287
3767 4392
2138 2163
1391 1480
2876 3284 4038 4421
3381 3923 4002
715 2200 3983 3991
977 3129
522 830 913 4395
145 1811 3414 3846 4205
566 2691 3759
1825 2715
577 2457 2672 2872
3443 3507 4165
992 1112 1250 1268 1380 1795 3040 3873
1867 2415
2084 3520
1316 2751 3367 3519 3778 4121
378 2892 3637 4006
1598 4185 4392
1649 2507 3581
357 3397
1202 4081
1387 3114 3173 3695 4125
257 561
916 3982
2275 3259 3375
411 596
3123 3867
677 2185 2724 2770
781 1338 1728 3967 4100
2081 2535 2632
1349 2051 3152 4296
984 2353 2664 3527 4090
1660 2011 2451 2659 2943 3287
1122 3357
1223 1635
2070 4042 4044 4204
3423 4332 4376
224 1121 2779 3046 4275 4401
532 1320 1971
141 4270 4335
475 3440
1959 2828
1649 2836
1373 3323
834 2149
967 1847 3813
401 1457
1856 2758 4066
365 816 1146 1355 1498 3354
933 2237 3728
800 1401 1933 2676
398 596 1060
2983 3114 3354 3418
221 1471
290 3225 3622
167 2543 3054
476 1387 3781
745 2386 4148
968 4185
863 3184
1075 3007
81 190
2311 2660
671 939 1187 1415 2435 4428
739 3448
94 663 2094 2832 3330 3464
1126 1491 1760 1894 2843
1552 2421 3177
119 1107 2639 3524
103 1107 1356 4225
2991 4111
3310 3535 4025
872 1052 2216 2402 2934 3735
431 827 1279 3171
223 2071 2840
141 1147
1026 4183
480 960 1861 2262 3090
806 1593 1611
413 4329
2331 2565
152 1501 1763 2537 3390 3491
1715 4314
1217 1591 3854
685 1992 2290 2639 2716 4172 4244 4379
84 238 2134 2893 3983
2570 2643 3791
1337 1898 2100 2167
1371 1656 2875
4163 4238
1056 1759 2568
1263 2743
723 861
328 562 4092 4348
383 1322 2205 2651 2960 3466
368 2469 4385
3820 4004 4158
446 2103 2276
1321 2180 2319 2478 3576
2349 3408
542 740 1711 2155 4146 4263
2712 2715
2555 3263 3564 4119
3183 3364
842 4042
460 2686
2063 2435 3687 3861 4198
1942 2448
2951 4125
461 2046 3893
1589 4123
135 799 888 3241
119 1500
347 1727
2190 2308 3048
2658 3327 3635 3857
612 1280 1573 1901 2863 2922
1385 2328 3459
368 761
7 415 1594 1916 2754
588 1931 2996
281 3581
178 3189
258 3121 3501
750 2498
2452 3584
4038 4311
468 1404 2607 3108 3256
666 3080 3636
1038 1295 1678 2449
10 2907
2478 3489
1347 2563
27 3117
1590 4400
1456 1509 3210
3597 3930 4431
283 1295 2463
421 581 827 3179
118 1649 1893
921 3963
101 1787
1511 3097
864 3539
41 268 1103
2276 2483 3184
1022 1240 2879
1281 1625 2085
1777 2284
221 1357 2054 2338
3511 4334
34 3475
2886 3397 3883
2002 3685 3730
1167 2142 2239
96 1451 3503
1193 1250 2918 2932
1541 2032 3453
122 1989
706 2858 2981
1201 2625 3369 3429
1576 2153 3299 3929 4002 4050
1989 2334 3622
440 3365
471 3910
1593 1800
1169 1932 2055 3458
922 2246
752 2562 4330
403 1321 3364
139 2143
257 3766
35 2098 2620 3637
847 1646 4077
926 1161 2308 3365 4138 4405
629 2858
99 1272 1296 1973
1256 1463 1893 2592 2957 4108
3473 3889
1146 2723
77 2138
2255 3063
661 1171
742 3983
2499 2671 3210
2330 2463
714 1864 2785
720 2205
645 1185 2352 2557 4257
854 3965
2504 3859
2861 3774
35 3677
208 297 657 1793 2074
2938 3323 3643
2730 3367
640 1985 2677 3914
1149 1544
1153 3155 3916 4011
81 780 949 1938 2979 3199
682 4016 4222 4274
1054 1195 2763 2980 3012
1680 2739
935 1014 1763 3012 3356 3460
130 1075 1548 1672 4100
978 1374 2279
670 3022
1015 1383 3784
649 2368 2981 4158 4206
828 3207
818 3469
1563 3237
1425 3853
1231 4181
469 666 2385 3988
932 2331 2363 3728 4065
155 501 3249
61 837 1525 2444
465 1923
88 113 1954 1978 1992 2947 3022 3951
1029 3009 3777
452 1180 2460 3422
443 1015 1187 1473 3905 4184
2064 2770
673 787 2793 3215
51 150 1362 1371 2409 2423
115 846 1535 3968
388 3822
160 779 2512 2537 3870 3992 4332
3105 3842
1029 1297 3604 3833 4007
1238 2293 3305 3603
85 1525 2023
143 2126 2737 3901
2514 3766
2792 2826
2016 2261 2266 3222
2211 3707
829 2346 2744
635 2500 3591 4229
269 4214
149 1913 2092 3737 4390
573 1261 1477
1172 2877
1269 2746
1531 1581 3685
1047 1135 4406
716 3352
295 388
136 3767
9 2867
27 204 1399 1654 2578
1120 1355 2858 3096 3548
131 679
3163 4073
222 589 1644 2412
542 1539 3236 4136 4412
548 576
2290 2622
777 3381 3486
435 1766 2113 2959
563 927 1525
1542 1570
387 960 1653
99 2611
210 2675
306 438
487 2267 4084
189 2075
1145 2232 2951
141 884 1128 1756 2496 2779 3104 3981 4174 4329
435 816 2961
1018 2058 2678
560 827 4190
781 1996 2869
99 986
152 2081 3320
560 1685 2528
835 3191
84 295 3034
325 807 1160 2558 2938
2063 2165
2047 2617
1954 3002 3450 3870
20 1689 4219
1270 4402
2814 4114
1611 2181
486 597 1440 2004
1582 3077 3509
1145 1410
1246 3150
772 811 1092 2836 3364 3867
966 2483 2701 2784 3300
843 2379
2691 3483 3763
197 1638 2061
1561 1713 3247
1837 2184 2450
1094 2748
886 1897
599 2597 3576 4246
1079 1383 2323 2408
24 3133
1764 2226 3836
494 1377 2230 4294
716 2686
1432 4200
504 2604
155 734 3127 3957
1221 1268 4271
158 3669
51 2093 2276 2625
51 2032 3292
910 3143
497 2509
553 2444
446 1286 1601 4209
1117 2318 2477 3152 3437
1026 2442 3394
838 863 1269 1420 1736
2253 2749 2872 4165
1143 3084 3741 4183
367 3753
1100 3973
2141 4128
1299 3435
2530 4077
1054 3068
1558 2856
2141 2548 3027
1098 3620
772 1900 2386 2561 3221
2412 4257
1231 2234
692 2676 3766
192 3116 4034
1222 2587 3169
1201 2774
1047 1950 3033
1072 3545
3926 4432
900 972 2511
857 1657 3564 3910
82 3589 4055
623 3163 3790
1528 2855 4217
357 473 2973
1119 1951 3565
3532 3853 3944
136 4443
88 2343 4205
275 3112 3411
109 1182
2850 3211
1236 1522 2721
615 873 2167
1244 3504
1295 2000 2386 3205 3641
1094 1217 4276
207 1443 3147 4148
2278 3533 3663 3733
2216 4355
772 895 1241 2756 3214
137 883
1696 3268
1083 2743
1537 2530
734 845
1660 3703
1633 2477
1653 3227
78 749 1424 2651 2910 3983
777 2760 3079
1074 1986 4067
1738 2998 3399
677 1350
2231 2342 3031 3538
512 1800 2856 3670
681 768 1509 2211
736 1738 2674 3208
2201 2364 3411
1963 4093
2874 2881
1841 1996 2420
968 1562 2318 3099 3652 3751
1936 4012
259 1906 3450 4395
2745 3392
372 2675 3178
1758 2265
2801 3013 3572
1441 1674 2847
1280 3212 3585 4229
250 1820 1954 2731
2786 3335
1020 4228
691 1447 3557
265 811 1759 2196
3164 4211
2000 2989
2738 3752
4012 4185
1879 2039 2517 2847 2969 3147 3371
268 1786 2041
1071 2450 3383
2201 3964
23 885 3980
506 1110 1764 2147 2916
2041 2094 2781
696 811 2351 3314
447 611 3451 4332
207 1406 2916
323 514 2251 2601 3625
1967 2388 2639 3173
42 2193 2866
1116 1456 2735 4048
1545 2763 3112 4443
2972 3419 4320
4185 4216
805 2116 2902 3933 4005 4134 4376
304 3370 4192
729 1449 2776
955 2282 2920 2942 3183
658 1513 2511 3232
1573 1952
1420 1821 2084 2251 3606 3952
156 473 1063 2163 2317 3186
3042 4090
283 2938
328 719 1807 3498
1129 3396
641 4347
1985 2807 2828 3060 3577
551 2644
2367 2961 3086
340 693 2826 3759
236 622 3224
663 713 832
2844 2918 4423
1158 3381
1823 1992
19 262 1715 1761 2269 3915
2093 2105 3346 4184
2407 3016 4229
950 2672 3046 3121 4292
277 543 1109 1114 3779 3891
10 1518 2059
3375 3873 4166 4321
969 1794 2628
1274 2586 4260
1251 2648
1466 2574 3078
569 1587 3333
334 1494
12 554
672 1050 2509 4231
1008 3551
1066 1665 3263
493 677 1541 2576 2577
1065 4209
52 3352 3964
1882 2352 3652
3432 3611
771 942 3057 3216
341 1841 2483 2862
313 577 4386
2018 3481
1488 1928 2470 3471
29 743 3138
855 1959
67 4199
537 1364 1416 2125 3215 3599
1454 1597 2106 2582 3976
492 4049 4435
87 360 1393
2820 3001
1396 1574 2585
1838 1977 2353 3652
321 1292 3135 3148
382 1127
518 2189 3761
1427 2663 3116
136 855 1492 4412
3197 4170
1476 3746 4081
681 2780 3465
1802 2500 3585
1706 1709 1912 3001 3348
82 1069 2469 3328 3621
1040 1802 2276 2734 3841
1042 1655
1898 2318 2564 2971 3360
319 724 1766 2184 2816 3326 4311
975 2327
1292 2864 3676
17 2550
3428 4441
428 3605
1131 1918 3720
647 3024 4379
1200 4048
211 3597 4099
32 1278 3185
866 1292 1485 3244
1992 3675
1219 3767
298 346 496 1243 1275 3059
218 3621 3735
618 691 3438 3517
590 775 1203 1444 1550 1982 3155 3790 4374
1980 4189
1889 3434
99 364 841 2020
359 1253 1832
1126 2392
1523 2466 3561 4135
1454 2465 3066
327 1634 3076 3078 3805
916 2561
1430 2682 3587 3766
804 2422 2728 2881
71 2406
3362 3701
1462 1879 2934
1492 2160
475 2993
2769 3858 3864
1367 1977 4369
989 1874 1999 3349 3454
124 1338 1451 2792
1863 2225 2333 4385
359 1544 2293 3420
742 1785 1995 3821
687 2525
655 885
1028 1291
8 257 3405 3933
732 1153 1596 2715
752 2849
2759 3643
1813 2306 3359 3851
998 4015
2223 3995
2154 2658 2835 4068
169 966 1224 2533 2826
1833 2494
1752 3273 3605 3943
642 2134 4383
800 893 2055
167 736 1496
1831 2229 2980 4022
476 2435
791 3265
5 473
2213 4418
10 4227
357 4282
33 584 3949 4423
1310 3090 3432 3759
3277 3285
1858 2427
2744 4408
898 3116 3878
78 3606
1670 2162 3538
243 2735 2843 3292
186 615
1203 2339 2873
447 1334 3738
1335 2240 4145 4214
3157 4236
401 1335 3322 4222
2139 2773 4168
1732 3422 4374
75 3018
954 3050
845 4099
590 2803
1556 3195
181 2048 2204 3955
178 2032 2499 3462 3908
555 2700
38 2818 2918 3924
648 1428 1608 2000 3700 4209
1489 3429
365 3469 4442
1318 2038 3430
1325 2803 3414 4302
323 789 3747
171 3062 3943 4320
2252 2940
1391 2208
66 817 2931
3448 4244
896 2941
599 2472 3783 4419
798 914 1069 1578 1622 1743 3589 4245 4426
561 901 913 2957
1071 2835
539 2888 2961 3285
373 1096 1785
2331 3251
3770 4146
2530 2704
2733 4008
84 3992
376 1762 2030 4081
731 1152 2021 3610
2445 3365 4223
3347 4090
22 4183
1086 2863
436 872 3506
659 2820 3909
661 965 1423
726 3761 3909
1912 3743 4192
2619 2624
351 717
199 2931 4033
1246 1986 2860
265 1551 1752
2399 3152
2980 4064
558 1020 2248 2650 2688 3684 3997
1889 2151
546 2298 2392 2668 3104
2057 2258 3588
551 1704 2209 2468 3946
1633 2087 3821
1364 1545
262 1079 3985
400 742 804
568 828
843 1785 3348
2486 3745 4068
2925 3881
573 1930 2770
247 1680 2721 3830 4142
1323 3201
604 1084 3166
412 4090
562 1349
3136 4209
1259 3232
1159 1783 1840 2199
1632 1835 1957 2637
2532 2715
94 725 3979
357 2339
1166 1254 3139
1632 4274
321 1522 3807
356 1199
2137 3421 4357
2952 3522
335 2011 2925 3097 3855
5 3847
1133 1381
1062 3368 3682
433 2553 4003 4126
1969 2787 4145
2047 3057 3164 3710
334 2441 2769 3552
2545 3989
293 1113
589 930 3052 4415
341 3715
451 4032
1038 1044 1604 1861 1877
1929 2669
2360 3376 3582
106 542 992
19 744
27 852 2719
1506 4198
142 1651 2505 3945
380 1688 4302
1907 1912 3404
501 1304 1455 1896 2504 2834
1743 3767 3864
217 1000 1796 2050 2298
151 1040 1220 3166
1662 1697 1928
607 3257
877 3720
1941 1991
138 159 1667 3821 4246
159 1400 2486 2999 3569
250 384
510 2674
2319 3198 4222
372 1416 1647 2335 2651 3597 4264
431 2074 2418 3180 3284
1179 1475 1796 2773 2964
270 2139 2918
576 4107
931 3352
1709 4099 4394
28 1869 2351
2990 4027 4200
799 3119 3506 3628
639 1788 1920 3152 3841 4038 4432
2691 2770
973 4096
697 1785
1077 3594
1628 2594 4267
434 1933 3537
568 2219 4386
1437 2733
617 1622 3793
1404 1459 2349 3053
269 1173 2095 2830
99 815 1706
873 2673 3310 4035 4204
2758 3935 4013 4072
3101 4063
1387 2775
602 2059 2781 3862
541 1208 3110 3367
551 2337
1595 1851
895 3641 4007
195 543
2197 3301
1066 1588 3734
1591 1946
508 1067 2293
1273 2816
728 1355 3376
39 1261 1862 3207
1723 2983
1798 2233 2589
1261 3773
713 4142
508 543 3531
229 592 2930 3823
1399 2358
3217 4294
644 885 1207
399 948 2030 3231
2146 2557
1522 2280
1029 2291 3996 4058
484 1254 2102 4405
2160 4381
279 2139 2657
1678 1880 2508 3069
109 3271
2655 2732
850 3677
3059 3574
2077 3269 4136
1118 1243 2396
254 585 3595
1422 2617 4176
1512 2594
2372 3962
955 1633
868 2636 3456
1382 2002 2735 3126
322 712 1615
1644 1809 2837 3650
736 1557
766 2052 3722
504 3664 3770
446 3332 4048
345 3131
830 3869
761 2580 3612 3626
498 3077 3228
2718 2972
259 1709 3149 3311
107 3013 3431
1281 2413
1582 2739 2803 3247
1155 2222
623 1399 3741
418 780
1134 3686 4072
1033 2453
439 576
1859 4441
680 1826 2436
195 379 1338
2011 3629
1835 4259
2227 2307
572 1171 1181 1902 3561 3651
1011 2308 2659 3753
1032 2534 4031
1042 2325
116 1846
2093 3586
2217 2589
1456 2492
442 3231
689 855 950 2244 4074
1516 3031
2944 3739 4146 4216
1732 1766 2532
810 1410
1786 4140
850 1872
2497 3490 3728
1917 2822
1363 1912 3815
1346 2568 3060 3781
585 783
1307 2844 2953
1468 3273 4234
1106 3972 4039 4353
3843 4125 4152
324 1628 4226
708 1978 3449
955 2397
347 2908 3621 3874 4252
1755 4195
1370 2021 2311 3668 4324
836 2828 3328
2357 3074
518 1383 2550
3642 4441
41 2296 3934 4408
1227 1920 2457 3949
1494 2454
72 1951
537 3068 4149
1690 4041
2714 3583 3738
737 1857 2194 2936 3427
2267 3042 3043 4411
825 4289
1622 2092
516 2992
1440 1824
1872 3449 3828 3865
639 2385 3887 4183
53 174 410 1382 2697
2558 3588 3762
2011 2314
1223 3271
392 3591
341 542 3445
1945 3045 3938
68 201 2864
800 2689
134 472 2574
977 4260
344 1025 2013 4191
19 646 1186 2521 2903 3898
445 747 3969
1182 1823
102 2492 3049
400 1200
104 3359 3596
263 3194 4179
1606 2620 2906
2361 3336 3579 4017
361 448 731 1382 3361 4152
1471 1998 3234
3843 4124
3332 3366
536 3438 4214
405 479 1410 3604
1342 1688
2075 2131 3730
1947 3096
1427 2557 3081
1726 2470 3734 3905
424 2469 3644
517 1841 3672
2329 4021
1500 2465
163 494
2356 3560 4230
307 824 2352 3876
1070 1601 1710 3692
761 3716
836 1599 3606 3980
542 1346
583 2876
351 2099 2725 3000
1806 3045 3146
1488 2127 2368 2950 3554 3837
675 1564
902 1972 2267 2571 2788 2811
1070 1746
186 3298
434 3215
1899 2394 2861 4431
1513 2977 3378 4075 4344
1553 2426 2704
47 677 1379 3252
136 210 1709 3834
33 259 1427 1525
3615 3961
1318 1382 1406 2438 2719 3339
896 910 2273
156 2811 4024
259 1604
270 298 928 1121 1832
606 934 1728 2769 3325 3452
281 1222 3401
1072 3708
1411 2670 3867
1622 3257
828 1113
1285 2017 2609 3358 3856 3887
1410 2109 2477 3499 4167
519 956 1094 1943 2180
1310 3751
444 762 770 972
1281 2532 4317 4386
466 1847 2073 2201 3562 3570
1815 2439
87 1197 3162
1363 3198 3641 4369
867 3400 4010
3045 3854
295 2285
1310 3682
911 1917 2983 3585
879 2707
2733 3869 3952 4310 4318
977 2298 4138
1741 2196 2630 3326 3650
1601 3022
318 1515 1717 3027 3105
2930 4101 4193
2271 3015 3244 3900 4098
1694 1798 2667
1008 3621 3623
2380 2833 2871 3289 4357
1880 2564
2866 3204 3777
131 3768
2233 3023
597 958 2466 4265
1537 2068 3949
3408 3752
969 1424 3437 3930
434 1382 2225
2196 2821 2878 3314
3036 3192
2120 3425 3814
792 4163
1086 2595 3382
163 517
198 609 1693 3145
263 850 1994 4400
608 1162 2294
203 831
2411 4249
519 1895 3182
3030 3219
1123 1769
2004 3516 3778
1636 2151 2175 4363
1182 3541 3782
1174 1299 2755 3566
1753 2083
746 1191 2845 2884 4287
387 2735
784 821 1597 1880
2646 2852
608 3292
938 1608
840 1450
467 1861 2975
695 1726 3580
237 1148
2102 4041
62 2952 3524
788 1344 3438
1786 2909
1140 2418
1744 2700 3098 3850
847 2167 4172 4191
1576 2167 4196 4279
27 2073 3218
68 3051
1675 2905
22 1544
2312 2671 4322
2659 4216
2814 3090
1781 3878
636 2037
1402 1801 1873 2244
177 838 1787 2646 3417
21 1044 1274
501 932 3374
837 1168 1780 2454 3663 4371
246 760 795 1830 4401
1840 2506 3791
1494 3046 3171 3614
955 2678
876 1895 1924 2640
1694 2006 2137
2807 3394 3678
1140 2671
2837 2932
239 3560
3327 4161
1664 1943 3896 4163 4307 4337 4434
371 1696 2244 2479
3513 3574
398 1206 3682
1367 2126 3261 3480
1327 2962
126 1562 1799 2110
1030 1637 2207
673 1250 2595
2149 2880
267 867 1211 2091 3619
1344 2495
1944 2503
130 808 975 2839
1169 2353
528 1781 1783 4386
1376 2451 4071
3690 4074 4096
887 1785 1935 3314
1298 3066
1818 4112
2890 3603 3768
1670 1678 2841 3772 3988
274 444
1440 2333
122 169 1679 2871
1893 2307 3300
1217 2719 3958
1399 2377 2550 3124
530 2672 2880 3236 3334 3981
604 1894 1989 2799 3100
1838 2265 2573
1768 3095
1694 1801
193 3972
1414 2486 3980
4 2657 3887
2680 3321
253 1318 2206 2300
27 376 378 2025 2339 3976
3472 3574
409 1743
2930 3259 3359 4210
1119 2116 2132 3451
1203 2449
68 660 3233
168 2202
875 2467
271 1034 1936
767 1240 4100
500 3663 3989
1693 3218 3759
547 3724
528 1561 1998
2053 3468
816 3746
126 406 4113 4136
1030 2332 2625 2676
1402 2789
740 3833
357 1230 3259
108 1483 2084
1322 3186
1864 3035 3215
104 1689 3883
1757 1998 4095
165 202 3230
107 2360
914 1700 1806 1912 2282
2668 3628 4182
1366 2223 3967
1232 1356 3015
925 3622
3041 4181
1242 4040
290 369 2977
109 733 2361 2764 4382
1093 2378 2855
1324 1558 1850 2934
551 1014 4109
3354 3830
469 1174 2853 4063
659 2156 3228
2258 2955 3866
1102 2865
2010 4363
1454 1595 1801 2791 3012
79 970 3537 3968
1708 2523 2706
63 4424
992 1346 1563 1721 2244
651 2699
2159 2913
520 783 795 3547
492 867 4099
745 4122 4259 4408
681 2777
1268 1729 2902 2930
1572 2993
458 614 1362 1788 2611
945 1824 2950 3615
447 585 1455 2956 3644 4011 4088 4351
1192 1219
302 772 3821
1146 3496
1365 2850 3558
1545 4146 4341
530 730 1759 2124
2594 2834
1025 1441
320 399 2833
416 1462 1649 1778
2699 3819
686 714 3422 4229
1805 3562
2050 2407 2843
389 3859 4246
1767 1939
555 964
604 2133
1050 3222 3815
1493 1775 3831 4362
2496 2659
1234 1457 3078 3649
1886 2172
1262 3798
540 3027
1307 2947 3391
795 3003 3417 4217
645 2198 3072 3483
2177 2259 2528 2960 4053
429 3059 3285 4173
534 1893 2526
2938 4190
744 2510 4048
937 2388 2396 3336 4207
191 1503 2784 2832
601 1663
668 874 3432
217 2076
2059 2482
3210 4114 4136
1073 1500 2294 2473
1469 2258 4219
853 2526 3233
259 4368
2674 3447 4249
552 3241
336 688 970 1132 2082 3802 4240 4426
667 1454 3443
1495 2252 3971
28 2395 2489 4403
157 1727
1847 1884 2580
119 2105
60 413 2098 2539 3862
2438 2620
2344 2720 3533 3767 3887
89 2925
3008 3127
770 3213 3423
94 2940
37 2011 3739
185 2034 2605
2729 3459 3788 3842 4092
1569 2549
51 1263 1932 2486 3863
2784 3642 3954
1537 1964
73 1160 1912 2035 3540 3739
1531 1611 3715
1732 3322
1211 1514 2967
451 635 2877 4149
2484 4197
646 3936 4173
74 3392
169 1202 2188
860 1713 3530
1845 2073 3180
1373 1601 2342 3150
3489 3592
338 386
700 2517
1335 1488 3592
1417 2774 3724
1271 2055 3160
1477 1882 2505 2821 4126
328 3387
828 4127 4310
3380 3663 4265
25 2001 4231
641 3212 3365 3753 4345
1657 2433 3551 3734 4354
1843 2534
1805 1928 3513
900 1039 1921
812 1171 2808 4288
58 105 1459 4417
1422 1486
1295 4145
1825 2878 4200
198 404 2507 4229
1432 3623
186 4243
1559 2661
518 4170
1691 1738 2216 4120 4278
500 3204 3763
1294 1949 2303 3174
2382 2595 3332
2687 3040
509 1251 2226 2773 2819 3527
2324 2869 3569
944 2038 3562 4345
439 1755 2133 2975
503 2095 2940 3565
1572 2440
449 3348
1267 2358
1873 2465
1387 2368 2657 3928
2499 2930
3531 3861
112 1400 4008
527 3090 3171 3628
1239 3256
2004 3635
2590 3316
678 2949
908 2238 3876
2399 3182 3649 3972
2483 4109
418 2686 3239 3746
1341 1462
1389 3777 4011
1751 3335 4435
186 281
864 3215
1221 2279
1111 1336 4049
2461 2617
1848 1930 3205 3402
1391 1627 3204 4028
1588 3381
563 4353
159 272 3688
1165 2531 3460 4029
2327 2621 3549
2807 3512 3683
3079 4413
654 887 2069
2887 3205 3663 4441
472 3493
901 1516 2622
161 662 2165
706 834
257 384 777 1420 2279 2848
1772 2882 3076
1531 2685 3358 3504
2944 3964
3589 3670 3720 3907
1355 4105
1379 3507
926 2222
82 2298 3907
3747 4126
1303 1340 1416 1523 2599 3282 4218
763 1065 4013
1129 1361 2872 2954 3433
546 3981
2326 3633
517 1615
4121 4222
1968 2396 2448
2356 3411
2288 3219
1 2027 4300
1901 2177 3456
888 2162
359 3221
847 2784 4071 4406
1543 1778 2430
452 1567
71 2274
1516 2486 3024 3259 4196
1562 2988 3091 3220 4072 4369
2702 4132
1676 2540 3988
340 2854
2095 2677
3227 3407 3496 4192
3622 3906
289 2634
864 3074 4334
169 808 1774 3225
560 1433 4358 4385
1388 4120 4299
3040 3554 3907
534 705 724 1830
1215 1386 2552
826 3585
2047 3835
222 3331
1182 2097 3082 3988
1905 1998 4069
94 3583 4090
733 2998
875 3044 3092
1560 4339
1179 1554 1666 2102
2171 3557
2685 2911 2913 2951 4290 4319
3362 3877
450 1292 1539
110 730 1627
2069 4051
453 673 1116
518 631 820 1966 2619 4215
1883 2412
3417 4185
1085 1931 2004 2312
589 695
877 2083 2593 3218
2161 2867
841 3557
45 124 1786 2530 2675 3470
630 742 972 1475 2916
2412 2806 4065
1032 1402 1584
3084 3454
1069 3135 4285
4017 4207
2421 2686 2736
1275 2047 2665 2839
2654 3634
487 1344 2071 3477 3642
91 554 1021 1861 2839 3370 4378
359 1273
712 938 1055 2351
3852 4009
116 3497 3596 4353
637 2010 2060
35 754 3132
1254 2972 4097
109 596 1681 2772
2901 3178 4049 4254
712 3215 3767 4140 4258
1022 2660 2807 4434
3147 3672
512 595 1356 4384
770 3460 4156 4270
539 1263 2661 4032
2526 3993
1276 2432
699 1141 2351 4344
495 1028 3306 3371
907 2231
130 2206 2963
516 1563 3091 4119
891 2603 3971
3772 4041
1417 1445 3776
354 674 2545 2821
891 2374 2861 3336
1580 1611 1993 2961
1779 3997
2014 2258
210 455 3821 3862
2447 4223
2850 3083
1208 1966 2429 3013 3777 4361
188 2061 3969 4184
1730 2965 3036
484 1031 2403
198 707 965 3010 3127 3972
1079 2217
1907 4076
2274 2304 4390
116 532 1752 3284
2374 4165
1546 2501 3094 3144 4321
1075 2046 2262 2336 2695 3776
842 1014 1124 3063
3297 4072
837 3849
622 3728 4267
2670 3896
103 2149 3581
1639 3933 4065
20 365 636 2662
1830 3313 3893
1550 2202 2402
1489 4124 4361
2314 3859
2178 2544 2806
422 896 1684 2845
2043 2183
800 1636 3332 3807 4006
384 710
1483 3175
1553 1738 2460 2871 4308
301 2335
137 3607
2779 3180 3828
1823 3099
542 4228 4308
3403 3877
1954 3585 3829
1754 2344 3550 3660
86 2221
4065 4298
1369 4059
899 3672
1816 2941
3022 3496 4432
153 1881
84 1327 3560
669 1271 4243
681 1207
3054 3658
194 3184
837 2117
985 1574 1769 3067
441 2891 4172
31 2552
2204 2548
273 2003 2277 3554
2019 3292 3388
393 579
431 868 2065
309 593 2358 3075 3543
698 1157 2070
2955 2972 4085
958 2395 4001
1581 3510 3694
983 1328 1805 4269
662 2674
2271 2408 2608 3110 3797 4361
143 414 3171
2640 3316
2946 4270 4432
1132 1819 3574
408 851 1261 1866
1306 2046
1117 3672
1456 2942
266 3427 3702
1549 2543
1856 3373
1903 2496 2523
132 1562 2172
1053 1066 3790
711 3864
2901 2962 3531 3896 4366
385 1916 1929
1351 3071 3180 3638
62 1076 1530 1803 3160 3973
843 2956 3837
43 167 692
1187 1523 4345
796 1731
387 962 2029 2536 4047
1191 2539
15 85 2462 2792
648 2825 3568
3655 4379
3301 3347 3649
777 1183 2318
397 3002
863 2144
1937 4102
1506 2391 2906 3848
1065 2990
2683 2892 2983
1311 1461 3077 3778 4028
855 2967
1472 2888 3465
1155 1363 1403 1612
1593 3875
530 2042 2322 3168
2237 3044 3856 4246
488 2575
1535 2695 3226
674 2118
1385 1693 3452 4224
79 364 583 1035 2524 2758 3833
716 2106 2527 3704
558 854 1991 2002 3209
2150 2752 4140
358 1918 2114 3691
1580 2604
871 4075
1620 1797 2631 4126
335 1547 2076 2960
594 1791 2881 3219 3322 3368
808 1539 4010
2099 3511 4434
1165 4014
1670 2039
221 1272 3420
722 913 4173 4219
135 3756
1259 3580
1475 2256
106 160
609 2155
908 1951 2332 2644 3202
289 568 2689
1522 2277
858 2518
56 995 2032
3413 3706
3049 3729
383 1852 2757
1712 3249
1670 4075
215 405 1662
190 3366
999 2669
2355 2616 3856
928 1819
1343 1710 2455 3025
675 1312
1523 4359
591 715 1324 1568 3712
167 1403 3546
1171 2315 3513
3002 4020
757 1615 2137
256 947 2421
1200 2471 4164
90 502 1915 2787 3319 4254
1146 3001
1686 2332 2408 3530
571 2511 4072
187 404 416 1056 2416
50 484 904 3046 3337 3926 4090
1892 3587
1383 2259 2529 3913
763 1100 2255 2831 3279
1630 1938 1969 4026
1019 1899 2800 3042 3678
570 763 989 2123
1204 1297 1564
886 3122 3198
1804 2344
490 4106 4398
2046 2780 3625 3909
855 868 2455 2718 2989
693 1620 3611
274 2016 4170
3030 4413
2810 2965 3031
528 4091 4148
1298 2136
2556 3983
1214 2484 3284 3904 4193 4207
379 1772 2600 3194
157 2999 4409
1063 4180 4328
979 4046
1391 1399 1709 2108 2324 3088 3281
594 3266
125 1130 2342 2584 3934
1804 2524
30 695 1752 3107 3310
393 1110 1611 2114 2127 2619
239 680 1863
399 824 1128 3210
1072 3134
901 1480 1519 2441 2646 2663
738 915 2171 2595 3340
894 906 1943
1407 2049 4401
300 664 1143 2262
1114 2417
404 954 4320
209 1082 3727 4160
1918 4387
1696 2732 3794
90 2725
769 2909
2120 2712 3030 3450
93 1109 1730 2965 3270
480 1446 3349
231 633 3005 3870
2647 4429
1445 2141 3277 3822 4410
498 3970
328 1824 2877
1953 3563 4320
2117 2338
1986 4385
1102 1195
1556 2013 2317 3250 3504 3584
1080 3218
2513 2532
62 1400 3945
194 2650
61 83 512
1805 1853
789 2299
612 4382
395 630
790 2352 2481 3872
1516 2791 3096
293 4208
147 2465
1340 2897
884 4058
1061 1096 1444
895 1319 3198
452 2106
668 684 3009
369 4265
71 3493 3524
2765 3324
1739 2071 3854
409 1730 4199
599 1907 4291
2592 4005 4161
1456 2171
1003 3254
630 1672 4400
1028 2607 3449 3650
471 2743 2869 3533 4436
205 1325 3444
2463 2650
2932 3536
1281 1645 2412
306 1903
916 1944 3407 3631 4224
947 1519 1726
539 1908
1480 1948 2683
476 690 3287 3468
2103 2674 3708
866 2507 4140
1435 1556 1649
656 1857
1380 1816 1840 3951 4225
1096 2511
885 1146 1575 2913 4055
588 1166 4113
1459 1837 2570 2721 3790 4327 4344
834 1575
49 120 2040 2893 3481 4213
380 805 1186 1462 3385
1525 1958
274 1042 2261 3489
1236 1817
1972 3946 4045
318 906 973 3188
438 1981 2977
231 671 1742 3302 3586 4381
945 1747 3591
323 2532
2382 2725 2817 3504 4170 4345
1983 2292
124 1322 2325
1082 2185
617 3670
913 2057 2058 2325
798 1461 3547
439 4290
991 2782
662 868 2003 2079 3110
2259 2941 3256 3376 3929 4217
1789 2182 2511 4328
2467 4380
1760 2512 3543
365 1172 1450 2878 4284 4380
703 2862
392 983
3348 4179
948 1642
1032 2423
1459 1734 2898 3220 3640
399 3729
2154 4273
12 1679 3148 3747
2213 2387 3548 3994
1738 2950 3058
40 2336 3576
2316 4369
409 518 923 1695 2380 2764
672 4365
239 674 2594 3461
2253 2412
206 304 400 768 3981
50 4193
708 1074
740 904 1583
457 1086
3501 3822
1516 2419 4309
2361 2575 4325
2131 4244
1789 2111 3000
1278 2449
1967 2631
544 792 1694 2862 3591
829 2453 3393
3064 4334
434 572 944 4197
1454 3699
204 780 1626 2543
1196 3751
337 870 2127
526 1497 1772 2838 3618 3687 3808
948 2139 3127
433 4062
47 1106
1499 2127 2247 3751
98 731 3424
2685 2872
934 2185 3982
1624 1641 1716 3046 4031
2058 2296 3269
140 1856 2437 3440 4001
2374 3541
184 851 1879 2835 4194
157 851 3447
1052 3791
491 519 1071 1127 1413 2253
452 830 1621 4160
689 1737
1689 4019
1339 3654
1713 2173
201 720 1409
1390 3653
1518 2032
1713 1773 1863 2169 2853
232 1787 1934 3599 4174
1581 1863 4392
1865 2592 2983
334 3327
2309 3419
227 694 2480
916 1428 3949
1000 2591 4382
415 2102 4053
1088 1787
628 1317 1417 1643 1846 2151 2842 3981
202 1629 3979
1951 2088 2900
1823 4081
2014 3871
2848 3053
1191 2955 3043
1948 2927
3059 3719
337 663 3982
751 2724 2939 3424 4015
514 722 976 1959
886 1495
1452 1506 3376 3680 4324
3403 3737 4011
2461 3062
1365 1893 2425
687 1566 3953
1204 2335
1614 2269 3362
1672 2074 3532
41 320
282 664 2338
1072 2877 4297
855 1636 1921 2779 3421
1345 2088 2920 3310
697 2532 2674 2919 3550 3911
1877 4388
581 1568 1866 3747 3844
448 846 2136 3934
1124 2090
246 2621
856 1447 3286
820 3145
510 1756 4112
148 3098
544 938 3345 4424
2002 2644 3307 3978
1897 2590 2777
1176 3314 4418
1849 1853
2115 2364 4144
1467 2946 4252
3031 3540
1626 2135 3499 4196
179 1310 1542
655 719 2751 3142
2097 4203
165 1741 2649 2929
2417 2562 2846
171 1972
544 2166 2969
334 1682 3890 4363
1979 2224
418 1809 3538
472 700 738 2577 3091 3110
1419 2377 3594 4188
365 3382 4402
40 1267 1628 3067 3434
892 2628 2851 3333
1966 2160 3170 3363
529 785
207 506 783 3200 3688 4138
1357 1498 3260
413 2818 3715 3984 4220
122 575 3385 3837 4313
848 1558 2013 3986
2357 3712 4419
285 1048 3737
82 4042 4397
652 1374 1813 3987
800 1021 1222 3218
1176 1933 3497
713 3305 3958 4251
633 726 1586 2342 4436
1321 2484
107 925 1211 2663 2672
632 686 1767
1138 1523 1925 2262 3505 3787
507 4005 4358
333 1288 2779 3138 3363
3410 4298
1638 3185
2316 2469 2960
202 1588 2175 4214
811 1147
502 1011
3774 3884
343 888
714 2432
1199 1816 3661
392 4135
31 2065
738 2284
1696 1894 2431
52 876 3390 4338
3050 3301
2290 4293
431 3392 4185
63 1939
842 3501 3759 4188
1172 3125 3808
1107 3915 4344
1176 2415 2439 2620 3911
1784 2607 3357
2045 3111
157 1600
299 1570 3972
166 1402 1441
606 1809
9 3011
1 830 3462 3757
365 538
655 2162 3347 3876
228 489 2317
900 2401
1151 1547 3429 3734
369 742
2446 2993 3142 3414 4372
440 692 785 1603 2450
210 973 1569
2995 3310 4267
500 1510 3409
615 828 3502
1473 3038
2089 2291
3128 3328 4051
1571 1586 1733
738 1242 2584
2160 3703
714 1575
292 1072
794 3520
3163 3724 4096
1414 2582 2876 3332
1977 2388
1007 1889 3519 3665 3790 4180
792 1162
1783 2053 2320 3874
11 363 1237
81 1705
270 2105 2814 3465
469 3547 3638
2092 2135 2813 3354
620 972 1598 3150
2112 2935
965 1445 2469 3064 3565
453 558 2760 3932
1540 2918
616 4051
175 444 2732
269 2187 2270 3688
119 2181
4 295 2291 3152
3352 3633
2300 4035
927 2672
392 2482 2650 2971 3702
99 733 2316 2604 3303
2977 4148
419 1213 1832 2299 3474
1013 2093
290 429 2350 4121
583 805 1581
725 1838
2831 3350
2842 3533 4156
229 2219
887 1005 2546 2910 3292
1480 2494
979 1891 3412 3506
3535 3579
320 2073 2929 4054
1094 4193
671 1934
1302 2856 3408
1805 4112
873 1383 2651
1244 1568 2270
486 863 2938
681 2717 3027
321 572 1329 3413
812 1034 1666 2947 3170 3869
1016 1395
2004 2023 2819
1502 3510
1033 3598 4186
1684 1759
737 1986 2820 3841
712 1873 2843
1993 2818
317 1304 4385
163 777 859
488 2112 3822
507 2133
972 1200 2774
903 1030 1539
368 459 3407 3539
1984 2155
790 1853
923 1347 3550
3176 3685
1030 3761
2077 3234
1200 3996
911 3021 4068
1729 3568
1514 2933
1034 1229 1332
139 833
1628 1845 2477 3404
3416 3466
1763 3073
2912 3369
1769 2634
166 2499
1706 2293 2755
959 1162 3482
1518 2199
1242 2677 3700
104 307 1242 1376 1413 3568
4175 4340
135 927 1340
691 1256 1776 3053
708 1129
343 4112
875 1039 1833 3467
551 3920
884 2135
1042 2624
80 2616 3991
698 1640 4297
262 691 820 845 932 4088
784 2268
905 2782 3726
2579 3133 4218 4391
608 1562 3695
931 2041 2442
1823 2372 3534 4104
202 573 2273 2461 4220
2416 2502 2971 3270 3781 4016
376 1438
737 1913 2469 2752 3623 3649
2991 3639 4188
2757 3791
2126 2682
1374 1806
519 4310
29 1620 4217
3145 3567
1746 3635
949 3551 3702
85 1463 3863
577 3470
386 3539
1098 3203 3381
1429 1720 2515 3811
209 1486 3466 3570 4392
398 713 1011 1393
722 1458 1796
318 1393 1823
131 2640
837 1097 1489 2674 2947 3681 4339
1434 2465 2528 3656
721 1912 3580
35 3374 4359
2587 2993
2655 3191
1941 2112 4374
789 792 1591 2384 3527 3992
401 1019
1187 1935
3090 3428 3756
928 1233
2420 4275
3369 3527
1806 2449 3091 3838
341 2179
435 1287 2110 3459
1653 2886 4158
1581 3156 3795 3860
436 657 1846 2441 3347
1181 1990 1998
2589 3015
752 3943
1075 2575 2664 3363 4076
2428 3648 4187
119 1106 2246 2344
626 1377 1716 4218
761 2758 2908 3014 4187
297 310 783 3556
2431 2549 4197
641 1514 4401
147 544 750
1409 1687 2809
2555 2754
96 1437 1612 1811
238 656 3465
2387 3281 3674 4438
2320 2711
1779 2219 2220 3101 3569 3644 3890 4390
885 1802
443 3739 3842
803 845 2467 3691
125 849
2592 3863
1025 3364 3928
1132 1475 2584
990 1257 4058
396 582 2845
1667 3613
509 514 1060 3132 3398
639 1648 3635 4302
361 3952
1308 4107
837 3345
1642 2487 4321
5 2026 3520 3863
191 729 1370 2685
1620 4132
173 3550
966 4439
392 1819
1287 1312 3804 4025
1553 1889 2186 3228 3790
124 880 1236 3838
438 3418
1321 3632
3060 4285
2048 2965 3749
1281 2449
914 1124 1812
60 417 2610 3085 4363
2550 3698 3869 4021
1056 1630 3078
1687 2340 2771 4406
1802 4064
1605 2076 2975
1472 3796
1156 1782 3598 3672 3706
1188 2256 3065 3298
179 253 1839 3288
350 2362
2663 2715 4070
1563 2430 2710 4040
641 2820
2366 3244 3960
1292 1455 2138
3595 3760
3487 3515 3607 3945
1211 3485
655 2758 3849
1264 1843 3967
1308 3336 3719
545 1860
356 558 983 1323 2258 3195 4088
1704 2755
284 1388
176 1219 1460 2117 2725
710 4134
1824 3731
75 4186
590 1043
515 1560
498 2211 4109 4181
2295 3530 4008
106 149 2222 3967
269 1036 1506
1765 4341
188 1563 3431 3934
572 710 1173 1431 2176
167 1576 1733 1933 4217
723 1690 3077
1511 1722 1771 2317
423 2791
714 2187 2715
576 2946 4438
117 1219
501 1235
263 2835 2929
604 2114 2669
598 1591 2738 3257 3990
136 633 2236 3415
585 1266 1643 2592 2802 3308 3443
789 817
880 2187 2683 2854
59 1726 1895
2402 2700
392 3492 4114
870 1199 1657 4343
1910 3279
305 2091
456 1519 2238
1921 3818 4111 4257
38 715 1321
2167 3196
168 1151 1477
2424 4113
310 1272 1326
395 1852 2083 3734
268 2848
540 829 1451 3009
184 364 1439 2245 3402 4438
1689 1690 3494 4379
3335 3964
1826 2163
59 860 2106
909 3105
41 1199 3625
1643 1866 1981
1155 2319 2692 3910 4068
2947 3983
1493 3721
2118 4188
1081 3377
188 1117 1819 2077 3503 4042
139 1872
2435 3408
407 720
1463 1519 2769 4286 4396
1401 3620
1733 3971
475 3076
3031 3101 3543
1224 1943 3795
2162 3303 4228
299 1355
1055 1405
783 1575 1743 2133 2176
2136 2574
2103 2305
512 946
1816 3719
292 2307 2600
1622 1987
1261 2035
221 2962
635 3957
1631 2852
1810 3301
3517 4354
4040 4403
1920 2821 3111
556 603 1947 2904
587 915
2261 2765
1003 2157 2307 3292
780 3551
1276 1323 1610
2308 3838
726 1071 4123 4154
1606 3171 3307
871 3669
473 499 4063
2736 3637
122 1826 3883
979 3774 4315
3207 3898 3926
2364 3654
849 3041 3724
1238 2177 3145 4073 4383 4413
1051 2978
716 2116 2430 2639
1780 2186 2688 3133
674 918 1698 2005 2048
344 546 4214
3249 3895
1152 4085 4424
840 2845
521 4439
839 1521 1894 2215 2773
2699 3583 3895 4240
3220 4359
1302 2849
352 2677 2975
2445 3164 3611
1501 2200 2887 4063
832 2233
254 4412
1901 4058
134 2027 2331 2407
4084 4237
229 747 1193
936 2032 3994 4218
1065 3015 4070
795 850 1360 2014 3458
2784 3298 3401 4440
108 1269 2071 4164
2897 4103
3383 3571
1392 1849 2218
440 539 1047 1684 1730 2582 3866
1572 1871 2290
556 3297 3639
2350 4347
888 3448 4113 4253
1874 4049
444 485 1816 3893
2263 2296 2694 4111
6 921 4411
2 558 1562
248 3807
836 1357 2916 3092
2402 2543 2665 3817
1856 4134
397 1388
339 626 3007
3205 4008
2106 2280
184 1326 1419
217 3000 3005 3869
3116 3926
889 3151
68 336 1895 2114 2958
1898 2120 3739
2294 3269
334 2222 2268 3854
352 765 1666 1686 3000 3865
582 2932 3445
1244 1553 2781 3286
1864 3981
541 1217 2880
309 2332 3227 4397
2979 3490
1237 2069 3077 3337
2310 2436
306 4367
2053 2626 3655
1100 2907 3901
133 246 2769 3081 3823
892 931 1057 1619 2785 3630
3403 3531
1770 3504
818 4342
249 2968 3033
2832 3170 3523
422 4132
659 1456 3702
1696 1902 1920 2142 2673 2738 3914 4064
914 1039 1053 1400 3449
3564 4011
64 1778
1282 1307 2580 2748 3907
553 4407
1228 2121 2152
2323 4172
1786 2571 2644
102 235 2529 3109
491 554 1839 3574
950 1272 4251
541 1674 3043 4338
318 380 4255
257 884 972 2449 2979
391 637 3166
2205 3620 3897
973 2716 3265
2124 4398
3432 3573
801 1013 1286 3362
855 1703 1725 1854 2983
117 1280 2868
1147 2592
308 617 1968 2131 3235 3986
33 449 1020
1261 4154
2697 3102
2481 3580
1446 4193
2337 4265
381 1331 4259
2891 3573 4211
173 2648 4104
1150 1215 4316
513 1376
473 2927 3905
2317 3794 4414
484 2024 3086 3947
3459 3518 3829
438 1275 1742 3204
2308 3174 3880
1394 2725 3877 3901
1395 2551
410 2132 2254
141 1323
1193 2771 3132 3154 3420
280 419 1187 1543 2204 3772 3899
1992 2689
204 2897 3002 3992 4186 4318
804 1826 2236 2777 3857 3891
755 923 2753 3094 3470 4413
453 742 2546 4067
1952 2119 2907
56 1605 2477 2512
156 977 1102 2826
2835 3331
840 2517 3946
2339 3199
473 2459 2638
1830 3674
509 1347 2444
700 4326
2092 2248
1911 3874
348 605
1096 3186 3745 4076 4285
186 1861
511 1521 2163 2733 4191
3867 3968 4005
1037 1955 2301
782 2815
230 812 2673
3102 3454
1053 2652
1160 4364
1159 1297
298 3602
401 819 1730 3089 4180
710 4411
89 580 1667 4149
146 801 872 2480
2653 2997 4311
1297 2786 3447 3889 4115 4388
143 1302 1420 1853
1152 1655 3271 4137
117 3751
1957 3095
2061 3987 4070
144 1119 1136 3043 3721 4029
366 3654
290 2375
2187 2319 4220
2342 3595
3211 3503 4123
204 3112
65 2691 2722
1578 2524 3007
551 681 1032 1107 2492 3216 3521
1519 1525
1627 3833
1731 2992 3778 4165
646 4423
112 459
157 218
1233 1993 3486
6 1183 3497 3744
2062 2402 4170
545 1015 1159 3285 4025
619 1860 2419
106 1428
36 710 1251 2792
1169 4131
1461 1597 2552 3155 4103
582 2117 2781
837 3859
1102 1579 3814
1018 3986 4157
1323 2987 4052
1656 1690
1600 1864
2528 3908
3290 4279
294 2412
682 1430 3382 4053
571 3530 3732 4195
327 452 1065 1694 4045 4111
601 678 1330 1707 2664 4439
730 1328 4219
2241 2436 4088 4192
2344 2573 4110
39 644 1450
384 1591 1919
2220 2620 3963
410 873 1133 1638
802 3392
164 784 4134
1047 3986
838 1830 3938
871 1779
954 1452
1561 3730
646 1649 1716
1201 1486 2211 2964 4392
835 1287 1703 3086 3452 3598
639 953 3139
401 535 2219 3109 3700
813 3113
1838 2509 3425 3642 3833 4226 4319
42 3065 3856
99 2015 2814
56 800 3609
1932 2117 3318 3759
5 2177
223 342 1180
2148 4230
129 4333
2229 3260 3632
1672 2372 3503
1430 2677
386 501 2362 3154 4372
754 1105 3079
904 1102
4272 4441
934 2265 3139
902 1957
1076 1273 2224 2483 2621 3519
592 2968 3820
2450 3379 3619
1631 1941 2645
475 3039
762 875 4025
904 1913 2493 2841
1938 2676 3534 4039 4091
556 1300 2979 2985 4373
855 2273 2695 3519
592 1580 2093 2624 3634 3779
1217 2528
166 4418
79 326 2876
90 175 1481 1776
945 2316 3034
2364 4114
2141 4264
1998 3355
459 4055 4257
736 1709 2393 2698
1706 1970
2892 2944 3768
3079 3385
1497 2047 4237
719 2362 3182
1358 3628
261 3846 4176
863 4374
704 2836
3068 3245
412 1577 2910 3123
1216 3725
1954 2694
207 1879
2654 3376 4315
2523 3377
3476 3851
1964 2229 4166 4197
717 1328 4093
1056 2895
939 1746 2933 3431
170 3687
884 1051 1243 2547 2589 3503 3761
377 524 697 919
1374 1849
1867 1916
292 495 1682
2090 4265
1527 2037
2328 3461 4101
1640 2092 2933 3174 3429
177 1544 3260
2145 4186
1224 1227 1254 1922 2656
69 1217
798 2565 3679 4065
2456 4009 4298 4304
835 1665 3893
4010 4259
1047 1982
1004 2524 3373 3908
1128 1293 3341
40 1770
2565 2957 3417
637 3797
713 1196 1213 4176
431 2196
1228 2577
3027 4226
139 637 2373 2957 3837 4042
620 1703 2056 2154 2442
65 805 1284 1578 3772
1268 1839 2970
1669 1878 2223 2865
845 1760
1748 1946 4037
518 2205 2731
546 624 2417
63 1663 2031 2090 2227 2343 2590 3855 4179
884 1795 2839 3658
195 2629
165 1273 3381
172 452 1989 3938
841 1511 2747
3747 3894
456 2466 2735 3474
1690 1989
3001 3826
341 1586 1642 2841
2202 2661 3477
296 2866 4321 4443
915 2081
3353 3837
686 777 2048 3109 3343
2489 3818
1124 3031 4355 4411
1300 2058 3033
1394 2561 3161 3429
3428 4007
397 600 963 3818 4141
2130 3775
28 2787
1508 4132
1753 2524 3076 3154 3994 4229
371 470
297 1460 2746 3843
716 810 2545 2609
182 2597 3734
3276 3512 3779
624 4295
640 3653 4076 4185
1248 1612
3187 3380 3589
2152 2405 2534 2597 3710
1263 4173
332 3161
175 1733 3002 4321
1161 1584 2007 3553 4070 4219
2553 4296
514 2338 2810 3065 3571 4246
2949 3395
462 1978 3945 4337
3043 3496
2564 2942
2272 2688 4427
55 1254 1929 2097
1679 2123 2299 2680
74 1674 3431
257 3150 3944
817 2530
563 1203 4045
1136 1280 1629
1433 2390 2771
2395 4194
1630 2010 2245 3000
492 2549 3593
490 3778
2324 4284
2225 3696
3679 4028
575 1660 2045 2358
1500 2101
1263 4228
170 1124 1238
594 1386 1500 1867 2436 2473
2796 3036
398 2964
280 579 2819
150 2801
1976 3683
227 1386
1321 1793 2282
361 1077 1815 3891
1434 3787
631 4034
1305 2367
3228 4171
1305 1570 3781 4062
2130 2284 2882 3026
784 2855 4298
190 404
1650 3702
2356 3193
1151 2240 2244
646 1025 2165
2100 3360 3619
1040 1917 3046 3287
2539 3308
711 2169 2510
517 2315 4237
109 835 2226 3418
1390 3280
175 1623 2968 3057 4255
805 3686
2992 3597
1626 3212
1720 2155 2982 4395
616 746 4326
931 1980 2284 2395
626 3546
1491 1588
115 3676 3817
162 571
247 2251
3779 3861
93 2634
352 1969 3841 3889
2011 2403 3502
536 1637 2171 2300 3719
1657 4239
1083 2768
381 3422
734 4043
370 1463 4418 4427
1195 1588 2458
2637 3005 3181
514 3773 3930
409 414
19 1281
504 3203
3976 4170
454 4218
833 2577
1026 3168 3610 3668
1810 3143 3582
3523 4121
375 1591 3459
543 2201 2309 2423 4292
594 2877 3676 4055
1933 2142
1093 2639
400 830
385 2303 2612
2382 3634 4073
2494 3797
556 2068 2352 4117
598 2734 3277 3823 4047
1995 2753
124 465 2074
2133 2532
2423 4032 4265
2053 4141
1430 4108
2694 2898 3403
308 4082
781 1864 2473 3059 3139
2919 4113
69 1769 2493
2318 4375
587 1445
544 1476 2281
1979 2082 3220 4248
1065 3573
712 2710 4096
1914 2114 2153
604 2134
1375 3005 3181
223 1773 3010
824 1478 2250 3649
455 898 2080 4262
741 3952
1060 4250
523 811
1278 1317 3173
1232 2920
1239 2875
2150 4354
154 923 1359 2585 3817
802 2504 4122 4381
533 3378 3908
1146 1511 3021 3033
768 1049 3122 4262
393 1250 2654 3814
2097 2391 2686 3253 3928
383 887 1073 1589 2226 3867
2550 2706 2988
946 4211
1813 2498 2760
2506 3833
924 4249
1339 1739 3838
1047 2009 3104
2592 3277
954 2263
2390 3314 3843
606 1808 2514 3875 4428
563 831 1243
2730 2882 3366
1642 1978 2654 3253 3588
2286 2707 3197 3370
791 1008 2073
201 2060 2906
552 866 3965
58 242 882 1279 1455 4107
871 1667
1244 2320 4057
52 636 2357 4043
1816 3148
53 159 309 660
371 1463
494 1152
2252 3746
1242 2453
3009 3512
2469 2581 3716
322 2950
1308 2907 3091
337 1430 1459 2506 3237
975 1417 1433 3189
1058 1932 3189 3229 4107
519 957 2815
405 1187 3071 3710
1946 2893
729 879 2183 3761 4139
3443 3500 3656
2024 3610 3758
59 2695
910 1101 3926
3079 3728
759 2681 3466
447 3062 3415
1251 1853 2718
1799 4423
765 3034
1207 2511 3393
304 2237 4271
2472 3588
987 2385 3645 4406
512 2120 4410
5 1059
1397 3517
2338 3764 4076 4284
410 1787 4175
2255 2765 2908 3928
419 2481
1554 1843
1351 2950
2041 2202 3196
1989 3720
141 1952
156 4275
581 2515 3598
3439 3938
384 1018 2136 3353
2408 3992
497 1807 3037 3695 3964 4006
143 3029
2056 3019
560 1267 1841 2568 3709
14 382 926 1032
2319 3012 3151 4323
1382 1970
1375 3199
2186 2750 3243
96 877 1094
1670 4115
587 950 1048 2670 4293
17 1235 1265 1753 1955 2706
912 3204 4312
551 865 1118
3965 4193
519 960
2309 3634
739 3003 3584
1877 2613
166 596 617 663 2220 3504 4038 4100
3078 3121
1846 4184
255 993
224 529
3084 3285
2170 2317
1750 1967 3041
2907 2946
397 1248
1334 2121 3583 3692 4374
2451 3058
1606 3736
71 991
354 2771
515 1952 2158 4307
1455 1980 2520 3025 3655
863 1853
3610 3748
2697 3301
1254 1634 2785 3988 4162
1506 2883 3463
3244 4175
928 4335
1340 1984
1820 3349
2512 2570 3810 4214
200 830 1487 1732
1647 1757 1855
1879 1919 3747
97 1075 1671 3196 4442
262 340 1817 2056 4108
2746 4148
123 1317 3496
233 2305 2481 2619
78 1878
1515 2271 2963
243 2720
868 2886 3887 4397
89 1508 3957
1945 3127
108 2534 3725
754 4368
3134 3236
1424 3381
373 801 2444
891 3388 3644
59 158 2486 4207
825 1399 2963
52 143 905 2770 3712
2944 4197
1330 3824
65 2268
284 3038 3616
738 1496 2196
1216 2797 4389
2322 2643 2692
911 1849 2424 2430 2985 3039 3241
645 1187 4410
13 379 1737 1832 4102
876 3491 3605
21 698 3324
2744 3368 3766
944 1221 2044 2379 4135
897 2361 3325
2643 4035
2654 2938
1393 2841
759 4144
673 2020 2570
1400 1634 2111 3367 3393
2402 2806 3196 4210
3216 3417 3495 4437
668 3108
254 1399 2578
1265 2070 3656
1796 3402
620 955 3000
2584 2625 3013
2175 2330
1343 4300
3623 4247
1130 3212
2827 3434 3700
2401 3856 4435
712 1449
2906 3370
1839 3059
1888 3879
1090 2815 3332 3710
1139 2051 4196
1151 2325 3732 3803 4284
2203 2872
184 1741 3300
932 1782 2302 2810
1239 1689 3007 4084
2908 2939
137 556 1137 3011
1981 3848 4272
856 2909
90 372 1633 1693 2689 3373 3644
1631 3220 3941
2416 2597 3141 3319 4048 4136
403 1662 2869
692 3132
3192 3324 3969
2054 2334 3493
473 630 1152 2977
660 2700
170 2355 3476 4159
1242 1952 2271 2399
384 1129 2982
671 1985
191 618 803 984 2211 3073
496 1119 2475 2878
2074 2263
2192 4065
401 706 1311 4035
2937 3739
49 1733 2883
655 1180 1837 2268 2546 2655 3946 4238 4329
872 883 2031 2254
322 2610
1810 3378
2269 2806
1201 1260 1615 2586 4160 4335
1042 3289
456 927 1936 2015 3561
1339 2919
28 3883 3956
518 2229
1328 3686 3904 4360
2820 3210
1836 3398 3432
582 3525
782 1334 1452 2643 3329
109 2747
1362 2663 4035
3285 4129
982 3083 4002
1855 2990 3237
509 629 1716 4366
64 1167 3861
1023 1893 2391 2468 2715 3925
2033 2055 2075 3604
1205 1412 2232 2622 3046
539 707
915 1759 2524 3275
3091 3625
2691 3578 3830
52 245
3918 4038
409 438
2832 3051 3242
433 1433 1534 1983 3160 3519 4042
3125 4185
1343 4023
259 3122 3649
3592 4305
1694 3163
146 327 639 3955
702 3006 3727 4071 4176
273 877 2241 2260 3772
1157 2707
1863 2695
3720 3952
1394 1812 3846 4186
489 1203 2023 2612
681 1690 2400 3346
2286 4249
620 1371 2742 3315 3435
29 37 1406 2205
1012 2977
1936 2237
124 1367
860 1308 4398
574 646 3066 3950
2425 3052 3662
218 2680 4149
1518 3408 4119
20 674 2731 4113
114 1006 1033 2786 3978
1081 1241 3431 4138
1153 2898 4276
2920 3804
401 1321 2255 2919
563 871
1930 3541
665 1344 2232
612 3347
3538 3705
163 1393 4396
65 81 2509
2122 3609
309 388 2637 3681
713 1913
1242 2068 2126 3441
311 2978
1194 1971 2033 2743 3644 4118
2224 3068 4114
229 1805 3370 4438
1705 2093 2237 3611 3866
1758 2902
658 677 1967 3135
2551 3205
345 1508 2076 2421
2803 3237
243 323
1367 1666
639 1113 3856
3520 3787
13 227 1084 3611
1466 2991
2565 3352
427 2322
1503 2251 3288
1870 3013 3034 3746
2678 3782
162 635
966 1426 1576 2096 2253 3493
2191 2481
928 1162 2046
1457 1921 2890
391 2394
361 1237 4368
2176 2535 3943
957 2836 2840 3305
606 1051 3011 4244
732 3581 3904
3024 3445
540 1715 1782 4089
49 101 3764
184 1296 2168 2731
316 1067 1627 1752 1928
2691 3720
501 2878 4174
2165 3959
610 3726
945 2230
645 3152 4381
1808 3121
153 4156
790 2638 2955
1350 1807 2331 2452 2826
747 1652
1136 2392 3164
1175 1553 2242
2647 3397
878 4238
367 889 1504 1790 4363
448 2820
1088 2161 2340 4123
1147 1380 1527 4113
1093 3720
329 1473 2439 3913 4292
1726 2315 3066 4309
39 199 1543 4040
948 1451 3826
1003 4203
621 648 2072
313 640 1305 1676 2314 3311 3803
2039 3284
1135 2882
1613 1961 2008 4344
916 1727
2761 3917 3963
400 1992
371 2798 3999
1296 2467
59 422 1509 2927
60 203 2325
1818 3256
2196 2868
199 2159 2876
1565 2261 3549
198 1850
330 1425 1668 3445 3535
69 1675 2074 2499 3647
144 883 4134
80 966 3615
2308 3828
2259 2640
426 4329
789 3981
41 576
246 2718 4318
2636 3247 3433
1040 2909 3535
822 870 2840 3039
185 1585 2532 2624 2628 3062
1284 2729 3579 4269 4276
947 1044 1537 2454 3252 4247 4403
2465 3277 3901
1279 1723 2968 4004
179 2013 2352 3099 4118
240 2984
75 2664
1972 2710
81 1358 3390 3500 3993
3024 3594 3918
1311 1777
376 1596
3628 4049
393 714
430 996 1875 3539
2510 2790
320 383 1366 4418
1299 2381 3779
1357 1662 1766 1894 2643 3627
3095 3272 3768
1667 1898
450 711
1531 1816 2424
2199 2335
704 729 3054
1202 2024 3312 4354
717 1709 2493 2883 3014 3035
3060 3311
1853 2816
1537 3506
2358 4075 4254
1093 4201
881 1861 3918
1989 2599
1793 2853 3347
1286 3486 3594
1643 4385
1074 2888
2935 3604 3960
587 3827
1948 2544 3360
1435 2473 3954
543 1130 1935
2360 2598 2989
2074 4105 4141 4144
1200 1251
2055 4152
1809 2328 4115
446 486 832 932 1082 1933 2716
989 2329 2611
1385 1719 2251
2153 2907 3594
697 4261
1135 1266
2873 3746
106 417 2890 4081 4343
2082 2843 3093 3823
848 2089 2553
1266 2662 4426
37 476 852 1855 4111
1812 2743
667 1569 2605
252 4071
2393 4031
196 3182
153 486 601 2048 2659 2993 3844
1683 2558 4077 4293
1265 2901 3207
1095 1533 4154 4222
2968 3953
348 835 1455 1996 4073 4344
736 901 3560
160 3722
3435 3548
1464 4279
1050 1422 2917 3048
734 3773 4417
1443 3780
587 2533 3844
340 645 2496 4317
2770 3119
28 402 3324 3616 3855 4191
226 1073
1964 2578 3593 4249
3401 3954
413 1708 3593
30 286 2157 2561
1310 3735 4184
325 1704 2124 2637
1182 1787 2148 3571
2981 3569
2197 4146 4206
1390 2494
2419 3390
1407 2549 3234
1929 2303 2439 2641
590 2035 3737 4101
435 3171
322 569 998
1294 3155
158 1732 2682 2882
2947 3401
278 2407 2668 3331
552 584 863 1115 1316 1577 4181
510 2349 3754 4442
2104 3606 4174
1000 4164
1959 2107
2887 3983
248 1606
2085 2745 3720
2307 3043 3466 4025 4309
756 3560 3658
1814 2147 2774
4310 4386
523 676 1911
1850 2476 4041
387 1150 1481
1576 3133 3263
544 556 2182 2474
244 966 3147 3198 3837
280 412 2747
3462 4208
2171 3681
22 1185 2920 3760
150 2073 3910 4150
1243 1455 2005
2152 3526
1015 1860 2144 3359
387 2279 2553
3369 4196
2040 3409 4276 4406
1657 2174 2401 3139 3163 4127
1243 1851 2307 3832 3944 4079
1315 1935 2296 2444 3161
1271 3388 3392
1170 1435 3348
913 1570 1593 2000 2650 3442
278 3527
2364 3839
1404 1840 4021
520 2429
1506 2597 3764
1111 2744
339 2080 2552
1164 2736
1778 2540
217 816 1004 1102
1515 2901 3067
88 2266
1586 2290 2319 3965
2393 2650 3028
597 2141 2418
1221 3263
717 2499 3352 4428
36 2492 4200
2264 4175
850 3449
293 2127 2664
736 856 872
572 4328
1283 2950 3437
60 99 2884 4228
293 1862 3336
1429 2053 3405
1086 2222
2057 2721
508 2117
1934 3633 4084 4396
1363 2845 3668
1130 2903
1982 2259 2518 3242 3617
615 2508
833 2281 2948
669 1100 1818 2264
3030 3786
28 547 2221 3949 3958
1705 1718 1770 2618
1374 1743 2207 3519 4388
262 376 4355
2387 2620 3440 3833
3406 3793
575 2738
126 2085
2561 3177 4063
1309 1463 2574 3741 4167 4437
532 889
811 1583 2090 2447
1767 3216
1486 1802
1780 2194 2866 3002 4232
1315 3841
3576 4437
447 1181 1346 1900 2952 3908
3490 4044
378 2249 2477
3161 3564
1176 1206 3852 4032
1226 4306
3092 3328 3405 3471 3828 4353 4396
585 3400 3483
643 2788 3167 3702
2576 3057
237 2337 2740 2866
1430 3848 4091
542 994
386 816 2303 2472 3536
497 1474 1865 3977 4098
462 2264 2894
1653 4116
554 2076 4097 4403
1150 2967 3066 3631 4210
393 954
1019 1803
811 1496 2518 3372 3570
1070 4330
729 3269
706 1923 2542
215 353 444 3464
1657 3008 3219
446 1630
56 116 984 3586 3707
1509 3507
1750 3446 3918
417 544 2612 2812
839 1553 2048
897 3039 3126 4169
261 478 3975 4270 4443
494 3322
582 961 1633 3856
213 1434 2974
738 1401 2252 3688 3719
3158 3616
381 1997
54 3680
1187 3674
463 1363
1848 2286 3960
154 159 1493 2227
2995 4072
1472 1785 2303 4067
521 543
14 1660 1852 3499
1370 2536 4181
1202 4395 4398
1772 1799 3955
606 2942 3063
453 1020
897 2698 3683
1434 1953
841 1030 1246 2976
310 492 699 2416 2438
1189 1472 1713 2133 3511
64 1076 1271 2081 2963
202 1547 3402
1632 3917 4170
682 4275
47 334 3745
284 3167
351 982 1288 1784 2544
1988 3265 3325
111 1028
908 2223
3180 4233
1256 3155 3830
689 1152 1435 1778
2394 3131
1445 2091 2534
151 4208
455 1547 1917 2704
2051 3175
929 1795 2342 2996 4070
1130 1232 1482 2346 2544 2965
2065 3450
576 3035
1829 3883
1789 3535
2304 3337 4316
459 3406
1455 4171
1070 2325
162 1584 2633 2705 3022
611 2821
695 864 2407
664 1359 1990 2941
756 3139
4 2507 2718
915 2322 2791 3533 4231
249 450 2003 3675
815 1688
810 1488 2315 2645
415 3456
175 3355
264 1459 1940 2280 2674 3122
447 4220
134 309 1798 2149
1078 3190 3214
1643 2376 4077 4335
2247 3033
2068 3479
536 1376 2150 2190
1163 4219
717 1532 3038
2096 2133 2602 3912 3999
2712 3855
1418 3518
1387 3287 3619
1015 2500 2621 3686
1990 2505 3430 3967 4248
1042 2417 3523
1074 1130 2204
27 3803
1006 1256 2552 3648
304 3740
2153 2646 4322
1640 3956 3994
935 1926 3170 3408 3669
520 997 1373 2455 3099 3211 4153
465 2905 3957
576 1716 2019 2949
1468 2190 4039
2805 4129
3770 3907
2898 4073
1640 2105 2172 2677
2539 3378
354 1626 2264 3195
857 1925 3163 3769 4218
517 793
1345 2633 4119
139 1420 1962
313 624 3220
2288 2293
2002 3840
698 1135
254 2647 4002
2312 3529 4292
34 3675
437 1582 2365
706 2682 3819
1835 4083
270 861 2897 3773
1551 4081
498 2813 3359 3430
2120 2357 4213 4217
1466 3065 3375
1584 3281 3503
689 2185 3885 3901
22 1207 2311 2833
1847 2682
3135 3160 3210
336 347 3771 3950
38 3870
3105 3269
29 3228
1458 1605 1612
1460 2989
1036 1308 1757
550 1606
3003 3950 4037
1770 1817 4183
1713 3924 4294
424 2796 3470 3601
818 2579
1394 1502 2601 2788
1232 3343
2931 3943
887 1733 2040 3023 4172
841 2059
1480 4176 4389
264 861 3070 3360
2324 3140 3638
2355 3527
463 2407 3653 4032
654 973 1184 1273
3589 4223
1253 1298 2002
1491 3252 3658
398 923
1329 3682 3735 4437
926 2334
1716 2353 3074 3266 3470
707 2115 2942
715 2185 3888
263 963 4260
137 2767 3636
484 1819
500 1393
1020 2349
55 3926
29 2238 2767
574 2711 2963 3087 3495
149 465 1011 1608
87 124 2350 2540
3506 4027
1281 3864 4335
2079 3241 3299
2618 3191 3397 4008 4028 4307
229 3110
3770 4065
249 2002 3060
539 2005
868 1452 2526 3174
119 2723 4202
2207 2309 3432 3547
2868 3228 3623
806 3222
606 843 1107 1617 2881 3221
81 1455 4045
1796 3271
663 1277
1492 2669 2969
540 3641
470 1714
2443 2724 3425
2151 2831 2972
340 1095 1543 1886 3557
597 703 3958
306 704 1701 1921
81 831 1281 2927 3873
439 608 1153
2557 2774
2057 2770 3496
1363 3659
858 1035 2251 4132
1232 3264 4398
1683 1747
629 2330 2794
872 2432
3201 4104 4318
1207 2647 3347 3436 4224
1132 3251
3527 4199
238 3389
523 1023
2136 2740
1553 1798
648 2477 2765
1497 2869
1212 2801 3597 3794 4427 4430
367 1462 2030 2392
1736 3018 3192 4285
60 1318 1919 3806 4207
933 2730
2050 3214
1172 1911
488 611 2795 3565
721 4060
74 489 1782
1834 3258 3341
1769 2202
726 2223 2671 3282
202 1269 2581
2423 4171 4315
376 1285
1350 3587
641 4285
16 130 2527 4238 4274
486 2982
981 2817 3628
1713 4068
33 1226 2261 4013 4180
1476 2330 2349
2274 2844
632 3946
1037 1147 1570 1688 2235 3027
152 1136 1807 3468 4160
1848 2903
128 4062
131 790 1998 4428
988 3401
149 3563
1478 3711
280 1236
42 2370 3804 3981
661 1995
926 1922 2031 2056 4122
103 1867
836 1071 4209
546 3217
536 675 846 1705 2274 3779 3844 3930
2154 3804
193 761 2964
66 791 1037 1325 1715
1194 2048 3622 4186
1253 2165 2397 2548 4262
724 2764 3779
853 3314 3532 3660 4313
845 1783 2813
2495 2897
476 2506
226 4343
1337 2636
984 1089
3432 3838
657 725
40 2205
256 2275 3129
310 1911 2750 4300
3454 3456 3542 3560 4430
1494 1644 3850
3638 4001
1014 1953
686 1436 2644 3322
411 4261
877 1818 4290
63 947 1642 3203 3895
2027 2850
1278 1597 2381
234 884
578 3025 3212 3974
615 3620
664 2379
241 2942
490 532 911 3638 3803
1534 1950 3132 4291
966 2610 4264
55 1475 1898
804 2490 2868 3311 3850
1142 2293 2328
1363 1593 1830 3755 3926
1153 1870 2720 3325
656 1821 3196
444 1695
1820 2062 2221 2708
2076 3445 3725
281 2623 3777 4235
104 459 3885
1744 2022 3400 3745
28 3296
65 2895
768 820 4122
4093 4354
1422 1772
3509 3732
1196 2811 3468
1656 2519 3773
2579 2758 4361
117 2335 3225
1714 1728 1979 3695
1354 1500 2066 3403
266 328 381 1002 2035 3962
1990 2327
2102 3013 3422
460 3038
2435 3562
2724 4248 4348
459 4245
754 1726 2965
545 796
300 2411 2574
1742 3382
590 1052 2396 3830
307 726 1033
1076 1327
633 963 965 3685
700 1456 2197 2657 3397 3976
969 1231
2521 2771 3960
372 624 663 1524 2241 2480 3846
1415 3696
2795 3070
983 2971 3870 4438
464 1164 2543 2646
1167 3751 3991 4142
103 3859
2023 2937 3133
1813 3907
215 1041 4240
1209 2664 4160 4211
317 3163
294 2376 2957 4047
558 2075 3154 3156
150 4142
1403 1967
824 1754 3654 4362
754 1809 1902 2072 3216 4332
1004 2883 4430
419 1052 1289 2513 2915
1098 1225
148 1771
1947 2325 3079
2572 2906 3653 4052 4398
754 3025 3356
386 2271
115 1402 2747
163 815 3762
2117 3181 4090
2185 2236 3941
700 2427
3512 4376
372 413
932 4118
322 730 844 2699
2535 3420
38 2587 3613 3721 4343
1749 2658 3224 3662
2744 2935
1727 4037
2474 2777 3182
3552 3687
637 988 1823 3168 3185
2460 2509
135 2024
3995 4042
1157 1799 2289 3020
605 1554
605 2773
779 1371 3216 4319
589 1683 3158 3276 3294 3861
1237 2441 3023 3627
2488 3234
3499 3597
146 3427
943 2268 2898
85 1078 2863
872 3039
127 1247 4062
31 673 3852
1694 2007 2071 4377
2578 4310
654 2447
1938 3731 4287
517 2832
1253 2592 2839
1112 2824
1620 3129
531 1800
1418 1963 2436 3465 3742
770 4063
550 3133 3186
2099 3435
828 1542
942 1773 2712 2930
219 3046 4109
805 3095
2012 3099 4266
617 1039 2985 3017
422 1739 2033
46 1213
955 1655 2084
447 3083
289 1625 1755 3885
2483 2566 3354
783 1519 1637 2890 4037
1841 3447
937 2773 3583
3265 4239
2764 3038 3197 3335
3093 3530 3545
2207 3390
594 1077
1967 1993
158 469 1000
115 483 3458
2541 2944 3822
2270 4284
2005 4423
1576 2386
2779 2999
1363 3166
1118 3441 4304
1049 4177
2221 3968
229 467 1675 2517 2586 3850
384 3584 3834
603 4355
207 222 2749
1127 2594 3976 4255
661 867
295 324 1166 2087 3444 4115
2074 2365 2384 2941
455 2738 2878 4042
1322 1607
1358 3242 3662 3687 4009
759 3986 4220
512 839 1955 3755 4357
2277 2284 2561 4065
193 207 1463 1572 3474 4120
889 2718
1606 1857
359 1818 3156
3036 4050
341 3638
1288 2874
3074 3492
1997 3605
4 3076
761 1600
1211 3255 3928
1518 1765 1787 2057 2780
845 1270 4099
412 1240 2453 3501
78 4368
1302 3429
799 3108
3444 4173
2733 2825 3215 3551
592 3158 3276 4094
486 1626 2784
461 1495
114 896 3063 3344 4179
984 3351 3540
1555 2650
3145 4237
1587 3012
776 869 972 2054 2408
204 3004
2548 3164 3516 4310
2359 2408
851 4132
38 1694 1964 3536
2460 3007
12 1380 3032
1609 2942
1508 3891
3007 3865
286 902 2381 3579 3582
232 2094
1582 1656 3186
752 4012 4397
87 4011
115 483 868 904 3384
1124 2969 3664
378 1395 1984 2072 3122 4309
1421 3876
226 3691
439 4263
2260 3785 4084 4275
1506 4228
210 2325 2441
322 2215
1623 4144
724 896 1881 2323 4316
511 2876
707 2685
2032 2440
299 1204 1911 2560
457 900 2282
178 2222 3961 4304 4343
89 3051 3407
2472 4267
38 2659
3095 3536
1666 4204 4346
218 1037 1521 2985 4110
1382 2368 2520
43 320 356 954
42 3229 3586
1467 1894 3056 3184 3440
1052 2419 2630
617 1906 3223
1785 3918
831 2334
651 4077
555 2016
444 792 981
1676 2175
2608 3009 3755
1186 2617
1824 1836 3431
490 630 931 1975 3129 3280
1264 1348 2531 3517
1206 3971
1883 2098 2342 2941
609 2740 3859
3733 3767
1634 3435
123 219 546 1081 1750 2675
317 1639 3097
1527 1610 3434
515 1391 3462
87 1351 1514 4296
1672 3763
546 1000 1150
1398 3601
137 1178 2279
664 1997
680 764 2110 2461 3183
683 1884
198 1118
161 451 484 3559
2116 3006
1159 2000 4309
78 3498
199 438 850 2334 2778 3609 4426
557 917 2901 3209 4008 4220
2146 2608 3923
1127 1449 1792 2693
339 364 2992 3918
3128 3209 3911
506 2192
465 2789 4118
414 1412 2198 2526 2829 3523
914 1722 3603 3796 4260
339 3546
570 1256 3702 3931
2706 4241
216 1665 2381 2562
2007 3424
2812 3237 4210
571 3000 3820
2804 4330
2204 3430
627 2698 3627
1554 1907
101 140 1178 3889
334 1036
226 3560
266 1974
569 3622
1012 2140
979 2040 4020
276 2093 3448 4169
837 3521
1031 1823 2940
336 705 3192 4014
2814 3849
1921 2729
1112 1944
149 781 1893 1997 2495
1016 4121
270 551 763 1192 3404 4297
1383 1827 1861 3015
341 530 3817
2224 2274 3605
1104 2067 2989
697 2666
265 361 1580 3156 4284
3336 4223
2576 2998 3945 4343 4392
1708 2288 3379 3844
133 1937
1240 3644
1094 2925
108 380 2869 4180
784 1620 1991 2884
1557 2862 3430 3943
461 1377 1523 1959
315 970
1307 3692
753 2704 4424
1897 2491 3520 3526
525 2183
542 4232
25 207
917 1311 3611
2050 4208
74 3077 3749
268 1038 1297
17 1735 2228 3611
336 3384
1371 1811
607 1696
391 1686 2000
2128 4298
915 947 1173 2426 3382 3714
2076 2155 2659 4114
3700 4183
1018 1459 1877 3241
936 1015 1037 1855 2337
2051 2796 3467 3571
455 558
298 323 3592 3849
1838 2679
1919 2057 3826
3022 3815
2774 3228
466 1265 1945 3209 4275
687 843 2951 4114
1414 1418 3541 3577
44 1992 2989
646 4158
64 921 1535 2135
59 910 3854
1947 4252
2973 3712
252 1114 1588 1995 2780 3876
596 1213 1242
1138 3513
639 1222 1606
1548 3983
8 926 2922
470 2085
2381 4201
638 1730 2172 3339
2718 4002
1419 3831
1927 2213
1010 1140
17 794 2568
1920 4047
1354 2121 2175 2203
656 3218
54 4142
137 300 703 2371 2812 3844
786 1044 1934 2785 2871 3324
168 185 1687 2573 3585 4318
1397 2186 3498
3304 4366
1941 2777
1346 2004 2062
1258 2518 4333
1612 2242 3878
1824 3123
1243 2647 4005
40 2585
1164 2120 2596 2977 3702
2411 3000 3246
640 1985 2077 2945
992 1140 3263
361 2008
193 502 1674 4174
701 2964
3102 4282
2724 3034
3445 3699
598 679
69 1042
1580 2196
678 4171
970 1002 2447 3804
61 1080 1343 3950 3980
2662 4117
1604 2430 3270
1409 3518
1345 2593
584 966 2141 2448 3466
4160 4189
1117 2393 2485 3353
3384 3778
178 346 1590 4181
1573 4140
1314 1720 4058
1358 4083
679 1287
631 2312
47 830 1445 1569
37 1084 2140 2638 2853
269 1926 4048
1104 2775
460 4251
542 3087
1325 1675 1727 4334
105 459 1340 2897 3598
809 2152 2509
1437 3380
505 1447 2245 2271
279 792
494 657 4013
3127 4325
280 787 2730
2280 4119
1615 2847
227 2134 3315
1296 1544 2865
3102 4150 4305
792 1732 1907 4177
98 612
496 3641
1561 3918
52 94
2527 3141 4081
210 2930 3987 4093
1432 2819 3555 3664
750 834
1429 2116 3048
1856 2500
1591 2307
18 291 862 1747 1822 2422 3310
1714 2109 2453
1364 1379
1836 4228
2812 3248
3593 3651 4287
544 1955 3315
2024 2738
164 4217
2208 3847
1380 3316
1576 2547
162 4176
2060 2796
1997 2494 3963
630 1318
1860 2031 4318
2867 4443
2010 2932 3573 4357
829 3434
766 1501 4002
1802 2707
165 193 458
347 1042
879 1595 3191 3318 3802
1104 4380
292 615 2009 4414
405 1231 1630 3338
671 2264 4302
107 706 1150 1435 2821
446 1213 1938
2010 3259
500 2559 3227
3088 3535 3874
879 905 4329
977 1674 3691 4344
2374 2750 2843 4017
390 2128
1037 2780 2801
1161 4113 4271
2116 2638
732 1722 2372
552 1825
306 955 2901
589 3163
674 3400 4001
1120 1273
112 4114
498 3897 4115
424 3268 3301 3892
1421 3533
1386 1548
3577 3893
2380 2775 3724
233 497 3876
3144 3508 3538
554 1271 1926 2180 2338 3567 4404
66 2163 4226
2023 2151 2203 2823 2880 4085
1422 1682 1785
224 710 2376
770 4297
64 3236 3474 3689
4 248 1463 4152
465 1204 1845 4084 4266 4339
1734 4191
35 897
552 1396
168 1224 1600
122 2598 2611 2805
2621 2989 3892
2443 2695 2998
550 1313 1687 3153
947 4000
162 2708
439 3350 3603
1157 1249 2406 3841
60 1293 3465 3611
288 2283 3936
185 1216
369 597
115 374 1292 4320
755 1715 1900 2039 3184 4058
2886 3051 3336 4096
3444 4433
1432 1882
2700 3338
1593 4369
1775 2831 3661
528 4341
643 1031
125 746 1432 2047 4050 4207
1728 2546
420 2884
101 292 1240 2218 2537 4374
3135 3458
372 659 1461 3052 3190 3837
1277 3335
545 3554
1377 3388
824 1492 2111
410 3949
1799 2553 4176
296 2006 4020
370 1615 2193 4120 4265
818 1889 2691 2993
851 2431 3196
883 2448 2498 3772
1295 1984 3271
1215 2023 2417 3444 3499 3819
1951 3869
221 443 2284 3161 3625
789 3683 3930
1667 1865 2480 3724 3907
415 1011 1202 3995
1347 3316
1377 3341
1395 2948 3265 3987 4077
2226 3474
1155 1795 3826
972 1003
2134 2182 2909
896 3339 3689 3770 3826 4366
49 936 3476
588 1326
3686 4259
2422 3261 3730
292 417
602 862 942
3284 3501 3775
567 2331 3652
1062 2173 2972
164 804
35 537 1575
1225 2199 3039 3334
1349 1928 2696
239 606 2663 3957
421 1780 3016 3730
1687 3425 4009
1014 3725
1262 1583 2167
602 2245 3910
1417 1692
682 1565 2926
725 1607 4125 4330
1471 2688 3844
1408 2036 2332
14 1267
2355 3870
2854 3899 3963
2240 3593
913 2822 3508
782 2519
300 345 2803 3718 4099
3062 3896 4118
2754 3838 4272
598 2003 2686 3115
2280 2336
1501 1641
1513 1849 1940 4390
187 247
568 3700
518 711
1660 2202 3837
134 2795 3747
713 1764 3071
415 3714
90 636 1144 1518 2290 4377
931 1226
1758 3791
2736 3882
167 1298 1527 1806 2129
1640 1732 3279 3766
1010 3773 3846 3911
693 2409 3023 3415
438 3287
1615 2308 2908 2970
4016 4400
77 3389
2889 3013
4112 4202
337 1255 3155
1191 1254
2277 3202 3236
2008 2534
1979 2807
357 1733
2967 3596
1684 3551
1601 1612 2427 2634 3956
104 3336 3660
2624 3057 4067
1946 3145 4079
965 1920 4013
948 3979 3996 4315
1795 4142
999 3036
1107 1160 2110 4138
1630 2570
1831 3033 3254 3286 3536 3651 3817
2569 3472
1709 2034 2216 2329
2031 2304
54 845 1296 3046 3671
836 1177 1785 3188
270 3265
202 387 1213 3783
841 975
2621 3561
1568 2418 3571
1057 1211 1903 3717 4436
1411 4223
1098 2322 2688 3749
270 411
4136 4370
2796 2885 3247 3629
2121 2856 2877
451 2468
2839 3083
1401 4150
918 2526 4411
1099 1399
84 148 1182 2678
1489 3620 3896
509 1299 2991
946 1787 1996 2757
287 2330 4367 4379
792 823 905 1154 1390 4128 4377
708 3115
2571 4404
126 707 3034
2875 3054 4325
1794 3069 3231
1538 3010
430 902
2693 2872 3777
1939 2694 3310 3610 4404
223 1969 3220 3998
790 1098 1626 2337 3159
506 739
152 587 3091 4164
1559 3508
1866 2345 2771 3459
528 570 1367
1942 2020 2180 2307 3427
64 1395 2806
403 3259
1737 2328 3337
1647 3549
697 2360 2436 2458 4207 4276
130 3133
821 2567
1429 3713
3055 4051
1009 3448 3621
458 2514 3405
924 3722
2315 3727
612 645 2802 3191 4216
2511 3253
1516 1938
1527 2147 2716
250 950
851 1367 1372 3968
769 1267 4243
2470 3655 3908
3727 3904
227 2393 3631
311 2236 3378 4240
3690 3864
756 3438
367 2547
378 2839 3476
768 2801 3603
1946 2906
727 2156 2509 3270 4403
490 721 1638
768 1014 2577
5 2312 4205
725 3828 4435
1592 1933
3101 3588
263 2151 4060
375 1367 1660
641 1052
516 2386 2439 2588 4197
354 3376
3145 3598
1054 2419 2834
2089 2968 3815
985 3607
36 3123 3655 4392
1102 1490 1583 1906 3009
396 1350 2928 3115
897 1515 4044
2266 2972
2450 4282
1077 1755
464 2269
2094 2664
521 2498 2718
1334 2693 3912
685 1208 2944 4357
598 1394 3327
1445 3411
789 2815 2995 4407
2686 4066
1472 1632 2853 3460 4153
1919 3286 3952 4376
906 2411
2816 3400 3597
1595 2968 3699 4120
2377 3710
2953 3472
97 1827 1851 3902
176 721 3090
2129 2303
214 1253 1631 2893 2999
1107 2846 3025
1308 1714 3980 4276
1187 4316
1832 4113
603 3550 3893
1191 2037
344 454
1799 2590 3585
342 636 2580 3814
2792 3189
87 1100 4324
318 386 563 1591 3797 4359
9 3804
2787 3240
856 1965 1966 3144 3820
631 1235 3956
2685 3132
2916 3434
3802 4201
439 1561 2351
1132 3887
1349 1439 3594 4355
1616 1923 3546 3601
2747 3297
723 1969
492 998 3937 4034
184 282
2725 2790 2992 4345
3229 3345
906 1356
916 4080
2975 3386 4425
1194 3204 3747 4145 4272
1071 4237
1645 3021
1729 2706
985 2309
358 2839 4254
974 1040 2431
3438 3620 3792
2135 2523
3054 4020
120 497 2488
1410 3022
1122 2188 3499
279 3355 3840
310 2776
143 1739
2095 4377
25 2454 3625
873 3708
1502 2333 3295 4427
40 1936 3338 3602
3693 4092
1462 1850 2438 3423
2545 2721
3358 4348
96 1015 1973 2348 2834
1766 3307 4111
3278 3927
1789 2201
833 3093
151 2950 3154
514 858
261 266 4170
2605 2814
1516 2299
195 2732 3568
2206 2233 2387
870 2455 4061
1565 3129 3600
2522 3016
933 2573
1178 2448
603 632 733 1166 1730 4037 4414
3115 3411 3648
2152 2329 2600
1830 4192
975 2663 3093 3817
369 1536 1899
1150 3495
1749 3275
343 882 2492
572 3641 4202
835 1041
1376 1534 3946
2288 4011
1812 2331 2390 2905
1741 2690 4018 4032 4100
2211 3520
571 1078 1529
