901 1299
604 606 746
100 166 701 811
86 87 651
138 284 648 872
276 326 871
473 664
48 472 654 868
254 316
25 114 649 876
214 693
353 472 731
189 448 589
100 181 454 583
63 677
150 328 691 692
108 300 539
141 269 453 589
531 860
406 583 707 780
259 377 580 873
267 297 311 670
200 269 317 645
205 858
127 515 716 804
78 99 623 692 755
270 629
238 817
652 762
415 765 788
579 791 823
116 189 368
97 158
40 242 753
431 536 889
72 109 697
36 779
235 684
284 376 404
71 98
173 882 886
56 529 691
111 326
7 494
290 619
243 388
231 397 696
57 274
22 435 460 827 882
506 773
11 347 491 675 843
589 609 864
102 304 336
838 848
108 235 273 416 610 773 889
159 684
11 297 402
319 871
396 543 685 855
1 14 286 326 546 645
43 333
244 448 822
75 546
327 399 513
243 683
196 416
698 898
369 849
131 280
118 533 686
199 746
541 703
51 205 464 809
253 284 726
695 799
252 746
103 730
183 563
429 834
112 697 868
180 753
622 781
11 108
25 476 652
201 243 622 878
119 812
13 212 864
3 730
1 476 680
1 203
285 651
196 394 759
193 753 900
122 131 778
207 294 533
218 635
189 735 882
32 64 100 249 563 886
117 598 636
33 164 429 580
129 322 329 469 887
621 691 843 883
6 517 826 896
142 307 309 315
363 684
50 162 205 865
134 849
133 818
17 332 653 724
207 673 689 747 757 788 814
223 321 388 686
466 690
237 277 737 776
312 825
176 191 634
252 374 692
126 226 282 827
538 630
273 759
249 363 769 886
283 352 798
58 594 690 692
403 472 847
254 396 809
195 377
615 652
22 267 305 435 628 643
242 401 499 521 542 731
247 785
215 306
336 675
136 450 621
25 346 491 528
498 743
174 236 582 647
391 626 645
72 207 239 361 370 497 650
197 549 873
39 105 467 684 740
43 436 792 819
281 878
121 207 316 523 611
228 606 622
48 645
163 814 826 890
678 754
226 309 448 592
260 731
73 350 355
145 208 475 697
28 253 595
321 325 408
332 590 657
63 177 670
225 380
168 193 530 690
211 481
179 752 844
382 413
98 400 625
281 416 521
317 396
535 840
34 83 322 545 857
265 328
167 644 660
286 831
47 261 803
178 542
349 414 658 690 834 880
34 369
204 780
93 630 701
37 336 798
21 547
295 523 878
741 868
624 651
196 425 766
876 877
208 353 415 567 816
405 425 587 814
199 349 352 419 577 676 785 863 895
540 684
11 346 614
252 547 740
334 353
419 603
202 683
701 744 861
31 177 352 576 754
20 81 571 692
107 153 463 771
141 184 224
108 188 750
72 659 767
276 699 763 885
168 825
109 392
152 394 510 674
224 313 336 794
32 430 729
474 527
272 282 421
523 592 698
445 646 721
415 881
58 242
42 199 841 867
203 247
57 371
370 398 600
60 265 840
110 446 447 625
386 767 821
380 816
304 401 459 602
431 827
144 246 357 366
241 267 363 466 639 842 858
164 257 557
776 853
672 791
94 753 885
413 527
97 488
154 189 245 637 651 761
489 519 758
803 842
476 498
327 883
431 674
15 158
498 696
367 445 826
123 703
64 65 390 410 428
686 809
56 171 369 639
376 660
544 627 831
479 493 894
96 336 371
98 167 177 274 430 468 528 746
16 75 285 521 531 753
53 769
67 138 243 315 878
129 164 385 853
119 368
149 737 783
425 559 672
241 474 656
297 614 737 881
566 849 892
187 503 778
81 433 615 794
116 376 487
292 740
11 170 790
317 607 900
143 288 446 628
75 83 595 765
376 728
228 387 404 740
24 123 174 830
212 308 400
5 115 700
44 204
172 606
440 523 641 815
60 231 280 694
340 565 750
194 230
336 528
101 678
348 869
785 845
239 305 628
102 728
157 236
56 62 216 337 432 583 798
139 453 500 746 874
80 156 436
133 282
10 478 628
4 356 595
63 177 542 706 812
374 398 571
373 602
114 781 801
383 602 841
35 183 580
15 727
97 117 166 510 537 612 722
89 397 508 675
15 869
33 125 401 566 787
185 211 836 837
626 743
704 755 877
841 872
240 399 531
354 496 627
26 316 894
239 529 549 648
76 191
9 411 592
124 167 195
273 456
216 369 382 512
238 650
349 823
329 374 510 863
393 511 721
408 601
202 350
105 806
90 226 565 885
577 699
42 498 598
22 214 682 735
3 385 406
62 88 160 754 865
84 204
10 135
12 770
415 859
213 363 473
454 477 602
91 565
133 645 882
74 170
388 721
196 581 594
4 119 138 391 726 841
453 556 626 744 786
574 604
279 419
590 667
96 736
406 427
140 541 584 726
123 142 483
32 195 268 522 620 800
186 683
395 500
794 871
500 550
429 515 623 718 815
3 51 650 821
55 846 896
314 410 863
304 381 512
471 833
219 341 680
200 452 539 746
110 323 638 747 844 853 898
445 789
130 135
500 822 847
298 404
2 121 363 873
173 366 896
60 558
515 602 776
223 588 767 838
284 369 765
85 398 472 885
869 885 887
103 318 818 892
74 201 632
81 332
101 779 866
162 235 265 572 614
702 811
99 290 404
801 900
443 717
96 543
10 565
164 604
108 667
210 468 638
34 302 524 550 800 853
113 247
47 318 820
158 214
374 745 889
47 513
482 695 892
13 402 744 789
191 864
401 609 641
107 616 703 732
583 604 632 838
480 737
801 866
56 846
226 627 655 808
24 143 494 883
405 633
516 565 659
46 223 256 809
34 255 862
55 394 741
30 645 841
134 403
415 451
73 290 648 791
158 273 852
338 417 673
734 809
25 509
98 456 840 852
17 58 550 604 720
436 514
281 444 591
139 230 571
289 433 625
386 492 812
245 519 660
702 853
316 412 496 839
335 433 889
442 674
46 489 696 857
249 394 872
54 524 628 811 844
282 563 611 744
32 822 901
42 221
576 614 780 813
298 409 560 831 863
104 694 718
118 563 672
4 825
506 592
294 500 506 548 597 873
243 497 539
178 510
552 728
31 43 157 245
106 411 415 830 857 858
448 698
25 105 376 690
157 578
313 316 768
71 706
36 398 888
190 420
119 568 872
146 515 556 596 789
146 163 207 220 247 277 514 722
74 287
141 220 350 728 762
22 50 129 151 788 898
523 544 799
528 544 663
362 726 804 810
254 848
128 266 313
355 416
164 199 360 384 815
414 436 563 681
449 466 580
136 419
114 424 802
30 190 368
38 257 487 726
389 625
16 139 313
205 606 821
81 128 712 726
565 679
202 216 224
145 344 378
249 268 273
138 505 512 586
312 663 817
37 246 486
8 508
441 461 770
33 490 527 890
55 60 352 852
324 380
221 458 518 835
177 372 622 878
46 100 239
292 487 536 728
477 608
594 740
619 646
219 744 784
567 712
299 399
49 364 899
350 769
331 854
380 621
11 411 449
353 484 526 636
243 865
271 371 597 664 723 725 857
13 560 587
231 252 631
620 639
105 146 450 884
22 430 717
510 568 831
165 169 193 666
283 459 609
217 259 438 450
579 633
40 527
76 438 884
303 845
42 465 709
326 518
730 782
302 357 723
351 508
193 524
405 484
757 768
117 132 566
353 518 543 827
169 643
58 691
452 719
254 391 466
529 712
129 740
75 788
519 620
174 225 305
519 536
505 783
33 479 615
85 651 712
195 281
82 357
250 480 513 601 663 813 854
390 437 493
451 643
61 149 859
524 664 703
186 641 653 694
160 501 553
282 286 682
642 646
5 204
41 818
20 30 84
507 559 613 870
292 337 690
84 515 629 758
17 353 717
53 546
153 587 669
204 649
174 399 604
114 893
317 874
83 309
403 645
105 472
140 453 678 708
13 165
388 469 853
46 385
368 431 613 813
255 356
182 316 702
128 260
264 456
294 559 792
19 382 875 896
26 339 765
105 313 505 595 845 863
73 162 407 832
133 439
142 149 649
6 413
77 162 524 732
275 579 657 758
144 282 479 597 768
674 764
350 813
337 558
50 463 803
43 620 722
148 304
24 176 193 619 663
223 428 584 750
288 453 468 883
481 793
48 605
155 721
73 654
150 458 623
39 177 214 218 864
230 266 307 396 461 473 709
123 216 308 450
494 609
489 659
149 535 818 867
55 168
160 316 768
427 488 564
478 560
490 518
332 553 774
566 702
229 888
382 711
78 101 238 517 736
1 115 416 572
547 724
485 611 664
352 527 585 882
263 319 609 694
8 14
167 472 496 519 610 882
646 751
154 247 482
40 51 343 428
399 779
167 749 819
5 365 659
63 767 886
56 427 633
529 794
34 49 238 280 543 612 686 715
331 339
333 813 829
157 356 580
296 422 823
46 338
111 299 333 462 554 751
665 731 765
274 848
329 467 880
78 280 867
313 570 624 796
37 616
347 391 487 609
343 479 687
60 246 429 846
122 541 880
376 619 673
206 821
150 191 466
505 631 810 821 865
27 434 464 625
136 702
146 794
263 523
181 628
404 428 479 508 722 866
246 475 515 759 770 882
60 454 660
111 177 773
519 576
16 138 721 848
98 426 507 744
203 555 706 878
255 336 425 435
83 540
580 612 641 818
46 181 607
73 807
320 423 703 775
138 189 392 634
77 150 831
50 740
252 447
27 124 132 342 459 542
63 159 490 510
153 791
114 602 662
371 507 604
13 76 378 549
364 829 865
343 707 783
383 713
422 502 609 633
324 721 830
263 351 812
3 48 789
467 537
326 454 570
358 466
343 490 699 780 847
118 529 738
73 222 287 475 646
95 463
47 423 626
25 118 555 759 846 899
36 48 450
330 341 611 793
373 769 810
629 700
231 465 759
219 610 881
56 136 564 817
183 662 741 884
448 666 670 790 860
83 134 820 856
103 663
113 310 319
6 790
77 205 479
146 702
58 166 453 664
24 411 552
30 149 195 610
27 850
579 716
231 259 346 589 785
438 780 892
100 223 337 534
244 283 458 524 649 797
188 322 882
172 236 237 551
172 640
535 578
177 242 579
13 80 730 775
335 350 390
80 425
321 855
212 355
98 191 216 619 723 804
212 653 799 863
179 757
77 743
535 730
218 267 738
541 857
22 144 597 871
507 886
36 68
329 539 736
194 238 526 595 733
752 828
191 471 792
153 322
265 641
16 268 368 430
525 673 679 688
72 825
176 458 553 892
51 140 320 525 819
211 440 621 753
578 885
396 512
59 481 827
126 152 211 865
80 496 603 700
756 845
26 673 683 825
281 303
271 389 467 599 662 706
623 752
368 532
334 355 407 575 900
510 527 632
140 212 455 699 833
31 305 370 474 506
422 462
39 845 847
275 817
249 544
353 408 596
28 219 861
46 333
249 830
57 212 330 866
653 765
11 248 323 420 779 793
545 575 769 874 881
140 170 274 536 739
197 366 396
762 832
174 239 523 648 863
196 633 737
171 195 700 869
104 179 404 559
207 580 897
104 233 783
33 394 477
768 802
495 678 901
699 705 817 866
343 679 878
153 406 621 733
357 816
330 412 490 579 668
230 283
51 58 75 504 763
195 414 469 678
792 859
5 778
79 237
29 43
488 533 664 666 764
285 639
179 205 362 834 884
231 368 629
443 522 788
172 370 540 566 770
474 616 658 865
251 435 486 784
26 189 563 892
87 846
80 507 559
214 709
6 121 197 714
599 682
288 579 717 791
17 221 467 756
816 828
15 321 544
160 425
7 109 664 869
3 85 135 702
76 801
32 183 424 835
603 638
189 813
441 647 854
412 432 537 730 839
79 536 621 723
171 411
157 664
409 634 804
408 809
135 197 213 239 362 853
278 377 401 693
127 342 609
136 883
31 388 626 807
29 137 799
288 768 866
257 467 481 768
82 377 602 659 757
159 340 361 380 700 851
460 802
105 281 827
80 494 793 874
579 630
448 504 696
59 472 799 889
157 866
38 52 283 506
190 258 337
118 208
167 196 690 845
35 203 314 699 843 864 896
489 896
307 388 392
14 330
53 166 194 411 416
295 483
15 207
458 746
141 225 544
567 596 651 726 872
33 380
432 471 609
255 290 634
5 180 276 694
129 487 532
193 339 373 692
123 566 733
135 621 821
76 83 181 269
258 471 522 791
76 307
277 509
198 390 583
242 445 680
146 198 312 317 446 509
294 363 474
43 574 748 816
305 408
543 873
162 435 481
110 256 323 354 824
47 456
257 642
118 466 539
690 794
470 471
674 701
350 421 658 659
25 451 461 891
288 359
251 274 320 361 517
60 102 158 234 404
457 779
130 231
139 295 366 788
46 733
77 105 150 248 257 503 690 879
528 652 765
352 731 806
77 333 459
222 261 550 575
295 543 816
8 558 637 790 854 862
6 126 231
1 292 302 728 769
399 406 650 818
111 230 573
207 370
17 257 860
496 595 673 802
79 125 757
303 460 514 593 799 887
238 623
73 316 498
109 446
347 435 760 884
6 274 699
477 563
18 289 647 735 769
334 596
223 415 804 860
257 364
332 572 790
551 608
117 414 522 557 830
209 420
5 135 323 410
14 32 722
359 792
145 496 740
142 770
511 742
63 286
78 298 627
203 754
366 551
182 662 714
166 422
448 729
197 375 596 722 752
422 756
280 789
39 772
34 54 429 881
510 596
612 862
245 299 366 454 515
5 193
54 80 713
630 716 752
94 732
171 191 258 658
309 424 630 652
345 885
20 267 295 719
352 462
24 135 319
205 359 591
3 152 238 619
10 619 839
176 528 663
9 682
283 436
81 114 290 318 620
302 492 601 652
208 373 422
113 589
129 200 583 767
75 382 574 616 873
204 293
11 414 525 721
155 447
502 754
76 292
359 528
802 853
162 334 470
40 357 404 646
268 583
458 694 826
30 472 566 727 779 892
811 848
74 644 825
55 483 854
138 326 825
63 612 759
355 597 780 810
77 343 625 684 807 845
361 427 428
31 117 448 511
36 462 798 893
128 775
191 881
387 886
350 418 511 691 773
121 702
158 303 386 734
268 339 669 886
51 749
242 774
26 338
627 663 713
225 583 617
73 216 337 889
206 867
397 498 604
214 496 820
149 876
4 146 562
7 183 717
194 294
55 156 398 456
595 791
20 395
66 186 211 266 310 481 758
494 578
190 412
36 283 340 428
237 356 692 741
71 212 240 333 494 689
165 289
540 871
359 854
127 533 874
235 827
54 255 269 673 855
77 192
97 161 615 899
542 880
401 504 785
9 86 895
8 170 449
14 411
135 539 646
207 253
406 839
97 252 313 450
58 174 780
118 172
81 243
534 760
272 429 532
74 200
292 298 582
379 624 869
245 327 432 462 515 895
543 889
147 226 523 622 639 778
109 763
303 382 449
157 194 506
323 507
157 378 647
249 862
307 750
110 658
133 351 356
561 692 807 825
111 546 645
286 628
1 319 659 897
145 374
495 876
149 202 415 770
133 196 810
805 817
111 308 382
385 765
124 149 696
159 204 428 467 830
347 433 527 529 717
477 486 513 584 815
192 258 261 277 519 757
322 412
282 522 671
152 162 225 624 625 846
334 555 854
809 846
104 133 574 736
764 804
345 429 761
224 686 833
24 60 619 694
317 338 523
47 78 123 291 678 683
136 150 242 844
159 327 372 660
283 688
284 370
795 827
578 658 768
420 439 661
30 728
36 277 432 492 527 644
117 829
103 398 769
255 278 771 788
489 840
54 255 620
135 589 864
598 710 789
669 770
229 368 422
277 623
257 314 481 679
74 485
664 749
290 610 759 826
23 49 248
67 208 485 517 595
117 162
288 351 479 743
32 275 335 417 613 616 669
93 485 630
477 497 525
564 701
137 564 754
132 170 189 474 582
70 321 406
489 533 696
559 612
422 433 466
78 602
428 632 800
30 439 543
170 643 840
25 145 168 729 836 850
268 431
190 453 623
308 650 665
139 474 688 790 803
82 243 297 697
489 788
253 268
512 675 816
469 532
312 389 465
3 440 901
134 273 317 873
459 478
159 201 204 593 773
78 491 693
285 688 719
325 615
404 453 632
268 872
152 211 408
354 685 741
698 777
14 121 348
273 294 339 876
222 292 353 568
48 60 108 509 800
8 461
70 245 716
414 758
299 394 667
69 295 768 844
165 441 551
321 338 566 857
261 847
100 381
71 613
275 622 674 858
97 126 634
387 563
113 764
15 87 400
55 82 129 167 303
178 194
625 871
369 407 445
456 610 799
63 70 76 396 477 549
431 795
62 309
129 254 558
236 366 498 526
194 286 471 772
269 569
280 304 375 497 860
629 678 834
370 684 826
285 410 492 582 771
178 203 242 245 403 441 888
229 456 499 781 792 895
5 688
339 511
398 539 659 730 783
282 465 543 642
67 305 784
184 277 476 721
109 370
350 663 871
120 539
332 852
56 169 363 551 683 778
152 427 836
131 334 566 723
175 454
674 680
130 734
481 731 771 807
22 103 262 675 709
122 373 490 601 651 688 782 789 813
84 96
167 172 646
158 361 654 740 790
141 292 809 826
488 620
318 574
438 660 772
550 765
324 672
131 356 892
148 525 592 736
114 273 736 743 871
48 62 175 178
54 139 762
319 567
10 594 634 799
102 126 269
206 294 606 636
525 630 703
170 473 632 871
45 233 334
28 321
205 277 777
436 684 780 789
79 373
33 802
92 860
57 152 377 388 433 652
26 430 780
78 544 849
280 463 733
227 290
102 311
255 279
401 518
517 775
360 804
486 683
197 219 382 825
307 580 693
138 704 774
75 132 174 497 597 854
58 216
185 345 851
128 325 578
322 512 857
184 730
286 441
6 412 726
132 812
284 872
275 627
12 26 201 214 515 583 669
323 679
177 458 723 901
84 478
195 333
301 620
160 194 215 506 534 686 844
533 762
23 654
156 179 854
93 228 435 830
518 734
167 236
560 565
373 439 460 618 694
274 459 887
387 816
32 298 775
216 405 801
83 191 343 417 662
35 81 696
30 481 882
254 483
51 173 400 443 712 826
448 454
54 285 316 370 756
335 338 374 500
441 717
136 238 243 475 684
113 294 308 520 647
3 104 132 224 396 872
71 502 615 624
232 289 436
278 507 525
362 485 833
